JTTC01000001.1	NC_009656.1	100.000	5326191	5326159	33	251819	251851	4.15e-07	62.1	33
JTTC01000001.1	NC_009656.1	100.000	3583926	3583955	30	251819	251848	1.93e-05	56.5	30
JTTC01000010.1	NC_009656.1	98.855	1974940	2044628	69701	1	69694	0.0	1.243e+05	68903
JTTC01000010.1	NC_009656.1	98.795	5325918	5326000	83	54272	54354	8.92e-34	148	82
JTTC01000010.1	NC_009656.1	100.000	2390513	2390589	77	63273	63349	4.15e-32	143	77
JTTC01000010.1	NC_009656.1	100.000	2390514	2390589	76	63565	63640	1.49e-31	141	76
JTTC01000010.1	NC_009656.1	100.000	2002682	2002653	30	27716	27745	5.56e-06	56.5	30
JTTC01000010.1	NC_009656.1	100.000	1038123	1038095	29	69666	69694	2.00e-05	54.7	29
JTTC01000100.1	NC_009656.1	98.485	4150289	4150354	66	5169	5234	2.15e-25	117	65
JTTC01000011.1	NC_009656.1	100.000	2390829	2390752	78	36012	36089	1.02e-32	145	78
JTTC01000011.1	NC_009656.1	100.000	2038284	2038208	77	36092	36168	3.66e-32	143	77
JTTC01000011.1	NC_009656.1	100.000	2038575	2038500	76	36092	36167	1.31e-31	141	76
JTTC01000011.1	NC_009656.1	100.000	2390667	2390592	76	35854	35929	1.31e-31	141	76
JTTC01000011.1	NC_009656.1	98.734	2635974	2635896	79	35854	35932	1.31e-31	141	78
JTTC01000011.1	NC_009656.1	100.000	2635974	2635899	76	36014	36089	1.31e-31	141	76
JTTC01000011.1	NC_009656.1	100.000	5089668	5089635	34	66719	66752	2.93e-08	63.9	34
JTTC01000111.1	NC_009656.1	98.624	6481775	6481122	654	338	991	0.0	1158	645
JTTC01000119.1	NC_009656.1	98.822	2848172	2847579	594	9	602	0.0	1059	587
JTTC01000119.1	NC_009656.1	98.007	6408775	6408174	602	1	602	0.0	1046	590
JTTC01000012.1	NC_009656.1	99.317	5566191	5571733	5560	1	5560	0.0	10041	5522
JTTC01000012.1	NC_009656.1	99.281	4982875	4988417	5560	1	5560	0.0	10030	5520
JTTC01000012.1	NC_009656.1	99.263	812290	806748	5560	1	5560	0.0	10024	5519
JTTC01000012.1	NC_009656.1	99.263	6353427	6358969	5560	1	5560	0.0	10024	5519
JTTC01000013.1	NC_009656.1	100.000	1113485	1113452	34	22347	22380	1.60e-07	63.9	34
JTTC01000013.1	NC_009656.1	100.000	1763165	1763197	33	85360	85392	5.74e-07	62.1	33
JTTC01000013.1	NC_009656.1	100.000	6517439	6517407	33	336622	336654	5.74e-07	62.1	33
JTTC01000013.1	NC_009656.1	100.000	1730770	1730800	31	325865	325895	7.43e-06	58.4	31
JTTC01000013.1	NC_009656.1	100.000	1009457	1009486	30	335941	335970	2.67e-05	56.5	30
JTTC01000013.1	NC_009656.1	100.000	5753091	5753120	30	288028	288057	2.67e-05	56.5	30
JTTC01000013.1	NC_009656.1	100.000	5838935	5838963	29	418085	418113	9.61e-05	54.7	29
JTTC01000131.1	NC_009656.1	99.074	6479612	6479397	216	1	216	1.20e-107	388	214
JTTC01000135.1	NC_009656.1	98.066	6474979	6475340	362	1166	1527	1.42e-180	630	355
JTTC01000014.1	NC_009656.1	98.298	3950769	3950535	235	171	405	7.52e-113	412	231
JTTC01000014.1	NC_009656.1	100.000	6580599	6580569	31	88285	88315	4.06e-06	58.4	31
JTTC01000014.1	NC_009656.1	100.000	3725240	3725269	30	226789	226818	1.46e-05	56.5	30
JTTC01000015.1	NC_009656.1	98.356	4826521	4825792	730	173507	174236	0.0	1282	718
JTTC01000015.1	NC_009656.1	98.087	2429179	2429910	732	173505	174236	0.0	1275	718
JTTC01000015.1	NC_009656.1	98.085	2888466	2887736	731	173506	174236	0.0	1273	717
JTTC01000015.1	NC_009656.1	98.082	2539615	2538886	730	173507	174236	0.0	1271	716
JTTC01000015.1	NC_009656.1	98.082	4368758	4369487	730	173507	174236	0.0	1271	716
JTTC01000015.1	NC_009656.1	98.085	4926632	4925902	731	173507	174236	0.0	1271	717
JTTC01000015.1	NC_009656.1	99.010	4562455	4562757	303	173934	174236	1.94e-152	544	300
JTTC01000015.1	NC_009656.1	98.561	2521339	2521477	139	1	139	6.14e-63	246	137
JTTC01000015.1	NC_009656.1	100.000	21361	21334	28	146156	146183	1.44e-04	52.8	28
JTTC01000016.1	NC_009656.1	98.409	4825286	4826228	943	155384	156326	0.0	1659	928
JTTC01000016.1	NC_009656.1	98.303	2887230	2888172	943	155384	156326	0.0	1653	927
JTTC01000016.1	NC_009656.1	98.199	4925395	4926338	944	155383	156326	0.0	1650	927
JTTC01000016.1	NC_009656.1	98.197	4369993	4369051	943	155384	156326	0.0	1648	926
JTTC01000016.1	NC_009656.1	98.091	2430416	2429474	943	155384	156326	0.0	1642	925
JTTC01000016.1	NC_009656.1	98.091	2538380	2539322	943	155384	156326	0.0	1642	925
JTTC01000016.1	NC_009656.1	98.164	4563267	4562451	817	155380	156196	0.0	1426	802
JTTC01000016.1	NC_009656.1	98.127	2520274	2520967	694	162096	162789	0.0	1210	681
JTTC01000016.1	NC_009656.1	100.000	4728105	4728025	81	85667	85747	4.63e-34	150	81
JTTC01000016.1	NC_009656.1	100.000	4728291	4728212	80	85855	85934	1.66e-33	148	80
JTTC01000016.1	NC_009656.1	100.000	5325827	5325750	78	154549	154626	2.15e-32	145	78
JTTC01000018.1	NC_009656.1	100.000	2917918	2917956	39	32342	32380	4.10e-11	73.1	39
JTTC01000018.1	NC_009656.1	100.000	454850	454882	33	12890	12922	8.87e-08	62.1	33
JTTC01000018.1	NC_009656.1	100.000	1704354	1704385	32	37282	37313	3.19e-07	60.2	32
JTTC01000002.1	NC_009656.1	100.000	879042	879006	37	25694	25730	1.48e-09	69.4	37
JTTC01000002.1	NC_009656.1	100.000	630183	630150	34	172860	172893	6.90e-08	63.9	34
JTTC01000021.1	NC_009656.1	99.748	3175191	3162495	12698	69623	82318	0.0	23268	12666
JTTC01000021.1	NC_009656.1	100.000	1054773	1054741	33	35131	35163	1.70e-07	62.1	33
JTTC01000021.1	NC_009656.1	100.000	1730800	1730770	31	35313	35343	2.20e-06	58.4	31
JTTC01000022.1	NC_009656.1	99.029	1900405	1900200	206	133665	133870	2.99e-100	370	204
JTTC01000022.1	NC_009656.1	100.000	1900404	1900323	82	133475	133556	1.18e-34	152	82
JTTC01000024.1	NC_009656.1	98.340	5536147	5534884	1265	22061	23325	0.0	2218	1244
JTTC01000024.1	NC_009656.1	100.000	111843	111880	38	39326	39363	2.72e-10	71.3	38
JTTC01000024.1	NC_009656.1	100.000	111880	111843	38	45752	45789	2.72e-10	71.3	38
JTTC01000025.1	NC_009656.1	100.000	1054776	1054741	36	46	81	7.79e-11	67.6	36
JTTC01000026.1	NC_009656.1	98.057	5104309	5103126	1184	53457	54640	0.0	2060	1161
JTTC01000026.1	NC_009656.1	99.670	296008	296310	303	1	303	3.08e-156	555	302
JTTC01000026.1	NC_009656.1	100.000	5221132	5221098	35	53457	53491	6.33e-09	65.8	35
JTTC01000027.1	NC_009656.1	98.713	488635	495153	6525	89357	95880	0.0	11577	6441
JTTC01000027.1	NC_009656.1	100.000	5798868	5798839	30	7969	7998	6.11e-06	56.5	30
JTTC01000028.1	NC_009656.1	98.765	2390591	2390671	81	37055	37134	2.34e-32	143	80
JTTC01000028.1	NC_009656.1	100.000	2390752	2390828	77	37056	37132	2.34e-32	143	77
JTTC01000029.1	NC_009656.1	98.165	4562672	4562455	218	1	218	1.21e-104	381	214
JTTC01000003.1	NC_009656.1	98.086	2077963	2078171	209	190897	191105	2.08e-98	364	205
JTTC01000003.1	NC_009656.1	100.000	2078273	2078354	82	191016	191097	1.77e-34	152	82
JTTC01000003.1	NC_009656.1	100.000	6520030	6520059	30	58429	58458	1.42e-05	56.5	30
JTTC01000030.1	NC_009656.1	98.625	4826521	4825286	1236	7333	8567	0.0	2187	1219
JTTC01000030.1	NC_009656.1	98.060	4368757	4369993	1237	7332	8567	0.0	2150	1213
JTTC01000030.1	NC_009656.1	98.393	4562455	4563263	809	7759	8567	0.0	1423	796
JTTC01000030.1	NC_009656.1	99.286	2521339	2521478	140	1	140	1.80e-66	254	139
JTTC01000031.1	NC_009656.1	99.259	139577	139981	405	1	405	0.0	732	402
JTTC01000031.1	NC_009656.1	100.000	3794381	3794409	29	82597	82625	2.14e-05	54.7	29
JTTC01000032.1	NC_009656.1	99.983	6250417	6232487	17931	9940	27870	0.0	33096	17928
JTTC01000032.1	NC_009656.1	99.987	6258565	6250886	7680	192	7871	0.0	14177	7679
JTTC01000032.1	NC_009656.1	100.000	6250889	6250416	474	8887	9360	0.0	876	474
JTTC01000032.1	NC_009656.1	100.000	6231152	6231111	42	27869	27910	6.78e-13	78.7	42
JTTC01000032.1	NC_009656.1	100.000	94238	94210	29	165	193	1.14e-05	54.7	29
JTTC01000035.1	NC_009656.1	100.000	2717949	2717917	33	83178	83210	1.77e-07	62.1	33
JTTC01000035.1	NC_009656.1	100.000	5753123	5753091	33	116287	116319	1.77e-07	62.1	33
JTTC01000035.1	NC_009656.1	100.000	2889342	2889312	31	83180	83210	2.29e-06	58.4	31
JTTC01000037.1	NC_009656.1	100.000	3387614	3387642	29	27402	27430	1.38e-05	54.7	29
JTTC01000039.1	NC_009656.1	98.383	546382	546012	371	1	371	0.0	652	365
JTTC01000039.1	NC_009656.1	100.000	1254881	1254839	43	806	848	1.75e-13	80.5	43
JTTC01000039.1	NC_009656.1	100.000	537623	537655	33	8855	8887	6.34e-08	62.1	33
JTTC01000039.1	NC_009656.1	100.000	509810	509837	28	39698	39725	3.82e-05	52.8	28
JTTC01000040.1	NC_009656.1	100.000	2497689	2497716	28	10835	10862	4.05e-05	52.8	28
JTTC01000041.1	NC_009656.1	100.000	1730768	1730800	33	84895	84927	1.37e-07	62.1	33
JTTC01000041.1	NC_009656.1	100.000	1890531	1890503	29	28115	28143	2.30e-05	54.7	29
JTTC01000042.1	NC_009656.1	99.509	4651442	4602956	48490	108683	157171	0.0	88222	48252
JTTC01000042.1	NC_009656.1	98.994	4601669	4590737	10939	157199	168135	0.0	19584	10829
JTTC01000042.1	NC_009656.1	98.795	2029292	2029210	83	100720	100802	1.72e-33	148	82
JTTC01000042.1	NC_009656.1	98.780	4659389	4659308	82	100892	100973	6.18e-33	147	81
JTTC01000042.1	NC_009656.1	100.000	2370352	2370383	32	100509	100540	8.29e-07	60.2	32
JTTC01000044.1	NC_009656.1	98.333	717831	717949	120	58171	58289	6.53e-52	209	118
JTTC01000044.1	NC_009656.1	100.000	1593807	1593776	32	43	74	6.96e-07	60.2	32
JTTC01000044.1	NC_009656.1	100.000	2889344	2889313	32	43	74	6.96e-07	60.2	32
JTTC01000044.1	NC_009656.1	100.000	2717947	2717918	30	45	74	9.00e-06	56.5	30
JTTC01000044.1	NC_009656.1	100.000	5110423	5110450	28	32593	32620	1.16e-04	52.8	28
JTTC01000045.1	NC_009656.1	99.300	5220942	5204663	16291	107232	123514	0.0	29434	16177
JTTC01000045.1	NC_009656.1	99.366	689324	704476	15153	108362	123514	0.0	27451	15057
JTTC01000045.1	NC_009656.1	100.000	5306028	5305947	82	34621	34702	9.76e-35	152	82
JTTC01000045.1	NC_009656.1	100.000	4659359	4659312	48	15261	15308	7.76e-16	89.8	48
JTTC01000045.1	NC_009656.1	98.000	4573802	4573753	50	15264	15313	2.79e-15	87.9	49
JTTC01000045.1	NC_009656.1	100.000	566142	566114	29	85736	85764	2.83e-05	54.7	29
JTTC01000045.1	NC_009656.1	100.000	4590109	4590081	29	121	149	2.83e-05	54.7	29
JTTC01000045.1	NC_009656.1	100.000	3583927	3583954	28	34709	34736	1.02e-04	52.8	28
JTTC01000047.1	NC_009656.1	98.137	2971839	3014127	42304	42646	84941	0.0	73734	41516
JTTC01000047.1	NC_009656.1	98.276	3019618	3019733	116	97076	97191	2.09e-50	204	114
JTTC01000048.1	NC_009656.1	100.000	2359776	2359743	34	115185	115218	6.51e-08	63.9	34
JTTC01000048.1	NC_009656.1	100.000	3447902	3447875	28	34848	34875	1.41e-04	52.8	28
JTTC01000051.1	NC_009656.1	98.592	5412909	5412979	71	75738	75808	4.05e-27	126	70
JTTC01000051.1	NC_009656.1	100.000	4760165	4760196	32	5708	5739	4.16e-07	60.2	32
JTTC01000052.1	NC_009656.1	98.144	4835927	4827739	8190	17097	25284	0.0	14279	8038
JTTC01000053.1	NC_009656.1	100.000	5270168	5270206	39	107537	107575	1.80e-10	73.1	39
JTTC01000054.1	NC_009656.1	100.000	1054822	1054789	34	40059	40092	3.40e-08	63.9	34
JTTC01000054.1	NC_009656.1	100.000	1054822	1054789	34	39938	39971	3.40e-08	63.9	34
JTTC01000054.1	NC_009656.1	100.000	1699797	1699769	29	32745	32773	2.05e-05	54.7	29
JTTC01000055.1	NC_009656.1	100.000	1181161	1181194	34	38824	38857	2.19e-08	63.9	34
JTTC01000055.1	NC_009656.1	100.000	103451	103479	29	11997	12025	1.32e-05	54.7	29
JTTC01000055.1	NC_009656.1	100.000	2321525	2321497	29	22943	22971	1.32e-05	54.7	29
JTTC01000056.1	NC_009656.1	100.000	6347719	6347752	34	24955	24988	1.65e-08	63.9	34
JTTC01000056.1	NC_009656.1	100.000	1730770	1730800	31	34372	34402	7.67e-07	58.4	31
JTTC01000057.1	NC_009656.1	98.032	2817313	2818378	1067	779	1845	0.0	1853	1046
JTTC01000057.1	NC_009656.1	98.174	2813627	2814062	438	4291	4728	0.0	763	430
JTTC01000057.1	NC_009656.1	98.780	2813011	2813092	82	6206	6287	2.30e-34	147	81
JTTC01000057.1	NC_009656.1	98.718	2831141	2831218	78	6210	6287	3.85e-32	139	77
JTTC01000057.1	NC_009656.1	100.000	56283	56252	32	6213	6244	3.09e-08	60.2	32
JTTC01000057.1	NC_009656.1	100.000	2834562	2834531	32	6213	6244	3.09e-08	60.2	32
JTTC01000057.1	NC_009656.1	100.000	2829745	2829715	31	6213	6243	1.11e-07	58.4	31
JTTC01000058.1	NC_009656.1	98.005	816503	815702	802	44926	45727	0.0	1393	786
JTTC01000006.1	NC_009656.1	98.454	4858307	4852167	6146	212480	218625	0.0	10818	6051
JTTC01000006.1	NC_009656.1	100.000	111842	116192	4351	78247	82597	0.0	8035	4351
JTTC01000006.1	NC_009656.1	100.000	5508623	5509772	1150	83630	84779	0.0	2124	1150
JTTC01000006.1	NC_009656.1	99.711	5512697	5511660	1039	82591	83629	0.0	1901	1036
JTTC01000006.1	NC_009656.1	99.774	5497562	5498446	885	82750	83633	0.0	1622	883
JTTC01000006.1	NC_009656.1	99.688	3860755	3861394	640	87131	87770	0.0	1171	638
JTTC01000006.1	NC_009656.1	100.000	116188	116354	167	89122	89288	9.69e-82	309	167
JTTC01000006.1	NC_009656.1	100.000	1203654	1203622	33	197833	197865	3.00e-07	62.1	33
JTTC01000061.1	NC_009656.1	98.008	815702	831863	16163	1	16162	0.0	28062	15841
JTTC01000064.1	NC_009656.1	100.000	3927006	3926978	29	37025	37053	2.24e-05	54.7	29
JTTC01000065.1	NC_009656.1	100.000	6397271	6397298	28	52678	52705	5.77e-05	52.8	28
JTTC01000007.1	NC_009656.1	100.000	377668	377639	30	170225	170254	1.29e-05	56.5	30
JTTC01000007.1	NC_009656.1	100.000	857764	857792	29	139682	139710	4.63e-05	54.7	29
JTTC01000074.1	NC_009656.1	98.846	2814146	2813627	520	31881	32400	0.0	928	514
JTTC01000074.1	NC_009656.1	98.095	56284	56180	105	32544	32648	9.15e-45	183	103
JTTC01000074.1	NC_009656.1	98.095	2834563	2834459	105	32544	32648	9.15e-45	183	103
JTTC01000074.1	NC_009656.1	100.000	2813018	2813049	32	32545	32576	1.61e-07	60.2	32
JTTC01000074.1	NC_009656.1	100.000	2831144	2831175	32	32545	32576	1.61e-07	60.2	32
JTTC01000074.1	NC_009656.1	100.000	56253	56283	31	31829	31859	5.78e-07	58.4	31
JTTC01000074.1	NC_009656.1	100.000	2834532	2834562	31	31829	31859	5.78e-07	58.4	31
JTTC01000075.1	NC_009656.1	98.723	2823703	2824955	1253	3793	5045	0.0	2226	1237
JTTC01000075.1	NC_009656.1	98.793	2810852	2812094	1243	3793	5035	0.0	2213	1228
JTTC01000075.1	NC_009656.1	99.038	2826699	2826802	104	5875	5978	2.21e-46	187	103
JTTC01000075.1	NC_009656.1	100.000	2834533	2834565	33	7043	7075	1.40e-08	62.1	33
JTTC01000075.1	NC_009656.1	100.000	56254	56285	32	8610	8641	5.03e-08	60.2	32
JTTC01000075.1	NC_009656.1	100.000	2834562	2834531	32	6849	6880	5.03e-08	60.2	32
JTTC01000075.1	NC_009656.1	100.000	2834533	2834564	32	8610	8641	5.03e-08	60.2	32
JTTC01000075.1	NC_009656.1	100.000	2829745	2829715	31	6849	6879	1.81e-07	58.4	31
JTTC01000075.1	NC_009656.1	100.000	2829745	2829715	31	5984	6014	1.81e-07	58.4	31
JTTC01000076.1	NC_009656.1	98.555	2829752	2831135	1384	790	2172	0.0	2444	1364
JTTC01000076.1	NC_009656.1	98.701	2813011	2813240	231	2752	2982	1.26e-113	409	228
JTTC01000076.1	NC_009656.1	98.696	2831137	2831366	230	2753	2982	1.26e-113	409	227
JTTC01000076.1	NC_009656.1	99.115	55486	55711	226	2757	2982	4.52e-113	407	224
JTTC01000076.1	NC_009656.1	100.000	56283	56252	32	2760	2791	1.46e-08	60.2	32
JTTC01000076.1	NC_009656.1	100.000	2834562	2834531	32	2760	2791	1.46e-08	60.2	32
JTTC01000076.1	NC_009656.1	100.000	2829745	2829715	31	2760	2790	5.24e-08	58.4	31
JTTC01000077.1	NC_009656.1	100.000	2829745	2829715	31	3426	3456	8.46e-08	58.4	31
JTTC01000078.1	NC_009656.1	98.268	2549873	2539655	10221	116831	127049	0.0	17891	10044
JTTC01000078.1	NC_009656.1	98.333	2888466	2888407	60	127734	127793	7.98e-21	106	59
JTTC01000078.1	NC_009656.1	98.305	4368758	4368816	59	127735	127793	2.87e-20	104	58
JTTC01000078.1	NC_009656.1	98.305	4826521	4826463	59	127735	127793	2.87e-20	104	58
JTTC01000078.1	NC_009656.1	98.305	4926632	4926574	59	127735	127793	2.87e-20	104	58
JTTC01000079.1	NC_009656.1	99.012	139981	139577	405	3404	3808	0.0	726	401
JTTC01000008.1	NC_009656.1	100.000	1054741	1054776	36	108569	108604	3.21e-09	67.6	36
JTTC01000008.1	NC_009656.1	100.000	454851	454884	34	108376	108409	4.15e-08	63.9	34
JTTC01000008.1	NC_009656.1	100.000	1593808	1593776	33	108807	108839	1.49e-07	62.1	33
JTTC01000008.1	NC_009656.1	100.000	2889345	2889313	33	108807	108839	1.49e-07	62.1	33
JTTC01000008.1	NC_009656.1	100.000	2717947	2717918	30	108810	108839	6.94e-06	56.5	30
JTTC01000008.1	NC_009656.1	100.000	5169524	5169553	30	1601	1630	6.94e-06	56.5	30
JTTC01000086.1	NC_009656.1	98.411	2828196	2829452	1259	1	1259	0.0	2213	1239
JTTC01000089.1	NC_009656.1	99.219	2833853	2833980	128	110	237	1.64e-60	231	127
JTTC01000089.1	NC_009656.1	99.048	56180	56284	105	1	105	1.00e-47	189	104
JTTC01000089.1	NC_009656.1	99.048	2834459	2834563	105	1	105	1.00e-47	189	104
JTTC01000089.1	NC_009656.1	98.750	2813013	2813092	80	1604	1683	7.89e-34	143	79
JTTC01000089.1	NC_009656.1	100.000	56283	56252	32	1609	1640	8.18e-09	60.2	32
JTTC01000089.1	NC_009656.1	100.000	2813049	2813018	32	73	104	8.18e-09	60.2	32
JTTC01000089.1	NC_009656.1	100.000	2829715	2829746	32	74	105	8.18e-09	60.2	32
JTTC01000089.1	NC_009656.1	100.000	2831175	2831144	32	73	104	8.18e-09	60.2	32
JTTC01000089.1	NC_009656.1	100.000	2834562	2834531	32	1609	1640	8.18e-09	60.2	32
JTTC01000089.1	NC_009656.1	100.000	2829745	2829715	31	1609	1639	2.94e-08	58.4	31
JTTC01000091.1	NC_009656.1	100.000	5674245	5674214	32	1250	1281	2.12e-07	60.2	32
JTTC01000094.1	NC_009656.1	100.000	207193	207158	36	26035	26070	1.34e-09	67.6	36
JTTC01000094.1	NC_009656.1	100.000	5782646	5782615	32	39119	39150	2.24e-07	60.2	32
JTTC01000094.1	NC_009656.1	100.000	4275878	4275848	31	26037	26067	8.06e-07	58.4	31
JTTC01000095.1	NC_009656.1	99.167	2823110	2822751	360	1	360	0.0	649	357
JTTC01000096.1	NC_009656.1	99.001	2822580	2821180	1401	188	1587	0.0	2508	1387
JTTC01000096.1	NC_009656.1	98.964	50599	50407	193	1	193	6.05e-95	346	191
JTTC01000096.1	NC_009656.1	98.964	2809766	2809574	193	1	193	6.05e-95	346	191
JTTC01000096.1	NC_009656.1	98.387	50151	49966	186	188	373	2.19e-89	327	183
JTTC01000096.1	NC_009656.1	98.387	2809318	2809133	186	188	373	2.19e-89	327	183
JTTC01000096.1	NC_009656.1	100.000	2813018	2813049	32	1594	1625	8.83e-09	60.2	32
JTTC01000096.1	NC_009656.1	100.000	2829746	2829715	32	1593	1624	8.83e-09	60.2	32
JTTC01000096.1	NC_009656.1	100.000	2831144	2831175	32	1594	1625	8.83e-09	60.2	32
JTTC01000097.1	NC_009656.1	100.000	2819293	2819327	35	664	698	2.03e-10	65.8	35
JTTC01000099.1	NC_009656.1	98.204	2824945	2824612	334	2131	2464	1.61e-166	584	328
JTTC01000099.1	NC_009656.1	100.000	4368816	4368757	60	1	60	3.27e-24	111	60
JTTC01000099.1	NC_009656.1	98.413	2888407	2888468	63	1	63	1.18e-23	110	62
JTTC01000099.1	NC_009656.1	100.000	4826463	4826521	59	1	59	1.18e-23	110	59
JTTC01000099.1	NC_009656.1	100.000	4926574	4926632	59	1	59	1.18e-23	110	59
JTTC01000099.1	NC_009656.1	98.333	2539557	2539616	60	1	60	1.52e-22	106	59
JTTC01000099.1	NC_009656.1	98.305	2429239	2429181	59	1	59	5.48e-22	104	58
JTTC01000099.1	NC_009656.1	100.000	56285	56252	34	285	318	9.30e-10	63.9	34
JTTC01000099.1	NC_009656.1	100.000	2834564	2834531	34	285	318	9.30e-10	63.9	34
JTTC01000099.1	NC_009656.1	100.000	2813018	2813050	33	287	319	3.34e-09	62.1	33
JTTC01000099.1	NC_009656.1	100.000	2831144	2831176	33	287	319	3.34e-09	62.1	33
JTTC01000099.1	NC_009656.1	100.000	2829715	2829745	31	1431	1461	4.33e-08	58.4	31
