NZ_CAADND010000001.1	NC_009656.1	100.000	1699769	1699797	29	4452	4480	1.09e-06	54.7	29
NZ_CAADND010000003.1	NC_009656.1	100.000	1262272	1262302	31	1	31	2.06e-07	58.4	31
NZ_CAADND010000004.1	NC_009656.1	99.990	6234939	6245413	10475	1	10475	0.0	19339	10474
NZ_CAADND010000005.1	NC_009656.1	100.000	3794409	3794381	29	10813	10841	1.11e-05	54.7	29
NZ_CAADND010000006.1	NC_009656.1	100.000	3447875	3447902	28	26869	26896	2.22e-05	52.8	28
NZ_CAADND010000017.1	NC_009656.1	100.000	2882601	2882630	30	12146	12175	7.75e-07	56.5	30
NZ_CAADND010000019.1	NC_009656.1	99.987	6258565	6250886	7680	31	7710	0.0	14177	7679
NZ_CAADND010000019.1	NC_009656.1	100.000	6250889	6250416	474	8726	9199	0.0	876	474
NZ_CAADND010000019.1	NC_009656.1	100.000	6250417	6250105	313	9779	10091	3.08e-164	579	313
NZ_CAADND010000019.1	NC_009656.1	100.000	94238	94210	29	4	32	2.31e-06	54.7	29
NZ_CAADND010000022.1	NC_009656.1	100.000	3582546	3582517	30	22671	22700	1.45e-06	56.5	30
NZ_CAADND010000026.1	NC_009656.1	100.000	1254881	1254852	30	26189	26218	1.67e-06	56.5	30
NZ_CAADND010000034.1	NC_009656.1	98.387	488635	492100	3472	3216	6686	0.0	6095	3416
NZ_CAADND010000034.1	NC_009656.1	98.029	478431	481626	3196	1	3196	0.0	5553	3133
NZ_CAADND010000034.1	NC_009656.1	100.000	1791551	1791580	30	1	30	4.25e-07	56.5	30
NZ_CAADND010000036.1	NC_009656.1	98.134	5501874	5501607	268	7403	7670	5.28e-131	468	263
NZ_CAADND010000039.1	NC_009656.1	98.931	4650227	4651442	1216	1	1215	0.0	2172	1203
NZ_CAADND010000042.1	NC_009656.1	100.000	2078354	2078326	29	21122	21150	4.84e-06	54.7	29
NZ_CAADND010000049.1	NC_009656.1	100.000	2889318	2889345	28	1	28	4.70e-06	52.8	28
NZ_CAADND010000050.1	NC_009656.1	100.000	3447902	3447875	28	24044	24071	1.98e-05	52.8	28
NZ_CAADND010000052.1	NC_009656.1	100.000	5831055	5831026	30	1	30	1.43e-06	56.5	30
NZ_CAADND010000054.1	NC_009656.1	100.000	1567269	1567298	30	9115	9144	5.81e-07	56.5	30
NZ_CAADND010000054.1	NC_009656.1	100.000	5753094	5753123	30	1	30	5.81e-07	56.5	30
NZ_CAADND010000059.1	NC_009656.1	100.000	2414407	2414378	30	1992	2021	6.03e-07	56.5	30
NZ_CAADND010000064.1	NC_009656.1	100.000	5497562	5497591	30	15020	15049	9.58e-07	56.5	30
NZ_CAADND010000064.1	NC_009656.1	100.000	5512539	5512510	30	15020	15049	9.58e-07	56.5	30
NZ_CAADND010000064.1	NC_009656.1	100.000	5497590	5497562	29	1	29	3.45e-06	54.7	29
NZ_CAADND010000064.1	NC_009656.1	100.000	5512511	5512539	29	1	29	3.45e-06	54.7	29
NZ_CAADND010000066.1	NC_009656.1	100.000	103479	103451	29	6705	6733	2.35e-06	54.7	29
NZ_CAADND010000067.1	NC_009656.1	100.000	2768330	2768302	29	1	29	1.49e-05	54.7	29
NZ_CAADND010000068.1	NC_009656.1	98.057	5104309	5103126	1184	4749	5932	0.0	2060	1161
NZ_CAADND010000068.1	NC_009656.1	100.000	5221132	5221098	35	4749	4783	1.17e-09	65.8	35
NZ_CAADND010000076.1	NC_009656.1	100.000	139952	139981	30	1	30	7.71e-07	56.5	30
NZ_CAADND010000078.1	NC_009656.1	100.000	5800062	5800091	30	1	30	1.36e-06	56.5	30
NZ_CAADND010000078.1	NC_009656.1	100.000	6517436	6517407	30	1	30	1.36e-06	56.5	30
NZ_CAADND010000079.1	NC_009656.1	100.000	4111448	4111419	30	8397	8426	5.36e-07	56.5	30
NZ_CAADND010000080.1	NC_009656.1	99.922	5566425	5568993	2569	1	2569	0.0	4734	2567
NZ_CAADND010000080.1	NC_009656.1	99.883	6353661	6356229	2569	1	2569	0.0	4728	2566
NZ_CAADND010000080.1	NC_009656.1	99.844	812056	809488	2569	1	2569	0.0	4723	2565
NZ_CAADND010000080.1	NC_009656.1	99.844	4983109	4985677	2569	1	2569	0.0	4723	2565
NZ_CAADND010000081.1	NC_009656.1	100.000	630183	630154	30	10831	10860	6.91e-07	56.5	30
NZ_CAADND010000084.1	NC_009656.1	100.000	2002682	1982172	20511	1	20511	0.0	37877	20511
NZ_CAADND010000084.1	NC_009656.1	100.000	2002653	2002682	30	1	30	1.31e-06	56.5	30
NZ_CAADND010000085.1	NC_009656.1	100.000	878961	878990	30	1	30	2.43e-06	56.5	30
NZ_CAADND010000085.1	NC_009656.1	100.000	3966447	3966418	30	38156	38185	2.43e-06	56.5	30
NZ_CAADND010000085.1	NC_009656.1	100.000	1593803	1593776	28	1	28	3.15e-05	52.8	28
NZ_CAADND010000085.1	NC_009656.1	100.000	2717945	2717918	28	1	28	3.15e-05	52.8	28
NZ_CAADND010000085.1	NC_009656.1	100.000	2889340	2889313	28	1	28	3.15e-05	52.8	28
NZ_CAADND010000085.1	NC_009656.1	100.000	5110423	5110450	28	32547	32574	3.15e-05	52.8	28
NZ_CAADND010000086.1	NC_009656.1	100.000	1203654	1203622	33	9134	9166	3.18e-08	62.1	33
NZ_CAADND010000088.1	NC_009656.1	100.000	1900375	1900404	30	1	30	9.94e-07	56.5	30
NZ_CAADND010000092.1	NC_009656.1	99.722	699254	692781	6474	1	6474	0.0	11856	6456
NZ_CAADND010000092.1	NC_009656.1	99.629	5209885	5216358	6474	1	6474	0.0	11823	6450
NZ_CAADND010000095.1	NC_009656.1	100.000	3927006	3926978	29	1555	1583	2.62e-06	54.7	29
NZ_CAADND010000097.1	NC_009656.1	100.000	5497562	5497590	29	11786	11814	2.70e-06	54.7	29
NZ_CAADND010000099.1	NC_009656.1	100.000	6397298	6397271	28	17244	17271	2.18e-05	52.8	28
NZ_CAADND010000107.1	NC_009656.1	100.000	3631511	3631481	31	20264	20294	3.59e-07	58.4	31
NZ_CAADND010000108.1	NC_009656.1	100.000	137377	137405	29	528	556	1.22e-07	54.7	29
NZ_CAADND010000108.1	NC_009656.1	100.000	137405	137377	29	1	29	1.22e-07	54.7	29
NZ_CAADND010000111.1	NC_009656.1	99.749	6259436	6263014	3585	28	3612	0.0	6565	3576
NZ_CAADND010000114.1	NC_009656.1	100.000	2497716	2497689	28	25433	25460	2.40e-05	52.8	28
NZ_CAADND010000115.1	NC_009656.1	99.518	808870	809492	623	5	627	0.0	1134	620
NZ_CAADND010000115.1	NC_009656.1	99.518	4986295	4985673	623	5	627	0.0	1134	620
NZ_CAADND010000115.1	NC_009656.1	99.518	5569611	5568989	623	5	627	0.0	1134	620
NZ_CAADND010000115.1	NC_009656.1	99.518	6356847	6356225	623	5	627	0.0	1134	620
NZ_CAADND010000116.1	NC_009656.1	100.000	5326191	5326160	32	39768	39799	1.96e-07	60.2	32
NZ_CAADND010000116.1	NC_009656.1	100.000	3583926	3583955	30	39768	39797	2.54e-06	56.5	30
NZ_CAADND010000116.1	NC_009656.1	100.000	5295054	5295027	28	39769	39796	3.28e-05	52.8	28
NZ_CAADND010000118.1	NC_009656.1	98.132	4827739	4835927	8190	515	8702	0.0	14273	8037
NZ_CAADND010000120.1	NC_009656.1	100.000	4728076	4728105	30	1	30	9.78e-07	56.5	30
NZ_CAADND010000120.1	NC_009656.1	100.000	5587600	5587627	28	15339	15366	1.27e-05	52.8	28
NZ_CAADND010000122.1	NC_009656.1	100.000	3038642	3038685	44	1	44	7.00e-15	82.4	44
NZ_CAADND010000124.1	NC_009656.1	100.000	879009	879038	30	1	30	1.77e-06	56.5	30
NZ_CAADND010000124.1	NC_009656.1	100.000	1054744	1054773	30	1	30	1.77e-06	56.5	30
NZ_CAADND010000128.1	NC_009656.1	98.555	2831135	2829752	1384	20	1402	0.0	2444	1364
NZ_CAADND010000131.1	NC_009656.1	100.000	5089660	5089631	30	1	30	1.31e-06	56.5	30
NZ_CAADND010000137.1	NC_009656.1	100.000	6234968	6232487	2482	1	2482	0.0	4584	2482
NZ_CAADND010000137.1	NC_009656.1	100.000	6228622	6227721	902	8946	9847	0.0	1666	902
NZ_CAADND010000137.1	NC_009656.1	100.000	6231152	6231111	42	2481	2522	1.34e-13	78.7	42
NZ_CAADND010000139.1	NC_009656.1	100.000	762796	762767	30	11246	11275	7.17e-07	56.5	30
NZ_CAADND010000140.1	NC_009656.1	100.000	1113456	1113485	30	1	30	7.93e-07	56.5	30
NZ_CAADND010000143.1	NC_009656.1	100.000	525205	525172	34	1	34	9.32e-09	63.9	34
NZ_CAADND010000143.1	NC_009656.1	100.000	509810	509837	28	17911	17938	2.02e-05	52.8	28
NZ_CAADND010000144.1	NC_009656.1	98.485	4150289	4150354	66	5062	5127	2.12e-25	117	65
NZ_CAADND010000149.1	NC_009656.1	99.038	2826699	2826802	104	914	1017	2.22e-47	187	103
NZ_CAADND010000150.1	NC_009656.1	100.000	5089635	5089664	30	10852	10881	6.92e-07	56.5	30
NZ_CAADND010000151.1	NC_009656.1	100.000	5089639	5089668	30	1	30	6.78e-07	56.5	30
NZ_CAADND010000152.1	NC_009656.1	100.000	1934683	1934655	29	6917	6945	1.59e-06	54.7	29
NZ_CAADND010000154.1	NC_009656.1	98.607	709895	708963	933	1	933	0.0	1652	920
NZ_CAADND010000154.1	NC_009656.1	98.607	5199244	5200176	933	1	933	0.0	1652	920
NZ_CAADND010000163.1	NC_009656.1	100.000	2892874	2892845	30	1	30	6.48e-07	56.5	30
NZ_CAADND010000164.1	NC_009656.1	98.035	830998	816442	14558	1	14557	0.0	25298	14272
NZ_CAADND010000167.1	NC_009656.1	100.000	4369994	4369964	31	40627	40657	7.20e-07	58.4	31
NZ_CAADND010000167.1	NC_009656.1	100.000	6228620	6228650	31	40627	40657	7.20e-07	58.4	31
NZ_CAADND010000167.1	NC_009656.1	100.000	2430416	2430387	30	40628	40657	2.59e-06	56.5	30
NZ_CAADND010000167.1	NC_009656.1	100.000	2538380	2538409	30	40628	40657	2.59e-06	56.5	30
NZ_CAADND010000167.1	NC_009656.1	100.000	4563263	4563234	30	40628	40657	2.59e-06	56.5	30
NZ_CAADND010000167.1	NC_009656.1	100.000	4925396	4925425	30	40628	40657	2.59e-06	56.5	30
NZ_CAADND010000175.1	NC_009656.1	100.000	3725240	3725269	30	12261	12290	7.82e-07	56.5	30
NZ_CAADND010000179.1	NC_009656.1	100.000	5397294	5397323	30	2351	2380	1.50e-07	56.5	30
NZ_CAADND010000188.1	NC_009656.1	100.000	2012075	2002653	9423	1	9423	0.0	17402	9423
NZ_CAADND010000188.1	NC_009656.1	100.000	2002653	2002682	30	9394	9423	5.99e-07	56.5	30
NZ_CAADND010000189.1	NC_009656.1	100.000	2917956	2917918	39	1322	1360	2.40e-12	73.1	39
NZ_CAADND010000189.1	NC_009656.1	100.000	865996	865967	30	1	30	2.42e-07	56.5	30
NZ_CAADND010000193.1	NC_009656.1	100.000	139984	139956	29	8472	8500	1.94e-06	54.7	29
NZ_CAADND010000194.1	NC_009656.1	100.000	4926634	4926604	31	12415	12445	2.20e-07	58.4	31
NZ_CAADND010000194.1	NC_009656.1	100.000	4826522	4826493	30	12416	12445	7.92e-07	56.5	30
NZ_CAADND010000194.1	NC_009656.1	100.000	2888465	2888437	29	12417	12445	2.85e-06	54.7	29
NZ_CAADND010000194.1	NC_009656.1	100.000	4368758	4368786	29	12417	12445	2.85e-06	54.7	29
NZ_CAADND010000202.1	NC_009656.1	100.000	122609	122579	31	28081	28111	4.98e-07	58.4	31
NZ_CAADND010000202.1	NC_009656.1	100.000	116355	116383	29	28083	28111	6.44e-06	54.7	29
NZ_CAADND010000203.1	NC_009656.1	100.000	2390828	2390799	30	12153	12182	7.75e-07	56.5	30
NZ_CAADND010000204.1	NC_009656.1	100.000	381450	381421	30	20791	20820	1.33e-06	56.5	30
NZ_CAADND010000205.1	NC_009656.1	100.000	1181194	1181161	34	18499	18532	8.28e-09	63.9	34
NZ_CAADND010000207.1	NC_009656.1	98.452	2539655	2548636	8982	715	9696	0.0	15817	8843
NZ_CAADND010000207.1	NC_009656.1	100.000	2888437	2888466	30	1	30	6.17e-07	56.5	30
NZ_CAADND010000207.1	NC_009656.1	100.000	4368786	4368758	29	1	29	2.22e-06	54.7	29
NZ_CAADND010000207.1	NC_009656.1	100.000	4826493	4826521	29	1	29	2.22e-06	54.7	29
NZ_CAADND010000207.1	NC_009656.1	100.000	4926604	4926632	29	1	29	2.22e-06	54.7	29
NZ_CAADND010000209.1	NC_009656.1	99.118	4630107	4621722	8389	1	8389	0.0	15079	8315
NZ_CAADND010000211.1	NC_009656.1	100.000	2343611	2343639	29	1	29	2.36e-07	54.7	29
NZ_CAADND010000223.1	NC_009656.1	99.887	4649358	4646714	2645	1	2645	0.0	4868	2642
NZ_CAADND010000224.1	NC_009656.1	100.000	4775712	4775739	28	15355	15382	1.27e-05	52.8	28
NZ_CAADND010000225.1	NC_009656.1	100.000	1763197	1763165	33	316	348	1.32e-08	62.1	33
NZ_CAADND010000230.1	NC_009656.1	100.000	540811	540782	30	1703	1732	1.09e-07	56.5	30
NZ_CAADND010000237.1	NC_009656.1	100.000	4368757	4368786	30	7223	7252	4.61e-07	56.5	30
NZ_CAADND010000237.1	NC_009656.1	100.000	2888465	2888437	29	7224	7252	1.66e-06	54.7	29
NZ_CAADND010000237.1	NC_009656.1	100.000	4826521	4826493	29	7224	7252	1.66e-06	54.7	29
NZ_CAADND010000237.1	NC_009656.1	100.000	4926632	4926604	29	7224	7252	1.66e-06	54.7	29
NZ_CAADND010000238.1	NC_009656.1	100.000	139953	139982	30	1	30	9.15e-07	56.5	30
NZ_CAADND010000238.1	NC_009656.1	100.000	4563265	4563236	30	14350	14379	9.15e-07	56.5	30
NZ_CAADND010000238.1	NC_009656.1	100.000	2538379	2538407	29	14351	14379	3.29e-06	54.7	29
NZ_CAADND010000238.1	NC_009656.1	100.000	2430416	2430389	28	14352	14379	1.18e-05	52.8	28
NZ_CAADND010000238.1	NC_009656.1	100.000	2887230	2887257	28	14352	14379	1.18e-05	52.8	28
NZ_CAADND010000238.1	NC_009656.1	100.000	4369993	4369966	28	14352	14379	1.18e-05	52.8	28
NZ_CAADND010000238.1	NC_009656.1	100.000	4825286	4825313	28	14352	14379	1.18e-05	52.8	28
NZ_CAADND010000238.1	NC_009656.1	100.000	4925396	4925423	28	14352	14379	1.18e-05	52.8	28
NZ_CAADND010000238.1	NC_009656.1	100.000	6228621	6228648	28	14352	14379	1.18e-05	52.8	28
NZ_CAADND010000242.1	NC_009656.1	100.000	1593780	1593807	28	1	28	2.38e-05	52.8	28
NZ_CAADND010000242.1	NC_009656.1	100.000	2889317	2889344	28	1	28	2.38e-05	52.8	28
NZ_CAADND010000244.1	NC_009656.1	99.806	113790	114305	516	1	516	0.0	948	515
NZ_CAADND010000255.1	NC_009656.1	98.671	2973430	2988248	14820	1	14819	0.0	26275	14623
NZ_CAADND010000259.1	NC_009656.1	100.000	537655	537623	33	4028	4060	9.84e-09	62.1	33
NZ_CAADND010000264.1	NC_009656.1	100.000	4278405	4278434	30	1	30	5.37e-07	56.5	30
NZ_CAADND010000270.1	NC_009656.1	100.000	4728239	4728212	28	1	28	8.71e-06	52.8	28
NZ_CAADND010000271.1	NC_009656.1	100.000	5838963	5838935	29	830	858	1.32e-06	54.7	29
NZ_CAADND010000273.1	NC_009656.1	98.620	216112	218358	2247	28818	31064	0.0	3978	2216
NZ_CAADND010000276.1	NC_009656.1	100.000	3934846	3934817	30	1	30	4.96e-07	56.5	30
NZ_CAADND010000281.1	NC_009656.1	100.000	6298955	6298926	30	8419	8448	5.37e-07	56.5	30
NZ_CAADND010000286.1	NC_009656.1	99.091	495159	492079	3081	1	3081	0.0	5535	3053
NZ_CAADND010000287.1	NC_009656.1	100.000	5528464	5528435	30	4202	4231	2.68e-07	56.5	30
NZ_CAADND010000288.1	NC_009656.1	98.220	1293818	1296794	2977	7755	10731	0.0	5204	2924
NZ_CAADND010000297.1	NC_009656.1	100.000	3189912	3189883	30	12707	12736	8.11e-07	56.5	30
NZ_CAADND010000304.1	NC_009656.1	98.107	400179	397222	2958	1	2958	0.0	5153	2902
NZ_CAADND010000311.1	NC_009656.1	99.372	4603271	4621751	18481	1	18481	0.0	33486	18365
NZ_CAADND010000315.1	NC_009656.1	99.596	5220678	5216473	4212	1	4212	0.0	7679	4195
NZ_CAADND010000322.1	NC_009656.1	100.000	1593780	1593807	28	1	28	1.47e-05	52.8	28
NZ_CAADND010000322.1	NC_009656.1	100.000	2889317	2889344	28	1	28	1.47e-05	52.8	28
NZ_CAADND010000329.1	NC_009656.1	98.786	4988424	4986299	2141	1	2141	0.0	3795	2115
NZ_CAADND010000329.1	NC_009656.1	98.739	806741	808866	2141	1	2141	0.0	3790	2114
NZ_CAADND010000329.1	NC_009656.1	98.739	5571740	5569615	2141	1	2141	0.0	3790	2114
NZ_CAADND010000329.1	NC_009656.1	98.692	6358976	6356851	2141	1	2141	0.0	3784	2113
NZ_CAADND010000330.1	NC_009656.1	99.479	139004	139962	959	1	959	0.0	1744	954
NZ_CAADND010000333.1	NC_009656.1	100.000	377639	377668	30	10402	10431	1.08e-06	56.5	30
NZ_CAADND010000341.1	NC_009656.1	100.000	2038287	2038258	30	23553	23582	1.50e-06	56.5	30
NZ_CAADND010000341.1	NC_009656.1	100.000	1038095	1038123	29	17502	17530	5.40e-06	54.7	29
NZ_CAADND010000343.1	NC_009656.1	100.000	2888437	2888466	30	1	30	4.45e-07	56.5	30
NZ_CAADND010000343.1	NC_009656.1	100.000	4368786	4368758	29	1	29	1.60e-06	54.7	29
NZ_CAADND010000343.1	NC_009656.1	100.000	4826493	4826521	29	1	29	1.60e-06	54.7	29
NZ_CAADND010000343.1	NC_009656.1	100.000	4926604	4926632	29	1	29	1.60e-06	54.7	29
NZ_CAADND010000344.1	NC_009656.1	100.000	545663	545692	30	1	30	7.10e-07	56.5	30
NZ_CAADND010000344.1	NC_009656.1	100.000	857792	857764	29	1803	1831	2.55e-06	54.7	29
NZ_CAADND010000347.1	NC_009656.1	98.449	4858307	4851994	6319	488	6806	0.0	11121	6221
NZ_CAADND010000352.1	NC_009656.1	100.000	4563265	4563236	30	4226	4255	2.70e-07	56.5	30
NZ_CAADND010000352.1	NC_009656.1	100.000	2538379	2538407	29	4227	4255	9.70e-07	54.7	29
NZ_CAADND010000352.1	NC_009656.1	100.000	2430416	2430389	28	4228	4255	3.49e-06	52.8	28
NZ_CAADND010000352.1	NC_009656.1	100.000	2887230	2887257	28	4228	4255	3.49e-06	52.8	28
NZ_CAADND010000352.1	NC_009656.1	100.000	4369993	4369966	28	4228	4255	3.49e-06	52.8	28
NZ_CAADND010000352.1	NC_009656.1	100.000	4825286	4825313	28	4228	4255	3.49e-06	52.8	28
NZ_CAADND010000352.1	NC_009656.1	100.000	4925396	4925423	28	4228	4255	3.49e-06	52.8	28
NZ_CAADND010000353.1	NC_009656.1	100.000	4659359	4659330	30	9067	9096	5.78e-07	56.5	30
NZ_CAADND010000353.1	NC_009656.1	100.000	5325798	5325769	30	9067	9096	5.78e-07	56.5	30
NZ_CAADND010000360.1	NC_009656.1	100.000	5054936	5054907	30	25367	25396	1.62e-06	56.5	30
NZ_CAADND010000363.1	NC_009656.1	100.000	5782646	5782615	32	11278	11309	8.62e-08	60.2	32
NZ_CAADND010000363.1	NC_009656.1	100.000	2102715	2102744	30	1	30	1.12e-06	56.5	30
NZ_CAADND010000364.1	NC_009656.1	100.000	630156	630185	30	1	30	6.97e-07	56.5	30
NZ_CAADND010000373.1	NC_009656.1	100.000	478431	478460	30	1	30	4.91e-07	56.5	30
NZ_CAADND010000373.1	NC_009656.1	100.000	6520030	6520059	30	1	30	4.91e-07	56.5	30
NZ_CAADND010000374.1	NC_009656.1	100.000	251390	251363	28	5553	5580	4.58e-06	52.8	28
NZ_CAADND010000386.1	NC_009656.1	98.592	5412979	5412909	71	8381	8451	8.90e-28	126	70
NZ_CAADND010000386.1	NC_009656.1	100.000	4883962	4883991	30	18567	18596	1.18e-06	56.5	30
NZ_CAADND010000389.1	NC_009656.1	98.163	3029394	3021946	7458	4	7460	0.0	13005	7321
NZ_CAADND010000391.1	NC_009656.1	100.000	566142	566114	29	13692	13720	3.31e-06	54.7	29
NZ_CAADND010000393.1	NC_009656.1	99.068	705446	704374	1073	1	1073	0.0	1927	1063
NZ_CAADND010000393.1	NC_009656.1	98.136	5203693	5204765	1073	1	1073	0.0	1871	1053
NZ_CAADND010000397.1	NC_009656.1	99.187	844636	832947	11690	1	11689	0.0	21060	11595
NZ_CAADND010000397.1	NC_009656.1	98.387	816503	816442	62	11628	11689	5.63e-23	110	61
NZ_CAADND010000398.1	NC_009656.1	99.983	4638682	4644712	6031	1	6031	0.0	11132	6030
NZ_CAADND010000403.1	NC_009656.1	100.000	21334	21361	28	11963	11990	1.69e-05	52.8	28
NZ_CAADND010000405.1	NC_009656.1	100.000	2717918	2717949	32	1	32	4.74e-08	60.2	32
NZ_CAADND010000405.1	NC_009656.1	100.000	2889313	2889342	30	1	30	6.13e-07	56.5	30
NZ_CAADND010000405.1	NC_009656.1	100.000	878988	878960	29	1	29	2.21e-06	54.7	29
NZ_CAADND010000407.1	NC_009656.1	100.000	5498415	5498442	28	1	28	6.07e-06	52.8	28
NZ_CAADND010000415.1	NC_009656.1	100.000	3874022	3873989	34	576	609	2.24e-10	63.9	34
NZ_CAADND010000417.1	NC_009656.1	100.000	5398199	5398170	30	2648	2677	1.69e-07	56.5	30
NZ_CAADND010000418.1	NC_009656.1	99.961	4638571	4630902	7670	1	7670	0.0	14148	7667
NZ_CAADND010000423.1	NC_009656.1	100.000	6520030	6520058	29	10788	10816	2.47e-06	54.7	29
NZ_CAADND010000429.1	NC_009656.1	98.411	816471	815339	1133	1	1133	0.0	1993	1115
NZ_CAADND010000433.1	NC_009656.1	98.709	401901	400275	1627	1	1627	0.0	2889	1606
NZ_CAADND010000434.1	NC_009656.1	98.002	6408953	6418657	9708	1	9705	0.0	16848	9514
NZ_CAADND010000437.1	NC_009656.1	98.211	5887256	5881278	5980	1	5979	0.0	10449	5873
NZ_CAADND010000442.1	NC_009656.1	100.000	6056765	6056792	28	2	29	1.49e-06	52.8	28
NZ_CAADND010000442.1	NC_009656.1	100.000	6498287	6498314	28	2	29	1.49e-06	52.8	28
NZ_CAADND010000444.1	NC_009656.1	99.721	2821180	2822256	1077	34	1109	0.0	1971	1074
NZ_CAADND010000445.1	NC_009656.1	98.570	2993170	3002256	9088	1	9088	0.0	16061	8958
NZ_CAADND010000447.1	NC_009656.1	100.000	2390667	2390640	28	30118	30145	2.48e-05	52.8	28
NZ_CAADND010000447.1	NC_009656.1	100.000	2635974	2635947	28	30118	30145	2.48e-05	52.8	28
NZ_CAADND010000449.1	NC_009656.1	100.000	111843	111871	29	6054	6082	1.39e-06	54.7	29
NZ_CAADND010000454.1	NC_009656.1	100.000	5326000	5325971	30	8826	8855	5.63e-07	56.5	30
NZ_CAADND010000459.1	NC_009656.1	100.000	2370383	2370356	28	19160	19187	1.58e-05	52.8	28
NZ_CAADND010000461.1	NC_009656.1	99.886	5498441	5497562	880	1	880	0.0	1620	879
NZ_CAADND010000461.1	NC_009656.1	99.886	5511660	5512539	880	1	880	0.0	1620	879
NZ_CAADND010000463.1	NC_009656.1	100.000	5509772	5508623	1150	3016	4165	0.0	2124	1150
NZ_CAADND010000463.1	NC_009656.1	99.688	3861394	3860755	640	25	664	0.0	1171	638
NZ_CAADND010000463.1	NC_009656.1	100.000	5511660	5511689	30	4166	4195	2.66e-07	56.5	30
NZ_CAADND010000464.1	NC_009656.1	99.853	4825965	4825286	680	1	680	0.0	1251	679
NZ_CAADND010000464.1	NC_009656.1	98.676	4562584	4563263	680	1	680	0.0	1206	671
NZ_CAADND010000464.1	NC_009656.1	98.382	2887909	2887230	680	1	680	0.0	1195	669
NZ_CAADND010000464.1	NC_009656.1	98.382	4369314	4369993	680	1	680	0.0	1195	669
NZ_CAADND010000464.1	NC_009656.1	98.235	2429737	2430416	680	1	680	0.0	1190	668
NZ_CAADND010000464.1	NC_009656.1	98.235	2539059	2538380	680	1	680	0.0	1190	668
NZ_CAADND010000464.1	NC_009656.1	98.235	4926075	4925396	680	1	680	0.0	1190	668
NZ_CAADND010000466.1	NC_009656.1	100.000	2538408	2538378	31	1	31	4.23e-07	58.4	31
NZ_CAADND010000466.1	NC_009656.1	100.000	4563235	4563264	30	1	30	1.52e-06	56.5	30
NZ_CAADND010000466.1	NC_009656.1	100.000	2430388	2430416	29	1	29	5.48e-06	54.7	29
NZ_CAADND010000466.1	NC_009656.1	100.000	2887258	2887230	29	1	29	5.48e-06	54.7	29
NZ_CAADND010000466.1	NC_009656.1	100.000	4369965	4369993	29	1	29	5.48e-06	54.7	29
NZ_CAADND010000466.1	NC_009656.1	100.000	4825314	4825286	29	1	29	5.48e-06	54.7	29
NZ_CAADND010000466.1	NC_009656.1	100.000	4925424	4925396	29	1	29	5.48e-06	54.7	29
NZ_CAADND010000466.1	NC_009656.1	100.000	6228649	6228621	29	1	29	5.48e-06	54.7	29
NZ_CAADND010000467.1	NC_009656.1	100.000	6347719	6347752	34	2183	2216	4.42e-09	63.9	34
NZ_CAADND010000467.1	NC_009656.1	100.000	1730770	1730797	28	11600	11627	9.57e-06	52.8	28
NZ_CAADND010000468.1	NC_009656.1	100.000	2390620	2390591	30	1	30	3.54e-07	56.5	30
NZ_CAADND010000468.1	NC_009656.1	100.000	2390780	2390752	29	1	29	1.27e-06	54.7	29
NZ_CAADND010000470.1	NC_009656.1	100.000	5674214	5674244	31	2212	2242	3.93e-08	58.4	31
NZ_CAADND010000471.1	NC_009656.1	100.000	5674215	5674245	31	1	31	2.42e-08	58.4	31
NZ_CAADND010000475.1	NC_009656.1	100.000	3471854	3471885	32	1208	1239	6.00e-09	60.2	32
NZ_CAADND010000476.1	NC_009656.1	100.000	941358	941385	28	2	29	1.78e-06	52.8	28
NZ_CAADND010000476.1	NC_009656.1	100.000	1088029	1088056	28	2	29	1.78e-06	52.8	28
NZ_CAADND010000476.1	NC_009656.1	100.000	5609786	5609813	28	2	29	1.78e-06	52.8	28
NZ_CAADND010000476.1	NC_009656.1	100.000	6056765	6056792	28	2	29	1.78e-06	52.8	28
NZ_CAADND010000476.1	NC_009656.1	100.000	6498287	6498314	28	2	29	1.78e-06	52.8	28
NZ_CAADND010000479.1	NC_009656.1	100.000	4644943	4646285	1343	1	1343	0.0	2481	1343
NZ_CAADND010000485.1	NC_009656.1	100.000	2269272	2269243	30	1	30	1.63e-07	56.5	30
NZ_CAADND010000491.1	NC_009656.1	98.688	2990558	2988426	2134	1	2134	0.0	3784	2106
NZ_CAADND010000493.1	NC_009656.1	100.000	454880	454851	30	1	30	3.64e-07	56.5	30
NZ_CAADND010000495.1	NC_009656.1	100.000	4825284	4825315	32	19390	19421	9.56e-08	60.2	32
NZ_CAADND010000495.1	NC_009656.1	100.000	2430417	2430387	31	19391	19421	3.44e-07	58.4	31
NZ_CAADND010000495.1	NC_009656.1	100.000	2538380	2538409	30	19392	19421	1.24e-06	56.5	30
NZ_CAADND010000495.1	NC_009656.1	100.000	2887230	2887259	30	19392	19421	1.24e-06	56.5	30
NZ_CAADND010000495.1	NC_009656.1	100.000	4369993	4369964	30	19392	19421	1.24e-06	56.5	30
NZ_CAADND010000495.1	NC_009656.1	100.000	4563263	4563234	30	19392	19421	1.24e-06	56.5	30
NZ_CAADND010000495.1	NC_009656.1	100.000	4925396	4925425	30	19392	19421	1.24e-06	56.5	30
NZ_CAADND010000495.1	NC_009656.1	100.000	6228621	6228650	30	19392	19421	1.24e-06	56.5	30
NZ_CAADND010000497.1	NC_009656.1	99.955	701465	699235	2231	1	2231	0.0	4115	2230
NZ_CAADND010000497.1	NC_009656.1	99.955	5207674	5209904	2231	1	2231	0.0	4115	2230
NZ_CAADND010000498.1	NC_009656.1	100.000	4760196	4760165	32	14010	14041	7.05e-08	60.2	32
NZ_CAADND010000503.1	NC_009656.1	100.000	137377	137405	29	22546	22574	5.17e-06	54.7	29
NZ_CAADND010000505.1	NC_009656.1	100.000	5270206	5270177	30	5673	5702	3.62e-07	56.5	30
NZ_CAADND010000507.1	NC_009656.1	99.167	6368037	6368636	600	1	600	0.0	1081	595
NZ_CAADND010000513.1	NC_009656.1	99.748	3175191	3162495	12698	18973	31668	0.0	23268	12666
NZ_CAADND010000515.1	NC_009656.1	98.039	1728539	1730680	2142	1	2141	0.0	3722	2100
NZ_CAADND010000518.1	NC_009656.1	100.000	6245872	6249358	3487	1	3487	0.0	6440	3487
NZ_CAADND010000519.1	NC_009656.1	99.875	6250131	6249334	798	1	798	0.0	1469	797
NZ_CAADND010000525.1	NC_009656.1	100.000	701703	702763	1061	1	1061	0.0	1960	1061
NZ_CAADND010000525.1	NC_009656.1	99.529	5207436	5206376	1061	1	1061	0.0	1932	1056
NZ_CAADND010000534.1	NC_009656.1	100.000	6526479	6526508	30	7864	7893	5.02e-07	56.5	30
NZ_CAADND010000536.1	NC_009656.1	100.000	1593803	1593775	29	1	29	1.90e-06	54.7	29
NZ_CAADND010000536.1	NC_009656.1	100.000	2717945	2717917	29	1	29	1.90e-06	54.7	29
NZ_CAADND010000536.1	NC_009656.1	100.000	2889340	2889312	29	1	29	1.90e-06	54.7	29
NZ_CAADND010000540.1	NC_009656.1	100.000	1054791	1054820	30	1	30	1.08e-06	56.5	30
NZ_CAADND010000541.1	NC_009656.1	100.000	4368757	4368786	30	1683	1712	1.08e-07	56.5	30
NZ_CAADND010000541.1	NC_009656.1	100.000	2888465	2888437	29	1684	1712	3.87e-07	54.7	29
NZ_CAADND010000541.1	NC_009656.1	100.000	4826521	4826493	29	1684	1712	3.87e-07	54.7	29
NZ_CAADND010000541.1	NC_009656.1	100.000	4926632	4926604	29	1684	1712	3.87e-07	54.7	29
NZ_CAADND010000543.1	NC_009656.1	100.000	139984	139956	29	3308	3336	7.60e-07	54.7	29
NZ_CAADND010000546.1	NC_009656.1	100.000	5305947	5306028	82	6503	6584	5.55e-36	152	82
NZ_CAADND010000546.1	NC_009656.1	100.000	3583954	3583927	28	6469	6496	5.79e-06	52.8	28
NZ_CAADND010000548.1	NC_009656.1	100.000	2321497	2321525	29	553	581	1.10e-06	54.7	29
NZ_CAADND010000550.1	NC_009656.1	98.254	2321809	2319691	2119	1	2119	0.0	3709	2082
NZ_CAADND010000550.1	NC_009656.1	100.000	3387614	3387642	29	285	313	4.81e-07	54.7	29
NZ_CAADND010000560.1	NC_009656.1	100.000	55530	55501	30	1	30	5.43e-08	56.5	30
NZ_CAADND010000560.1	NC_009656.1	100.000	2813059	2813030	30	1	30	5.43e-08	56.5	30
NZ_CAADND010000560.1	NC_009656.1	100.000	2831185	2831156	30	1	30	5.43e-08	56.5	30
NZ_CAADND010000571.1	NC_009656.1	100.000	122579	122608	30	1	30	1.56e-07	56.5	30
NZ_CAADND010000571.1	NC_009656.1	100.000	116383	116355	29	1	29	5.60e-07	54.7	29
NZ_CAADND010000575.1	NC_009656.1	99.807	6245901	6245384	518	1	518	0.0	952	517
NZ_CAADND010000578.1	NC_009656.1	100.000	137805	137778	28	1	28	4.25e-06	52.8	28
NZ_CAADND010000588.1	NC_009656.1	100.000	3932511	3932480	32	4044	4075	2.00e-08	60.2	32
NZ_CAADND010000588.1	NC_009656.1	100.000	3932497	3932468	30	4046	4075	2.58e-07	56.5	30
NZ_CAADND010000588.1	NC_009656.1	100.000	3932503	3932474	30	4046	4075	2.58e-07	56.5	30
NZ_CAADND010000591.1	NC_009656.1	99.404	3913506	3914848	1343	1	1343	0.0	2436	1335
NZ_CAADND010000593.1	NC_009656.1	98.147	5753094	5758867	5774	1	5768	0.0	10065	5667
NZ_CAADND010000593.1	NC_009656.1	100.000	1009486	1009457	30	682	711	6.86e-07	56.5	30
NZ_CAADND010000593.1	NC_009656.1	100.000	6517410	6517439	30	1	30	6.86e-07	56.5	30
NZ_CAADND010000593.1	NC_009656.1	100.000	1730800	1730772	29	10757	10785	2.47e-06	54.7	29
NZ_CAADND010000595.1	NC_009656.1	100.000	6512659	6512630	30	4664	4693	2.98e-07	56.5	30
NZ_CAADND010000602.1	NC_009656.1	100.000	5325799	5325827	29	1	29	1.08e-06	54.7	29
NZ_CAADND010000608.1	NC_009656.1	100.000	1890531	1890503	29	1788	1816	1.13e-06	54.7	29
NZ_CAADND010000608.1	NC_009656.1	100.000	6498280	6498307	28	4921	4948	4.06e-06	52.8	28
NZ_CAADND010000611.1	NC_009656.1	100.000	454850	454880	31	3356	3386	5.96e-08	58.4	31
NZ_CAADND010000623.1	NC_009656.1	99.208	5199168	5193612	5557	1	5557	0.0	10019	5513
NZ_CAADND010000623.1	NC_009656.1	98.794	709971	715527	5557	1	5557	0.0	9891	5490
NZ_CAADND010000629.1	NC_009656.1	100.000	2012075	2029243	17169	1	17169	0.0	31706	17169
NZ_CAADND010000631.1	NC_009656.1	100.000	4589967	4589995	29	5202	5230	1.20e-06	54.7	29
NZ_CAADND010000631.1	NC_009656.1	100.000	4590081	4590109	29	5202	5230	1.20e-06	54.7	29
NZ_CAADND010000634.1	NC_009656.1	100.000	4826493	4826522	30	1	30	3.76e-07	56.5	30
NZ_CAADND010000634.1	NC_009656.1	100.000	4926604	4926633	30	1	30	3.76e-07	56.5	30
NZ_CAADND010000634.1	NC_009656.1	100.000	2888437	2888465	29	1	29	1.35e-06	54.7	29
NZ_CAADND010000634.1	NC_009656.1	100.000	4368786	4368758	29	1	29	1.35e-06	54.7	29
NZ_CAADND010000642.1	NC_009656.1	98.612	2766603	2768331	1729	1	1729	0.0	3061	1705
NZ_CAADND010000642.1	NC_009656.1	100.000	540816	540787	30	1700	1729	1.09e-07	56.5	30
NZ_CAADND010000645.1	NC_009656.1	100.000	4223434	4223463	30	1	30	1.30e-07	56.5	30
NZ_CAADND010000661.1	NC_009656.1	98.515	3884857	3884656	202	2452	2653	4.10e-98	357	199
NZ_CAADND010000670.1	NC_009656.1	98.340	5536147	5534884	1265	3742	5006	0.0	2218	1244
NZ_CAADND010000670.1	NC_009656.1	100.000	5528609	5528537	73	10911	10983	8.72e-31	135	73
NZ_CAADND010000670.1	NC_009656.1	100.000	5528514	5528485	30	1	30	6.99e-07	56.5	30
NZ_CAADND010000673.1	NC_009656.1	98.698	2991369	2993134	1767	1	1767	0.0	3134	1744
NZ_CAADND010000674.1	NC_009656.1	100.000	2299174	2299145	30	1	30	3.85e-07	56.5	30
NZ_CAADND010000677.1	NC_009656.1	98.940	2319719	2318777	943	1	943	0.0	1687	933
NZ_CAADND010000679.1	NC_009656.1	99.386	3184990	3184177	814	1	814	0.0	1476	809
NZ_CAADND010000682.1	NC_009656.1	99.522	2521060	2521477	418	819	1236	0.0	761	416
NZ_CAADND010000685.1	NC_009656.1	100.000	2359776	2359747	30	1773	1802	1.13e-07	56.5	30
NZ_CAADND010000685.1	NC_009656.1	100.000	5511686	5511658	29	1	29	4.08e-07	54.7	29
NZ_CAADND010000685.1	NC_009656.1	100.000	5498415	5498442	28	1	28	1.47e-06	52.8	28
NZ_CAADND010000686.1	NC_009656.1	100.000	704372	702882	1491	1	1491	0.0	2754	1491
NZ_CAADND010000688.1	NC_009656.1	99.219	2833853	2833980	128	29	156	9.25e-61	231	127
NZ_CAADND010000689.1	NC_009656.1	99.232	4367211	4363175	4039	3542	7579	0.0	7284	4008
NZ_CAADND010000690.1	NC_009656.1	100.000	6580599	6580572	28	477	504	3.98e-07	52.8	28
NZ_CAADND010000691.1	NC_009656.1	100.000	207158	207193	36	1797	1832	6.45e-11	67.6	36
NZ_CAADND010000691.1	NC_009656.1	100.000	4275848	4275878	31	1800	1830	3.88e-08	58.4	31
NZ_CAADND010000698.1	NC_009656.1	100.000	533592	533621	30	5998	6027	3.83e-07	56.5	30
NZ_CAADND010000699.1	NC_009656.1	100.000	6227729	6227700	30	1	30	7.02e-07	56.5	30
NZ_CAADND010000714.1	NC_009656.1	100.000	1934652	1934681	30	1	30	4.80e-08	56.5	30
NZ_CAADND010000718.1	NC_009656.1	98.535	52900	51468	1433	805	2237	0.0	2531	1412
NZ_CAADND010000718.1	NC_009656.1	98.032	2818378	2817313	1067	788	1854	0.0	1853	1046
NZ_CAADND010000719.1	NC_009656.1	100.000	5169553	5169524	30	3163	3192	2.02e-07	56.5	30
NZ_CAADND010000719.1	NC_009656.1	100.000	3447902	3447875	28	3165	3192	2.61e-06	52.8	28
NZ_CAADND010000724.1	NC_009656.1	100.000	5512691	5512662	30	52	81	1.50e-07	56.5	30
NZ_CAADND010000725.1	NC_009656.1	99.137	477533	478459	927	1	927	0.0	1668	919
NZ_CAADND010000728.1	NC_009656.1	98.348	583543	584571	1029	1	1029	0.0	1807	1012
NZ_CAADND010000731.1	NC_009656.1	99.644	4592127	4601669	9546	1	9544	0.0	17435	9512
NZ_CAADND010000731.1	NC_009656.1	98.333	4602956	4603015	60	9572	9631	6.00e-22	106	59
NZ_CAADND010000734.1	NC_009656.1	100.000	2781553	2781582	30	1	30	1.04e-07	56.5	30
NZ_CAADND010000737.1	NC_009656.1	100.000	137377	137404	28	4217	4244	3.48e-06	52.8	28
NZ_CAADND010000745.1	NC_009656.1	100.000	630150	630179	30	1961	1990	1.25e-07	56.5	30
NZ_CAADND010000754.1	NC_009656.1	100.000	2572799	2572834	36	917	952	2.74e-11	67.6	36
NZ_CAADND010000757.1	NC_009656.1	99.090	706826	708913	2088	1	2088	0.0	3751	2069
NZ_CAADND010000757.1	NC_009656.1	99.090	5202313	5200226	2088	1	2088	0.0	3751	2069
NZ_CAADND010000763.1	NC_009656.1	100.000	4649330	4650252	923	1	923	0.0	1705	923
NZ_CAADND010000769.1	NC_009656.1	100.000	2370352	2370381	30	778	807	5.00e-08	56.5	30
NZ_CAADND010000776.1	NC_009656.1	100.000	56285	56257	29	770	798	1.78e-07	54.7	29
NZ_CAADND010000776.1	NC_009656.1	100.000	2829747	2829719	29	770	798	1.78e-07	54.7	29
NZ_CAADND010000776.1	NC_009656.1	100.000	2834564	2834536	29	770	798	1.78e-07	54.7	29
NZ_CAADND010000784.1	NC_009656.1	100.000	1254868	1254839	30	1	30	2.30e-07	56.5	30
NZ_CAADND010000786.1	NC_009656.1	100.000	111880	111852	29	716	744	1.65e-07	54.7	29
NZ_CAADND010000788.1	NC_009656.1	98.532	3019720	3021829	2111	3	2111	0.0	3723	2080
NZ_CAADND010000788.1	NC_009656.1	100.000	3002227	3002256	30	2082	2111	1.33e-07	56.5	30
NZ_CAADND010000794.1	NC_009656.1	100.000	2520132	2520161	30	3223	3252	2.06e-07	56.5	30
NZ_CAADND010000802.1	NC_009656.1	99.291	706415	705429	987	1	987	0.0	1784	980
NZ_CAADND010000802.1	NC_009656.1	99.291	5202724	5203710	987	1	987	0.0	1784	980
NZ_CAADND010000803.1	NC_009656.1	100.000	2819293	2819327	35	21	55	1.26e-10	65.8	35
NZ_CAADND010000809.1	NC_009656.1	98.718	116364	122598	6242	1	6241	0.0	11077	6162
NZ_CAADND010000809.1	NC_009656.1	100.000	116393	116364	30	6212	6241	3.96e-07	56.5	30
NZ_CAADND010000813.1	NC_009656.1	100.000	3490091	3490062	30	2947	2976	1.88e-07	56.5	30
NZ_CAADND010000817.1	NC_009656.1	98.249	432500	431930	571	1	571	0.0	1000	561
NZ_CAADND010000820.1	NC_009656.1	100.000	1934683	1934654	30	747	776	4.80e-08	56.5	30
NZ_CAADND010000820.1	NC_009656.1	100.000	5270165	5270194	30	746	775	4.80e-08	56.5	30
NZ_CAADND010000821.1	NC_009656.1	100.000	5270197	5270168	30	1	30	3.79e-08	56.5	30
NZ_CAADND010000825.1	NC_009656.1	100.000	2889345	2889318	28	5748	5775	4.74e-06	52.8	28
NZ_CAADND010000835.1	NC_009656.1	100.000	3189872	3189901	30	1	30	2.27e-07	56.5	30
NZ_CAADND010000835.1	NC_009656.1	100.000	3309012	3308983	30	1	30	2.27e-07	56.5	30
NZ_CAADND010000841.1	NC_009656.1	98.282	1599546	1600418	873	1	873	0.0	1530	858
NZ_CAADND010000845.1	NC_009656.1	98.710	5510174	5511103	930	32	961	0.0	1652	918
NZ_CAADND010000845.1	NC_009656.1	100.000	116188	116217	30	962	991	6.17e-08	56.5	30
NZ_CAADND010000845.1	NC_009656.1	100.000	5497590	5497562	29	1	29	2.22e-07	54.7	29
NZ_CAADND010000845.1	NC_009656.1	100.000	5512511	5512539	29	1	29	2.22e-07	54.7	29
NZ_CAADND010000846.1	NC_009656.1	100.000	4162872	4162900	29	1	29	5.65e-07	54.7	29
NZ_CAADND010000848.1	NC_009656.1	98.673	2884042	2883139	904	2159	3062	0.0	1604	892
NZ_CAADND010000848.1	NC_009656.1	100.000	4162896	4162867	30	1	30	1.94e-07	56.5	30
NZ_CAADND010000849.1	NC_009656.1	98.045	2815074	2814104	972	1	972	0.0	1688	953
NZ_CAADND010000849.1	NC_009656.1	100.000	2827635	2827593	43	930	972	3.59e-15	80.5	43
NZ_CAADND010000850.1	NC_009656.1	100.000	56257	56285	29	1	29	1.10e-07	54.7	29
NZ_CAADND010000850.1	NC_009656.1	100.000	2829719	2829747	29	1	29	1.10e-07	54.7	29
NZ_CAADND010000850.1	NC_009656.1	100.000	2834536	2834564	29	1	29	1.10e-07	54.7	29
NZ_CAADND010000851.1	NC_009656.1	98.119	831873	830970	904	1	904	0.0	1576	887
NZ_CAADND010000857.1	NC_009656.1	98.182	3232651	3232705	55	454	508	1.83e-20	97.1	54
NZ_CAADND010000861.1	NC_009656.1	100.000	2829718	2829749	32	1	32	6.60e-09	60.2	32
NZ_CAADND010000861.1	NC_009656.1	100.000	2834535	2834565	31	1	31	2.37e-08	58.4	31
NZ_CAADND010000861.1	NC_009656.1	100.000	2813045	2813018	28	1	28	1.10e-06	52.8	28
NZ_CAADND010000861.1	NC_009656.1	100.000	2831171	2831144	28	1	28	1.10e-06	52.8	28
NZ_CAADND010000862.1	NC_009656.1	100.000	2038237	2038208	30	1	30	5.10e-08	56.5	30
NZ_CAADND010000862.1	NC_009656.1	100.000	2038528	2038500	29	1	29	1.83e-07	54.7	29
NZ_CAADND010000874.1	NC_009656.1	98.144	3910781	3909975	808	18	825	0.0	1408	793
NZ_CAADND010000881.1	NC_009656.1	100.000	454853	454882	30	1	30	1.47e-07	56.5	30
NZ_CAADND010000884.1	NC_009656.1	100.000	4659312	4659340	29	2947	2975	6.77e-07	54.7	29
NZ_CAADND010000891.1	NC_009656.1	98.233	2828493	2829452	962	1	962	0.0	1681	945
NZ_CAADND010000898.1	NC_009656.1	98.163	4182626	4180668	1960	1	1960	0.0	3419	1924
NZ_CAADND010000898.1	NC_009656.1	100.000	1642287	1642315	29	5	33	4.44e-07	54.7	29
NZ_CAADND010000900.1	NC_009656.1	100.000	6195222	6195251	30	840	869	5.40e-08	56.5	30
NZ_CAADND010000901.1	NC_009656.1	100.000	1558077	1558048	30	1372	1401	8.79e-08	56.5	30
NZ_CAADND010000901.1	NC_009656.1	100.000	5798868	5798839	30	187	216	8.79e-08	56.5	30
NZ_CAADND010000928.1	NC_009656.1	100.000	2370356	2370383	28	1	28	1.54e-06	52.8	28
NZ_CAADND010000932.1	NC_009656.1	100.000	2768330	2768302	29	1	29	2.53e-07	54.7	29
NZ_CAADND010000937.1	NC_009656.1	99.064	4183195	4182662	534	1	534	0.0	959	529
NZ_CAADND010000937.1	NC_009656.1	100.000	5587599	5587627	29	504	532	1.17e-07	54.7	29
NZ_CAADND010000940.1	NC_009656.1	100.000	3725240	3725269	30	1	30	3.90e-08	56.5	30
NZ_CAADND010000942.1	NC_009656.1	100.000	5501837	5501865	29	676	704	1.56e-07	54.7	29
NZ_CAADND010000943.1	NC_009656.1	99.228	2873729	2874376	648	1	648	0.0	1170	643
NZ_CAADND010000952.1	NC_009656.1	100.000	3400277	3400305	29	2	30	1.98e-07	54.7	29
NZ_CAADND010000952.1	NC_009656.1	100.000	1113452	1113479	28	861	888	7.14e-07	52.8	28
NZ_CAADND010000960.1	NC_009656.1	100.000	4925395	4925425	31	702	732	1.26e-08	58.4	31
NZ_CAADND010000960.1	NC_009656.1	100.000	2430416	2430387	30	703	732	4.52e-08	56.5	30
NZ_CAADND010000960.1	NC_009656.1	100.000	2538380	2538409	30	703	732	4.52e-08	56.5	30
NZ_CAADND010000960.1	NC_009656.1	100.000	2887230	2887259	30	703	732	4.52e-08	56.5	30
NZ_CAADND010000960.1	NC_009656.1	100.000	4369993	4369964	30	703	732	4.52e-08	56.5	30
NZ_CAADND010000960.1	NC_009656.1	100.000	4825286	4825315	30	703	732	4.52e-08	56.5	30
NZ_CAADND010000963.1	NC_009656.1	100.000	114854	116217	1364	1	1364	0.0	2519	1364
NZ_CAADND010000967.1	NC_009656.1	100.000	4630425	4630929	505	1	505	0.0	933	505
NZ_CAADND010000976.1	NC_009656.1	98.179	2728778	2729326	549	1	549	0.0	959	539
NZ_CAADND010000978.1	NC_009656.1	98.217	2883168	2882608	561	1	561	0.0	981	551
NZ_CAADND010000991.1	NC_009656.1	100.000	5169524	5169553	30	1075	1104	6.89e-08	56.5	30
NZ_CAADND010000995.1	NC_009656.1	99.842	2811485	2810852	634	1	634	0.0	1166	633
NZ_CAADND010000995.1	NC_009656.1	99.842	2824336	2823703	634	1	634	0.0	1166	633
