LLOP01000001.1	NC_009656.1	100.000	1113485	1113452	34	170336	170369	2.57e-07	63.9	34
LLOP01000001.1	NC_009656.1	100.000	1730800	1730768	33	582446	582478	9.24e-07	62.1	33
LLOP01000001.1	NC_009656.1	100.000	1763165	1763197	33	233349	233381	9.24e-07	62.1	33
LLOP01000001.1	NC_009656.1	100.000	6517439	6517407	33	484611	484643	9.24e-07	62.1	33
LLOP01000001.1	NC_009656.1	100.000	1730770	1730800	31	473854	473884	1.20e-05	58.4	31
LLOP01000001.1	NC_009656.1	100.000	1009457	1009486	30	483930	483959	4.30e-05	56.5	30
LLOP01000001.1	NC_009656.1	100.000	5753091	5753120	30	436017	436046	4.30e-05	56.5	30
LLOP01000001.1	NC_009656.1	100.000	1890503	1890531	29	639230	639258	1.55e-04	54.7	29
LLOP01000001.1	NC_009656.1	100.000	5838935	5838963	29	566074	566102	1.55e-04	54.7	29
LLOP01000002.1	NC_009656.1	98.086	2077963	2078171	209	191301	191509	2.09e-98	364	205
LLOP01000002.1	NC_009656.1	100.000	2078273	2078354	82	191420	191501	1.77e-34	152	82
LLOP01000002.1	NC_009656.1	100.000	5674245	5674215	31	306	336	3.97e-06	58.4	31
LLOP01000002.1	NC_009656.1	100.000	6520030	6520059	30	58833	58862	1.43e-05	56.5	30
LLOP01000005.1	NC_009656.1	100.000	4825758	4825461	298	1	298	1.84e-157	551	298
LLOP01000005.1	NC_009656.1	98.658	4562791	4563088	298	1	298	8.63e-151	529	294
LLOP01000006.1	NC_009656.1	100.000	4563029	4562738	292	1	292	3.90e-154	540	292
LLOP01000006.1	NC_009656.1	100.000	4825520	4825811	292	1	292	3.90e-154	540	292
LLOP01000006.1	NC_009656.1	98.630	2887464	2887755	292	1	292	1.83e-147	518	288
LLOP01000006.1	NC_009656.1	98.630	4369759	4369468	292	1	292	1.83e-147	518	288
LLOP01000006.1	NC_009656.1	98.630	4925630	4925921	292	1	292	1.83e-147	518	288
LLOP01000006.1	NC_009656.1	98.288	2430182	2429891	292	1	292	8.50e-146	512	287
LLOP01000006.1	NC_009656.1	98.288	2538614	2538905	292	1	292	8.50e-146	512	287
LLOP01000010.1	NC_009656.1	98.182	4369032	4368758	275	4	278	2.28e-136	481	270
LLOP01000013.1	NC_009656.1	100.000	2717949	2717917	33	81107	81139	2.91e-07	62.1	33
LLOP01000013.1	NC_009656.1	100.000	5753123	5753091	33	114216	114248	2.91e-07	62.1	33
LLOP01000013.1	NC_009656.1	100.000	2889342	2889312	31	81109	81139	3.76e-06	58.4	31
LLOP01000015.1	NC_009656.1	98.069	5566189	5566447	259	1	259	1.66e-127	451	254
LLOP01000017.1	NC_009656.1	99.595	2813799	2814045	247	1	247	1.57e-127	451	246
LLOP01000021.1	NC_009656.1	100.000	4825524	4825286	239	1	239	9.18e-125	442	239
LLOP01000024.1	NC_009656.1	100.000	2359776	2359743	34	110376	110409	7.98e-08	63.9	34
LLOP01000024.1	NC_009656.1	100.000	3447902	3447875	28	30016	30043	1.73e-04	52.8	28
LLOP01000026.1	NC_009656.1	100.000	4825523	4825286	238	1	238	3.14e-121	440	238
LLOP01000027.1	NC_009656.1	99.163	2521477	2521239	239	173791	174029	1.58e-118	431	237
LLOP01000027.1	NC_009656.1	100.000	21334	21361	28	27747	27774	1.44e-04	52.8	28
LLOP01000028.1	NC_009656.1	98.057	5103126	5104309	1184	8010	9193	0.0	2060	1161
LLOP01000028.1	NC_009656.1	100.000	5221098	5221132	35	9159	9193	1.84e-08	65.8	35
LLOP01000028.1	NC_009656.1	100.000	3927006	3926978	29	130720	130748	3.99e-05	54.7	29
LLOP01000029.1	NC_009656.1	98.144	4827739	4835927	8190	3819	12006	0.0	14279	8038
LLOP01000029.1	NC_009656.1	100.000	5509772	5508623	1150	165944	167093	0.0	2124	1150
LLOP01000029.1	NC_009656.1	99.688	3861394	3860755	640	162953	163592	0.0	1171	638
LLOP01000029.1	NC_009656.1	99.177	5498446	5498204	243	167090	167331	3.26e-120	436	241
LLOP01000029.1	NC_009656.1	99.580	5511660	5511897	238	167094	167331	1.17e-119	435	237
LLOP01000029.1	NC_009656.1	100.000	116354	116188	167	161435	161601	7.42e-82	309	167
LLOP01000029.1	NC_009656.1	100.000	1203622	1203654	33	50013	50045	2.29e-07	62.1	33
LLOP01000030.1	NC_009656.1	98.223	2521061	2520274	788	330	1117	0.0	1378	774
LLOP01000030.1	NC_009656.1	98.952	4563267	4562791	477	155804	156280	0.0	854	472
LLOP01000030.1	NC_009656.1	98.943	4825286	4825758	473	155808	156280	0.0	846	468
LLOP01000030.1	NC_009656.1	98.520	2887230	2887702	473	155808	156280	0.0	835	466
LLOP01000030.1	NC_009656.1	98.520	4369993	4369521	473	155808	156280	0.0	835	466
LLOP01000030.1	NC_009656.1	98.312	4925395	4925868	474	155807	156280	0.0	832	466
LLOP01000030.1	NC_009656.1	98.309	2430416	2429944	473	155808	156280	0.0	830	465
LLOP01000030.1	NC_009656.1	98.309	2538380	2538852	473	155808	156280	0.0	830	465
LLOP01000030.1	NC_009656.1	100.000	2521358	2521060	299	1	299	2.90e-155	553	299
LLOP01000030.1	NC_009656.1	100.000	4728105	4728025	81	86090	86170	4.44e-34	150	81
LLOP01000030.1	NC_009656.1	100.000	4728291	4728212	80	86278	86357	1.60e-33	148	80
LLOP01000030.1	NC_009656.1	100.000	5325827	5325750	78	154973	155050	2.07e-32	145	78
LLOP01000031.1	NC_009656.1	98.133	3014127	2971839	42304	56727	99022	0.0	73723	41514
LLOP01000031.1	NC_009656.1	98.276	3019733	3019618	116	44477	44592	3.03e-50	204	114
LLOP01000031.1	NC_009656.1	100.000	6347719	6347752	34	25174	25207	5.36e-08	63.9	34
LLOP01000031.1	NC_009656.1	100.000	1730770	1730800	31	34591	34621	2.49e-06	58.4	31
LLOP01000032.1	NC_009656.1	100.000	879042	879006	37	24942	24978	1.12e-09	69.4	37
LLOP01000033.1	NC_009656.1	98.852	1974772	2044628	69869	1	69863	0.0	1.246e+05	69067
LLOP01000033.1	NC_009656.1	99.029	1900200	1900405	206	102679	102884	1.02e-99	370	204
LLOP01000033.1	NC_009656.1	100.000	1900323	1900404	82	102993	103074	4.04e-34	152	82
LLOP01000033.1	NC_009656.1	98.795	5325918	5326000	83	54441	54523	5.23e-33	148	82
LLOP01000033.1	NC_009656.1	100.000	2390752	2390829	78	404657	404734	6.76e-32	145	78
LLOP01000033.1	NC_009656.1	100.000	2038208	2038284	77	404578	404654	2.43e-31	143	77
LLOP01000033.1	NC_009656.1	100.000	2390513	2390589	77	63442	63518	2.43e-31	143	77
LLOP01000033.1	NC_009656.1	100.000	2038500	2038575	76	404579	404654	8.74e-31	141	76
LLOP01000033.1	NC_009656.1	100.000	2390514	2390589	76	63734	63809	8.74e-31	141	76
LLOP01000033.1	NC_009656.1	100.000	2390592	2390667	76	404817	404892	8.74e-31	141	76
LLOP01000033.1	NC_009656.1	98.734	2635896	2635974	79	404814	404892	8.74e-31	141	78
LLOP01000033.1	NC_009656.1	100.000	2635899	2635974	76	404657	404732	8.74e-31	141	76
LLOP01000033.1	NC_009656.1	100.000	5089635	5089668	34	373994	374027	1.95e-07	63.9	34
LLOP01000033.1	NC_009656.1	100.000	2002682	2002653	30	27884	27913	3.26e-05	56.5	30
LLOP01000033.1	NC_009656.1	100.000	1038123	1038095	29	69835	69863	1.17e-04	54.7	29
LLOP01000033.1	NC_009656.1	100.000	3387642	3387614	29	335691	335719	1.17e-04	54.7	29
LLOP01000033.1	NC_009656.1	100.000	3043416	3043389	28	310568	310595	4.21e-04	52.8	28
LLOP01000033.1	NC_009656.1	100.000	6397298	6397271	28	458011	458038	4.21e-04	52.8	28
LLOP01000034.1	NC_009656.1	99.748	3175191	3162495	12698	70541	83236	0.0	23268	12666
LLOP01000034.1	NC_009656.1	100.000	1054773	1054741	33	36049	36081	1.80e-07	62.1	33
LLOP01000034.1	NC_009656.1	100.000	1730800	1730770	31	36231	36261	2.32e-06	58.4	31
LLOP01000035.1	NC_009656.1	98.765	2390671	2390591	81	12360	12439	6.04e-32	143	80
LLOP01000035.1	NC_009656.1	100.000	2390828	2390752	77	12362	12438	6.04e-32	143	77
LLOP01000036.1	NC_009656.1	100.000	5306028	5305947	82	39124	39205	8.87e-35	152	82
LLOP01000036.1	NC_009656.1	100.000	4659359	4659312	48	19765	19812	7.06e-16	89.8	48
LLOP01000036.1	NC_009656.1	98.000	4573802	4573753	50	19768	19817	2.54e-15	87.9	49
LLOP01000036.1	NC_009656.1	100.000	566142	566114	29	90239	90267	2.57e-05	54.7	29
LLOP01000036.1	NC_009656.1	100.000	4590109	4590081	29	4625	4653	2.57e-05	54.7	29
LLOP01000036.1	NC_009656.1	100.000	3583927	3583954	28	39212	39239	9.26e-05	52.8	28
LLOP01000037.1	NC_009656.1	99.194	4825277	4825524	248	104645	104891	3.40e-123	446	246
LLOP01000039.1	NC_009656.1	99.378	139500	139981	482	1	482	0.0	874	479
LLOP01000039.1	NC_009656.1	100.000	3794381	3794409	29	82674	82702	2.15e-05	54.7	29
LLOP01000040.1	NC_009656.1	100.000	1054741	1054776	36	87919	87954	2.60e-09	67.6	36
LLOP01000040.1	NC_009656.1	100.000	454851	454884	34	87726	87759	3.37e-08	63.9	34
LLOP01000040.1	NC_009656.1	100.000	1593808	1593776	33	88157	88189	1.21e-07	62.1	33
LLOP01000040.1	NC_009656.1	100.000	2889345	2889313	33	88157	88189	1.21e-07	62.1	33
LLOP01000040.1	NC_009656.1	100.000	2717947	2717918	30	88160	88189	5.64e-06	56.5	30
LLOP01000040.1	NC_009656.1	100.000	5169524	5169553	30	23406	23435	5.64e-06	56.5	30
LLOP01000041.1	NC_009656.1	98.592	5412909	5412979	71	79353	79423	4.22e-27	126	70
LLOP01000041.1	NC_009656.1	100.000	4760165	4760196	32	9323	9354	4.35e-07	60.2	32
LLOP01000042.1	NC_009656.1	100.000	116192	111842	4351	392	4742	0.0	8035	4351
LLOP01000042.1	NC_009656.1	99.497	5512301	5512697	398	1	398	0.0	723	396
LLOP01000042.1	NC_009656.1	100.000	5497800	5497562	239	1	239	3.49e-122	442	239
LLOP01000042.1	NC_009656.1	100.000	4774680	4774653	28	64338	64365	6.86e-05	52.8	28
LLOP01000043.1	NC_009656.1	100.000	630183	630150	34	35807	35840	2.97e-08	63.9	34
LLOP01000044.1	NC_009656.1	98.485	4150354	4150289	66	2465	2530	1.38e-23	117	65
LLOP01000044.1	NC_009656.1	100.000	6580599	6580569	31	96002	96032	8.50e-06	58.4	31
LLOP01000044.1	NC_009656.1	100.000	3725240	3725269	30	234506	234535	3.06e-05	56.5	30
LLOP01000045.1	NC_009656.1	100.000	2917918	2917956	39	32541	32579	4.11e-11	73.1	39
LLOP01000045.1	NC_009656.1	100.000	454850	454882	33	13089	13121	8.90e-08	62.1	33
LLOP01000045.1	NC_009656.1	100.000	1704354	1704385	32	37481	37512	3.20e-07	60.2	32
LLOP01000046.1	NC_009656.1	98.529	2813807	2814146	340	1	340	3.94e-170	601	335
LLOP01000046.1	NC_009656.1	100.000	56283	56253	31	362	392	1.07e-06	58.4	31
LLOP01000046.1	NC_009656.1	100.000	2834562	2834532	31	362	392	1.07e-06	58.4	31
LLOP01000047.1	NC_009656.1	98.268	2539655	2549873	10221	925	11143	0.0	17891	10044
LLOP01000048.1	NC_009656.1	100.000	2497716	2497689	28	38437	38464	4.12e-05	52.8	28
LLOP01000049.1	NC_009656.1	98.026	816503	815339	1165	47887	49051	0.0	2025	1142
LLOP01000049.1	NC_009656.1	100.000	1054776	1054741	36	265	300	1.44e-09	67.6	36
LLOP01000050.1	NC_009656.1	100.000	5674245	5674214	32	306	337	2.08e-07	60.2	32
LLOP01000051.1	NC_009656.1	99.580	5498441	5498204	238	36845	37082	2.60e-120	435	237
LLOP01000051.1	NC_009656.1	99.580	5511660	5511897	238	36845	37082	2.60e-120	435	237
LLOP01000052.1	NC_009656.1	100.000	4825524	4825284	241	1	241	1.18e-123	446	241
LLOP01000053.1	NC_009656.1	98.340	5534884	5536147	1265	7157	8421	0.0	2218	1244
LLOP01000054.1	NC_009656.1	100.000	207158	207193	36	19494	19529	7.99e-10	67.6	36
LLOP01000054.1	NC_009656.1	100.000	5782615	5782646	32	6414	6445	1.34e-07	60.2	32
LLOP01000054.1	NC_009656.1	100.000	4275848	4275878	31	19497	19527	4.81e-07	58.4	31
LLOP01000055.1	NC_009656.1	100.000	1254839	1254881	43	227326	227368	1.56e-12	80.5	43
LLOP01000055.1	NC_009656.1	100.000	1054822	1054789	34	268128	268161	1.57e-07	63.9	34
LLOP01000055.1	NC_009656.1	100.000	1054822	1054789	34	268007	268040	1.57e-07	63.9	34
LLOP01000055.1	NC_009656.1	100.000	537655	537623	33	219287	219319	5.66e-07	62.1	33
LLOP01000055.1	NC_009656.1	100.000	1593807	1593776	32	354616	354647	2.04e-06	60.2	32
LLOP01000055.1	NC_009656.1	100.000	2889344	2889313	32	354616	354647	2.04e-06	60.2	32
LLOP01000055.1	NC_009656.1	100.000	2717947	2717918	30	354618	354647	2.64e-05	56.5	30
LLOP01000055.1	NC_009656.1	100.000	5798868	5798839	30	88859	88888	2.64e-05	56.5	30
LLOP01000055.1	NC_009656.1	100.000	1699797	1699769	29	260814	260842	9.48e-05	54.7	29
LLOP01000055.1	NC_009656.1	100.000	509837	509810	28	188449	188476	3.41e-04	52.8	28
LLOP01000055.1	NC_009656.1	100.000	5110423	5110450	28	387166	387193	3.41e-04	52.8	28
LLOP01000056.1	NC_009656.1	100.000	4825286	4825523	238	23532	23769	3.58e-122	440	238
LLOP01000057.1	NC_009656.1	99.024	137786	137377	410	1	410	0.0	736	406
LLOP01000059.1	NC_009656.1	98.039	832082	816018	16066	1	16065	0.0	27922	15751
LLOP01000060.1	NC_009656.1	99.411	5205031	5220638	15618	1	15614	0.0	28319	15526
LLOP01000060.1	NC_009656.1	99.351	704108	689324	14785	1	14785	0.0	26772	14689
LLOP01000061.1	NC_009656.1	98.401	2829452	2828017	1438	13941	15378	0.0	2527	1415
LLOP01000062.1	NC_009656.1	98.803	2824955	2823703	1253	5402	6654	0.0	2231	1238
LLOP01000062.1	NC_009656.1	98.874	2812094	2810852	1243	5412	6654	0.0	2218	1229
LLOP01000062.1	NC_009656.1	98.582	2811702	2811421	282	1	282	2.61e-140	499	278
LLOP01000062.1	NC_009656.1	98.582	2824553	2824272	282	1	282	2.61e-140	499	278
LLOP01000062.1	NC_009656.1	99.038	2826802	2826699	104	4469	4572	2.31e-46	187	103
LLOP01000062.1	NC_009656.1	100.000	2834565	2834533	33	3372	3404	1.46e-08	62.1	33
LLOP01000062.1	NC_009656.1	100.000	56285	56254	32	1806	1837	5.24e-08	60.2	32
LLOP01000062.1	NC_009656.1	100.000	2834531	2834562	32	3567	3598	5.24e-08	60.2	32
LLOP01000062.1	NC_009656.1	100.000	2834564	2834533	32	1806	1837	5.24e-08	60.2	32
LLOP01000062.1	NC_009656.1	100.000	2829715	2829745	31	3568	3598	1.89e-07	58.4	31
LLOP01000062.1	NC_009656.1	100.000	2829715	2829745	31	4433	4463	1.89e-07	58.4	31
LLOP01000063.1	NC_009656.1	98.032	2817313	2818378	1067	8259	9325	0.0	1853	1046
LLOP01000063.1	NC_009656.1	100.000	2829745	2829715	31	5212	5242	1.83e-07	58.4	31
LLOP01000066.1	NC_009656.1	99.190	5512301	5512546	247	1	247	3.95e-122	444	245
LLOP01000066.1	NC_009656.1	100.000	5497800	5497562	239	1	239	1.42e-121	442	239
LLOP01000066.1	NC_009656.1	100.000	5326159	5326191	33	45047	45079	4.65e-07	62.1	33
LLOP01000066.1	NC_009656.1	100.000	3583955	3583926	30	45050	45079	2.16e-05	56.5	30
LLOP01000067.1	NC_009656.1	98.254	4368757	4369615	859	7311	8168	0.0	1502	844
LLOP01000067.1	NC_009656.1	98.137	2539616	2538758	859	7311	8168	0.0	1496	843
LLOP01000067.1	NC_009656.1	98.028	4926632	4925771	862	7312	8171	0.0	1496	845
LLOP01000067.1	NC_009656.1	98.135	2429181	2430038	858	7312	8168	0.0	1495	842
LLOP01000067.1	NC_009656.1	98.026	2888465	2887605	861	7312	8171	0.0	1495	844
LLOP01000067.1	NC_009656.1	98.026	4826521	4825661	861	7312	8171	0.0	1495	844
LLOP01000067.1	NC_009656.1	98.848	4562455	4562888	434	7738	8171	0.0	774	429
LLOP01000067.1	NC_009656.1	99.160	2521360	2521478	119	1	119	8.10e-55	215	118
LLOP01000068.1	NC_009656.1	98.000	2520274	2520723	450	5669	6118	0.0	782	441
LLOP01000069.1	NC_009656.1	99.314	5566209	5571733	5543	1	5543	0.0	10009	5505
LLOP01000069.1	NC_009656.1	99.278	4982893	4988417	5543	1	5543	0.0	9998	5503
LLOP01000069.1	NC_009656.1	99.278	812269	806748	5540	4	5543	0.0	9993	5500
LLOP01000069.1	NC_009656.1	99.260	6353445	6358969	5543	1	5543	0.0	9993	5502
LLOP01000072.1	NC_009656.1	98.257	2824945	2824315	631	4210	4840	0.0	1105	620
LLOP01000072.1	NC_009656.1	98.104	2826710	2826078	633	4208	4840	0.0	1103	621
LLOP01000072.1	NC_009656.1	98.101	2828530	2827899	632	4209	4840	0.0	1101	620
LLOP01000072.1	NC_009656.1	100.000	2819327	2819293	35	1463	1497	5.10e-10	65.8	35
LLOP01000072.1	NC_009656.1	100.000	56285	56252	34	2364	2397	1.83e-09	63.9	34
LLOP01000072.1	NC_009656.1	100.000	2834564	2834531	34	2364	2397	1.83e-09	63.9	34
LLOP01000072.1	NC_009656.1	100.000	2813018	2813050	33	2366	2398	6.60e-09	62.1	33
LLOP01000072.1	NC_009656.1	100.000	2831144	2831176	33	2366	2398	6.60e-09	62.1	33
LLOP01000072.1	NC_009656.1	100.000	2829715	2829745	31	3510	3540	8.54e-08	58.4	31
LLOP01000077.1	NC_009656.1	99.758	4825699	4825286	414	1	414	0.0	760	413
LLOP01000077.1	NC_009656.1	98.077	4562850	4563265	416	1	416	0.0	725	408
LLOP01000077.1	NC_009656.1	100.000	5270168	5270206	39	107933	107971	1.81e-10	73.1	39
LLOP01000078.1	NC_009656.1	98.555	2831135	2829752	1384	1030	2412	0.0	2444	1364
LLOP01000078.1	NC_009656.1	99.111	2813459	2813011	450	1	450	0.0	808	446
LLOP01000078.1	NC_009656.1	99.101	55930	55486	445	1	445	0.0	800	441
LLOP01000078.1	NC_009656.1	98.664	2831585	2831137	449	1	449	0.0	797	443
LLOP01000078.1	NC_009656.1	100.000	56252	56283	32	411	442	1.62e-08	60.2	32
LLOP01000078.1	NC_009656.1	100.000	2834531	2834562	32	411	442	1.62e-08	60.2	32
LLOP01000078.1	NC_009656.1	100.000	2829715	2829745	31	412	442	5.84e-08	58.4	31
LLOP01000081.1	NC_009656.1	99.001	2821180	2822580	1401	388	1787	0.0	2508	1387
LLOP01000081.1	NC_009656.1	98.799	2809574	2810239	666	1782	2447	0.0	1186	658
LLOP01000081.1	NC_009656.1	98.198	50407	51072	666	1782	2447	0.0	1164	654
LLOP01000081.1	NC_009656.1	98.429	2834182	2834563	382	1	382	0.0	673	376
LLOP01000081.1	NC_009656.1	99.118	2822751	2823090	340	2108	2447	7.31e-175	612	337
LLOP01000081.1	NC_009656.1	98.387	49966	50151	186	1602	1787	2.97e-89	327	183
LLOP01000081.1	NC_009656.1	98.387	2809133	2809318	186	1602	1787	2.97e-89	327	183
LLOP01000081.1	NC_009656.1	99.359	2813432	2813587	156	1	156	6.51e-76	283	155
LLOP01000081.1	NC_009656.1	98.077	2831558	2831713	156	1	156	1.41e-72	272	153
LLOP01000081.1	NC_009656.1	100.000	2813049	2813018	32	350	381	1.19e-08	60.2	32
LLOP01000081.1	NC_009656.1	100.000	2829715	2829746	32	351	382	1.19e-08	60.2	32
LLOP01000081.1	NC_009656.1	100.000	2831175	2831144	32	350	381	1.19e-08	60.2	32
LLOP01000083.1	NC_009656.1	98.457	2834563	2834240	324	1798	2121	1.07e-162	571	319
LLOP01000083.1	NC_009656.1	98.148	56284	55961	324	1798	2121	5.00e-161	566	318
LLOP01000083.1	NC_009656.1	99.331	2813311	2813013	299	1	299	8.42e-154	542	297
LLOP01000083.1	NC_009656.1	98.990	55782	55486	297	1	297	5.07e-151	532	294
LLOP01000083.1	NC_009656.1	99.219	2833980	2833853	128	1666	1793	2.07e-60	231	127
LLOP01000083.1	NC_009656.1	98.980	2813587	2813490	98	2024	2121	9.84e-44	176	97
LLOP01000083.1	NC_009656.1	98.734	2834061	2833983	79	1	79	3.59e-33	141	78
LLOP01000083.1	NC_009656.1	100.000	56252	56283	32	263	294	1.03e-08	60.2	32
LLOP01000083.1	NC_009656.1	100.000	2813018	2813049	32	1799	1830	1.03e-08	60.2	32
LLOP01000083.1	NC_009656.1	100.000	2829746	2829715	32	1798	1829	1.03e-08	60.2	32
LLOP01000083.1	NC_009656.1	100.000	2831144	2831175	32	1799	1830	1.03e-08	60.2	32
LLOP01000083.1	NC_009656.1	100.000	2834531	2834562	32	263	294	1.03e-08	60.2	32
LLOP01000083.1	NC_009656.1	100.000	2829715	2829745	31	264	294	3.72e-08	58.4	31
LLOP01000084.1	NC_009656.1	99.270	2813627	2814037	411	1642	2052	0.0	743	408
LLOP01000086.1	NC_009656.1	99.336	2813311	2813011	301	1	301	5.79e-155	545	299
LLOP01000086.1	NC_009656.1	99.663	2831437	2831141	297	1	297	2.08e-154	544	296
LLOP01000086.1	NC_009656.1	98.993	55782	55485	298	1	298	1.25e-151	534	295
LLOP01000086.1	NC_009656.1	98.734	2834061	2833983	79	1	79	3.19e-33	141	78
LLOP01000086.1	NC_009656.1	100.000	56252	56283	32	263	294	9.19e-09	60.2	32
LLOP01000086.1	NC_009656.1	100.000	2834531	2834562	32	263	294	9.19e-09	60.2	32
LLOP01000086.1	NC_009656.1	100.000	2829715	2829745	31	264	294	3.31e-08	58.4	31
LLOP01000088.1	NC_009656.1	100.000	1181161	1181194	34	247098	247131	1.01e-07	63.9	34
LLOP01000088.1	NC_009656.1	100.000	103451	103479	29	220271	220299	6.10e-05	54.7	29
LLOP01000088.1	NC_009656.1	100.000	2321525	2321497	29	231217	231245	6.10e-05	54.7	29
LLOP01000090.1	NC_009656.1	99.643	705269	703870	1400	2	1401	0.0	2558	1395
LLOP01000090.1	NC_009656.1	98.500	5203870	5205269	1400	2	1401	0.0	2470	1379
LLOP01000093.1	NC_009656.1	99.886	5498441	5497562	880	2	881	0.0	1620	879
LLOP01000093.1	NC_009656.1	99.886	5511660	5512539	880	2	881	0.0	1620	879
LLOP01000094.1	NC_009656.1	99.513	2813627	2814037	411	468	878	0.0	749	409
LLOP01000094.1	NC_009656.1	98.148	2834240	2834563	324	1	324	2.04e-161	566	318
LLOP01000094.1	NC_009656.1	98.980	2813490	2813587	98	1	98	4.01e-44	176	97
LLOP01000094.1	NC_009656.1	100.000	2813049	2813018	32	292	323	4.21e-09	60.2	32
LLOP01000094.1	NC_009656.1	100.000	2831175	2831144	32	292	323	4.21e-09	60.2	32
LLOP01000095.1	NC_009656.1	99.216	4825573	4826337	765	1	765	0.0	1380	759
LLOP01000095.1	NC_009656.1	98.562	2887517	2888281	765	1	765	0.0	1352	754
LLOP01000095.1	NC_009656.1	98.562	4925683	4926447	765	1	765	0.0	1352	754
LLOP01000095.1	NC_009656.1	98.431	2430129	2429365	765	1	765	0.0	1347	753
LLOP01000095.1	NC_009656.1	98.431	2538667	2539431	765	1	765	0.0	1347	753
LLOP01000095.1	NC_009656.1	98.431	4369706	4368942	765	1	765	0.0	1347	753
LLOP01000095.1	NC_009656.1	99.042	4562976	4562455	522	1	522	0.0	937	517
LLOP01000096.1	NC_009656.1	98.622	55692	56199	508	1	508	0.0	900	501
LLOP01000096.1	NC_009656.1	98.185	2833983	2834478	496	13	508	0.0	867	487
LLOP01000096.1	NC_009656.1	99.728	2813221	2813587	367	1	367	0.0	673	366
LLOP01000096.1	NC_009656.1	98.638	2831347	2831713	367	1	367	0.0	651	362
LLOP01000099.1	NC_009656.1	98.351	1296727	1293818	2910	105966	108875	0.0	5108	2862
LLOP01000099.1	NC_009656.1	100.000	377668	377639	30	170406	170435	1.66e-05	56.5	30
LLOP01000099.1	NC_009656.1	100.000	857764	857792	29	139863	139891	5.97e-05	54.7	29
LLOP01000100.1	NC_009656.1	99.565	4826032	4825573	460	1	460	0.0	839	458
LLOP01000100.1	NC_009656.1	99.348	4562517	4562976	460	1	460	0.0	833	457
LLOP01000100.1	NC_009656.1	98.478	2887976	2887517	460	1	460	0.0	811	453
LLOP01000100.1	NC_009656.1	98.478	4369247	4369706	460	1	460	0.0	811	453
LLOP01000100.1	NC_009656.1	98.478	4926142	4925683	460	1	460	0.0	811	453
LLOP01000100.1	NC_009656.1	98.261	2429670	2430129	460	1	460	0.0	806	452
LLOP01000100.1	NC_009656.1	98.261	2539126	2538667	460	1	460	0.0	806	452
LLOP01000102.1	NC_009656.1	99.721	2521478	2521120	359	121	479	0.0	658	358
LLOP01000103.1	NC_009656.1	98.936	5566678	5566209	470	1	470	0.0	841	465
LLOP01000103.1	NC_009656.1	98.929	811803	812269	467	1	467	0.0	835	462
LLOP01000103.1	NC_009656.1	98.723	4983362	4982893	470	1	470	0.0	835	464
LLOP01000103.1	NC_009656.1	98.511	6353914	6353445	470	1	470	0.0	830	463
LLOP01000109.1	NC_009656.1	100.000	4825699	4825286	414	1	414	0.0	765	414
LLOP01000109.1	NC_009656.1	98.309	4562850	4563263	414	1	414	0.0	726	407
LLOP01000110.1	NC_009656.1	99.509	4651442	4602956	48490	198433	246921	0.0	88222	48252
LLOP01000110.1	NC_009656.1	99.709	4601669	4594101	7572	246949	254518	0.0	13856	7550
LLOP01000110.1	NC_009656.1	100.000	4825286	4825524	239	254518	254756	1.07e-121	442	239
LLOP01000110.1	NC_009656.1	98.795	2029292	2029210	83	190470	190552	2.61e-33	148	82
LLOP01000110.1	NC_009656.1	98.780	4659389	4659308	82	190642	190723	9.37e-33	147	81
LLOP01000110.1	NC_009656.1	100.000	111843	111880	38	9329	9366	5.80e-10	71.3	38
LLOP01000110.1	NC_009656.1	100.000	111880	111843	38	15755	15792	5.80e-10	71.3	38
LLOP01000110.1	NC_009656.1	100.000	2370352	2370383	32	190259	190290	1.26e-06	60.2	32
LLOP01000114.1	NC_009656.1	99.742	2813459	2813073	387	1	387	0.0	710	386
LLOP01000114.1	NC_009656.1	99.483	55930	55544	387	1	387	0.0	704	385
LLOP01000114.1	NC_009656.1	99.483	2831585	2831199	387	1	387	0.0	704	385
LLOP01000116.1	NC_009656.1	98.438	2429220	2429603	384	1	384	0.0	676	378
LLOP01000116.1	NC_009656.1	98.438	2539576	2539193	384	1	384	0.0	676	378
LLOP01000116.1	NC_009656.1	98.177	4826482	4826099	384	1	384	0.0	671	377
LLOP01000118.1	NC_009656.1	99.167	2521478	2521239	240	121	360	8.52e-122	433	238
LLOP01000119.1	NC_009656.1	99.441	2521120	2521477	358	1	358	0.0	651	356
