JTRI01000001.1	NC_009656.1	98.086	2078171	2077963	209	32169	32377	2.08e-98	364	205
JTRI01000001.1	NC_009656.1	100.000	2078354	2078273	82	32177	32258	1.77e-34	152	82
JTRI01000001.1	NC_009656.1	100.000	6520059	6520030	30	164816	164845	1.42e-05	56.5	30
JTRI01000010.1	NC_009656.1	98.268	716962	689324	27663	138868	166495	0.0	48375	27184
JTRI01000010.1	NC_009656.1	100.000	5305947	5306028	82	240155	240236	2.13e-34	152	82
JTRI01000010.1	NC_009656.1	100.000	4580541	4580618	78	267020	267097	3.56e-32	145	78
JTRI01000010.1	NC_009656.1	100.000	4659312	4659359	48	259549	259596	1.69e-15	89.8	48
JTRI01000010.1	NC_009656.1	98.000	4573753	4573802	50	259544	259593	6.08e-15	87.9	49
JTRI01000010.1	NC_009656.1	100.000	2359743	2359776	34	35838	35871	1.02e-07	63.9	34
JTRI01000010.1	NC_009656.1	100.000	566114	566142	29	189093	189121	6.17e-05	54.7	29
JTRI01000010.1	NC_009656.1	100.000	3447875	3447902	28	116204	116231	2.22e-04	52.8	28
JTRI01000010.1	NC_009656.1	100.000	3583954	3583927	28	240121	240148	2.22e-04	52.8	28
JTRI01000100.1	NC_009656.1	98.673	4584681	4584079	603	1	603	0.0	1070	595
JTRI01000011.1	NC_009656.1	98.803	2823703	2824955	1253	4534	5786	0.0	2231	1238
JTRI01000011.1	NC_009656.1	98.874	2810852	2812094	1243	4534	5776	0.0	2218	1229
JTRI01000011.1	NC_009656.1	98.071	2824272	2824945	674	10906	11579	0.0	1173	661
JTRI01000011.1	NC_009656.1	99.038	2826699	2826802	104	6616	6719	7.70e-46	187	103
JTRI01000011.1	NC_009656.1	100.000	2819293	2819327	35	14292	14326	3.77e-09	65.8	35
JTRI01000011.1	NC_009656.1	100.000	56252	56285	34	13392	13425	1.35e-08	63.9	34
JTRI01000011.1	NC_009656.1	100.000	2834531	2834564	34	13392	13425	1.35e-08	63.9	34
JTRI01000011.1	NC_009656.1	100.000	2813050	2813018	33	13391	13423	4.87e-08	62.1	33
JTRI01000011.1	NC_009656.1	100.000	2831176	2831144	33	13391	13423	4.87e-08	62.1	33
JTRI01000011.1	NC_009656.1	100.000	2834533	2834565	33	7784	7816	4.87e-08	62.1	33
JTRI01000011.1	NC_009656.1	100.000	56254	56285	32	9351	9382	1.75e-07	60.2	32
JTRI01000011.1	NC_009656.1	100.000	2834562	2834531	32	7590	7621	1.75e-07	60.2	32
JTRI01000011.1	NC_009656.1	100.000	2834533	2834564	32	9351	9382	1.75e-07	60.2	32
JTRI01000011.1	NC_009656.1	100.000	2829745	2829715	31	12249	12279	6.30e-07	58.4	31
JTRI01000011.1	NC_009656.1	100.000	2829745	2829715	31	7590	7620	6.30e-07	58.4	31
JTRI01000011.1	NC_009656.1	100.000	2829745	2829715	31	6725	6755	6.30e-07	58.4	31
JTRI01000013.1	NC_009656.1	100.000	377639	377668	30	50670	50699	5.77e-06	56.5	30
JTRI01000013.1	NC_009656.1	100.000	857792	857764	29	81214	81242	2.08e-05	54.7	29
JTRI01000014.1	NC_009656.1	98.268	2549873	2539655	10221	166192	176410	0.0	17891	10044
JTRI01000014.1	NC_009656.1	98.765	2390671	2390591	81	12141	12220	8.43e-32	143	80
JTRI01000014.1	NC_009656.1	100.000	2390828	2390752	77	12143	12219	8.43e-32	143	77
JTRI01000014.1	NC_009656.1	98.361	2888466	2888406	61	177095	177155	3.07e-21	108	60
JTRI01000014.1	NC_009656.1	98.333	4368758	4368817	60	177096	177155	1.11e-20	106	59
JTRI01000014.1	NC_009656.1	98.333	4826521	4826462	60	177096	177155	1.11e-20	106	59
JTRI01000014.1	NC_009656.1	98.333	4926632	4926573	60	177096	177155	1.11e-20	106	59
JTRI01000015.1	NC_009656.1	98.141	4369993	4368757	1237	155386	156622	0.0	2158	1214
JTRI01000015.1	NC_009656.1	98.139	2887230	2888465	1236	155386	156621	0.0	2156	1213
JTRI01000015.1	NC_009656.1	98.060	2538380	2539616	1237	155386	156622	0.0	2152	1213
JTRI01000015.1	NC_009656.1	98.061	4925395	4926632	1238	155385	156621	0.0	2152	1214
JTRI01000015.1	NC_009656.1	98.042	4563267	4562451	817	155382	156198	0.0	1421	801
JTRI01000015.1	NC_009656.1	98.129	2520274	2520968	695	162051	162745	0.0	1212	682
JTRI01000015.1	NC_009656.1	100.000	4728105	4728025	81	85668	85748	4.63e-34	150	81
JTRI01000015.1	NC_009656.1	100.000	4728291	4728212	80	85856	85935	1.66e-33	148	80
JTRI01000015.1	NC_009656.1	100.000	5325827	5325750	78	154551	154628	2.15e-32	145	78
JTRI01000016.1	NC_009656.1	100.000	6580599	6580569	31	62086	62116	3.60e-06	58.4	31
JTRI01000016.1	NC_009656.1	100.000	3725240	3725269	30	200574	200603	1.29e-05	56.5	30
JTRI01000017.1	NC_009656.1	100.000	2717949	2717917	33	81975	82007	2.15e-07	62.1	33
JTRI01000017.1	NC_009656.1	100.000	5753123	5753091	33	115084	115116	2.15e-07	62.1	33
JTRI01000017.1	NC_009656.1	100.000	2889342	2889312	31	81977	82007	2.78e-06	58.4	31
JTRI01000018.1	NC_009656.1	99.490	4825481	4825286	196	1	196	4.45e-96	357	195
JTRI01000018.1	NC_009656.1	98.446	1262302	1262110	193	284759	284951	4.48e-91	340	190
JTRI01000018.1	NC_009656.1	100.000	5270168	5270206	39	107715	107753	1.80e-10	73.1	39
JTRI01000019.1	NC_009656.1	99.261	139981	139576	406	93024	93429	0.0	734	403
JTRI01000019.1	NC_009656.1	100.000	3794409	3794381	29	10804	10832	2.14e-05	54.7	29
JTRI01000002.1	NC_009656.1	100.000	1181161	1181194	34	247451	247484	1.01e-07	63.9	34
JTRI01000002.1	NC_009656.1	100.000	103451	103479	29	220624	220652	6.10e-05	54.7	29
JTRI01000002.1	NC_009656.1	100.000	2321525	2321497	29	231570	231598	6.10e-05	54.7	29
JTRI01000021.1	NC_009656.1	98.810	494508	488635	5880	21	5899	0.0	10464	5810
JTRI01000021.1	NC_009656.1	100.000	5798839	5798868	30	87258	87287	6.25e-06	56.5	30
JTRI01000022.1	NC_009656.1	98.007	816503	815701	803	47669	48471	0.0	1395	787
JTRI01000022.1	NC_009656.1	100.000	1054776	1054741	36	47	82	2.01e-09	67.6	36
JTRI01000023.1	NC_009656.1	98.057	5104309	5103126	1184	224625	225808	0.0	2060	1161
JTRI01000023.1	NC_009656.1	100.000	5221132	5221098	35	224625	224659	2.45e-08	65.8	35
JTRI01000023.1	NC_009656.1	100.000	56283	56253	31	144	174	4.10e-06	58.4	31
JTRI01000023.1	NC_009656.1	100.000	2834562	2834532	31	144	174	4.10e-06	58.4	31
JTRI01000023.1	NC_009656.1	100.000	3926978	3927006	29	103070	103098	5.30e-05	54.7	29
JTRI01000025.1	NC_009656.1	99.001	2822580	2821180	1401	5730	7129	0.0	2508	1387
JTRI01000025.1	NC_009656.1	98.555	2831135	2829752	1384	2886	4268	0.0	2444	1364
JTRI01000025.1	NC_009656.1	98.013	51513	50407	1107	4629	5735	0.0	1923	1085
JTRI01000025.1	NC_009656.1	98.649	56284	55545	740	7135	7874	0.0	1312	730
JTRI01000025.1	NC_009656.1	98.107	2834563	2833983	581	7135	7715	0.0	1013	570
JTRI01000025.1	NC_009656.1	99.611	2813587	2813074	514	7361	7874	0.0	939	512
JTRI01000025.1	NC_009656.1	99.027	2831713	2831200	514	7361	7874	0.0	922	509
JTRI01000025.1	NC_009656.1	98.276	2813241	2813011	232	2075	2306	4.31e-112	405	228
JTRI01000025.1	NC_009656.1	98.268	2831367	2831137	231	2075	2305	4.31e-112	405	227
JTRI01000025.1	NC_009656.1	98.678	55712	55486	227	2075	2301	1.55e-111	403	224
JTRI01000025.1	NC_009656.1	98.214	56284	56061	224	1580	1803	3.36e-108	392	220
JTRI01000025.1	NC_009656.1	98.387	50151	49966	186	5730	5915	9.61e-89	327	183
JTRI01000025.1	NC_009656.1	98.387	2809318	2809133	186	5730	5915	9.61e-89	327	183
JTRI01000025.1	NC_009656.1	99.219	2833980	2833853	128	1448	1575	7.75e-60	231	127
JTRI01000025.1	NC_009656.1	98.765	2813093	2813013	81	1	81	1.04e-33	145	80
JTRI01000025.1	NC_009656.1	100.000	56252	56283	32	45	76	3.87e-08	60.2	32
JTRI01000025.1	NC_009656.1	100.000	56252	56283	32	2267	2298	3.87e-08	60.2	32
JTRI01000025.1	NC_009656.1	100.000	2813018	2813049	32	1581	1612	3.87e-08	60.2	32
JTRI01000025.1	NC_009656.1	100.000	2813018	2813049	32	7136	7167	3.87e-08	60.2	32
JTRI01000025.1	NC_009656.1	100.000	2829746	2829715	32	7135	7166	3.87e-08	60.2	32
JTRI01000025.1	NC_009656.1	100.000	2829746	2829715	32	1580	1611	3.87e-08	60.2	32
JTRI01000025.1	NC_009656.1	100.000	2831144	2831175	32	1581	1612	3.87e-08	60.2	32
JTRI01000025.1	NC_009656.1	100.000	2831144	2831175	32	7136	7167	3.87e-08	60.2	32
JTRI01000025.1	NC_009656.1	100.000	2834531	2834562	32	45	76	3.87e-08	60.2	32
JTRI01000025.1	NC_009656.1	100.000	2834531	2834562	32	2267	2298	3.87e-08	60.2	32
JTRI01000025.1	NC_009656.1	100.000	2829715	2829745	31	46	76	1.39e-07	58.4	31
JTRI01000025.1	NC_009656.1	100.000	2829715	2829745	31	2268	2298	1.39e-07	58.4	31
JTRI01000026.1	NC_009656.1	100.000	2829715	2829745	31	1342	1372	1.18e-07	58.4	31
JTRI01000027.1	NC_009656.1	98.765	2813011	2813091	81	1415	1495	1.95e-34	145	80
JTRI01000027.1	NC_009656.1	98.701	2831141	2831217	77	1419	1495	3.26e-32	137	76
JTRI01000027.1	NC_009656.1	100.000	56283	56252	32	1422	1453	7.25e-09	60.2	32
JTRI01000027.1	NC_009656.1	100.000	2834562	2834531	32	1422	1453	7.25e-09	60.2	32
JTRI01000027.1	NC_009656.1	100.000	2829745	2829715	31	1422	1452	2.61e-08	58.4	31
JTRI01000028.1	NC_009656.1	100.000	2917956	2917918	39	35086	35124	4.27e-11	73.1	39
JTRI01000028.1	NC_009656.1	100.000	454882	454850	33	54544	54576	9.24e-08	62.1	33
JTRI01000028.1	NC_009656.1	100.000	1704385	1704354	32	30153	30184	3.32e-07	60.2	32
JTRI01000029.1	NC_009656.1	98.137	2971839	3014127	42304	32856	75151	0.0	73734	41516
JTRI01000003.1	NC_009656.1	98.159	5758867	5753708	5160	551877	557030	0.0	8997	5065
JTRI01000003.1	NC_009656.1	98.592	5412909	5412979	71	75738	75808	3.24e-26	126	70
JTRI01000003.1	NC_009656.1	100.000	1113485	1113452	34	243307	243340	2.58e-07	63.9	34
JTRI01000003.1	NC_009656.1	100.000	1763165	1763197	33	306320	306352	9.27e-07	62.1	33
JTRI01000003.1	NC_009656.1	100.000	6517439	6517407	33	594653	594685	9.27e-07	62.1	33
JTRI01000003.1	NC_009656.1	100.000	4760165	4760196	32	5708	5739	3.33e-06	60.2	32
JTRI01000003.1	NC_009656.1	100.000	1730770	1730800	31	546858	546888	1.20e-05	58.4	31
JTRI01000003.1	NC_009656.1	100.000	1009457	1009486	30	556934	556963	4.31e-05	56.5	30
JTRI01000003.1	NC_009656.1	100.000	2414409	2414380	30	562657	562686	4.31e-05	56.5	30
JTRI01000003.1	NC_009656.1	100.000	5753091	5753120	30	509021	509050	4.31e-05	56.5	30
JTRI01000003.1	NC_009656.1	100.000	5838935	5838963	29	676116	676144	1.55e-04	54.7	29
JTRI01000030.1	NC_009656.1	100.000	879006	879042	37	155108	155144	1.47e-09	69.4	37
JTRI01000030.1	NC_009656.1	100.000	630150	630183	34	7945	7978	6.86e-08	63.9	34
JTRI01000031.1	NC_009656.1	100.000	2414380	2414407	28	142632	142659	1.23e-04	52.8	28
JTRI01000031.1	NC_009656.1	100.000	2669908	2669935	28	141478	141505	1.23e-04	52.8	28
JTRI01000033.1	NC_009656.1	100.000	6347719	6347752	34	24956	24989	1.68e-08	63.9	34
JTRI01000033.1	NC_009656.1	100.000	1730770	1730800	31	34373	34403	7.81e-07	58.4	31
JTRI01000034.1	NC_009656.1	100.000	5326191	5326159	33	184678	184710	3.65e-07	62.1	33
JTRI01000034.1	NC_009656.1	100.000	3583926	3583955	30	184678	184707	1.70e-05	56.5	30
JTRI01000039.1	NC_009656.1	100.000	1730800	1730768	33	15485	15517	1.47e-07	62.1	33
JTRI01000039.1	NC_009656.1	100.000	1890503	1890531	29	72269	72297	2.46e-05	54.7	29
JTRI01000004.1	NC_009656.1	100.000	94238	94211	28	166	193	7.41e-05	52.8	28
JTRI01000043.1	NC_009656.1	98.885	4597728	4624266	26540	12571	39087	0.0	47349	26244
JTRI01000044.1	NC_009656.1	98.571	2521477	2521338	140	173573	173712	1.70e-63	248	138
JTRI01000044.1	NC_009656.1	100.000	21334	21361	28	27529	27556	1.43e-04	52.8	28
JTRI01000045.1	NC_009656.1	100.000	2497716	2497689	28	38219	38246	4.05e-05	52.8	28
JTRI01000048.1	NC_009656.1	99.332	5571733	5566209	5543	1	5543	0.0	10015	5506
JTRI01000048.1	NC_009656.1	99.296	4988417	4982893	5543	1	5543	0.0	10004	5504
JTRI01000048.1	NC_009656.1	99.296	806748	812269	5540	1	5540	0.0	9998	5501
JTRI01000048.1	NC_009656.1	99.278	6358969	6353445	5543	1	5543	0.0	9998	5503
JTRI01000049.1	NC_009656.1	100.000	1054773	1054741	33	35132	35164	9.54e-08	62.1	33
JTRI01000049.1	NC_009656.1	100.000	1730800	1730770	31	35314	35344	1.23e-06	58.4	31
JTRI01000005.1	NC_009656.1	98.857	2044628	1974940	69701	293138	362832	0.0	1.243e+05	68904
JTRI01000005.1	NC_009656.1	99.029	1900405	1900200	206	260117	260322	7.27e-100	370	204
JTRI01000005.1	NC_009656.1	100.000	1900404	1900323	82	259927	260008	2.87e-34	152	82
JTRI01000005.1	NC_009656.1	98.795	5326000	5325918	83	308478	308560	3.71e-33	148	82
JTRI01000005.1	NC_009656.1	100.000	2390589	2390513	77	299483	299559	1.73e-31	143	77
JTRI01000005.1	NC_009656.1	100.000	2390589	2390514	76	299192	299267	6.21e-31	141	76
JTRI01000005.1	NC_009656.1	100.000	2002653	2002682	30	335088	335117	2.31e-05	56.5	30
JTRI01000005.1	NC_009656.1	100.000	1038095	1038123	29	293138	293166	8.32e-05	54.7	29
JTRI01000005.1	NC_009656.1	100.000	3387614	3387642	29	27282	27310	8.32e-05	54.7	29
JTRI01000050.1	NC_009656.1	100.000	4926634	4926573	62	45324	45385	4.71e-24	115	62
JTRI01000050.1	NC_009656.1	100.000	4826522	4826462	61	45325	45385	1.69e-23	113	61
JTRI01000050.1	NC_009656.1	100.000	2888465	2888406	60	45326	45385	6.09e-23	111	60
JTRI01000050.1	NC_009656.1	100.000	4368758	4368817	60	45326	45385	6.09e-23	111	60
JTRI01000050.1	NC_009656.1	98.333	2429181	2429240	60	45326	45385	2.83e-21	106	59
JTRI01000050.1	NC_009656.1	98.333	2539615	2539556	60	45326	45385	2.83e-21	106	59
JTRI01000050.1	NC_009656.1	100.000	207158	207193	36	19276	19311	1.34e-09	67.6	36
JTRI01000050.1	NC_009656.1	100.000	5782615	5782646	32	6196	6227	2.24e-07	60.2	32
JTRI01000050.1	NC_009656.1	100.000	4275848	4275878	31	19279	19309	8.04e-07	58.4	31
JTRI01000051.1	NC_009656.1	99.767	3162507	3173666	11160	1	11159	0.0	20463	11134
JTRI01000052.1	NC_009656.1	98.144	4835927	4827739	8190	107996	116183	0.0	14279	8038
JTRI01000052.1	NC_009656.1	98.544	4825286	4826521	1236	143050	144284	0.0	2182	1218
JTRI01000052.1	NC_009656.1	98.397	4563265	4562455	811	143048	143858	0.0	1426	798
JTRI01000052.1	NC_009656.1	99.291	2521478	2521338	141	151477	151617	8.88e-66	255	140
JTRI01000052.1	NC_009656.1	100.000	1203654	1203622	33	69957	69989	2.08e-07	62.1	33
JTRI01000054.1	NC_009656.1	99.983	6250417	6232487	17931	9941	27871	0.0	33096	17928
JTRI01000054.1	NC_009656.1	99.987	6258565	6250886	7680	193	7872	0.0	14177	7679
JTRI01000054.1	NC_009656.1	100.000	6250889	6250416	474	8888	9361	0.0	876	474
JTRI01000054.1	NC_009656.1	100.000	6231152	6231111	42	27870	27911	6.79e-13	78.7	42
JTRI01000054.1	NC_009656.1	100.000	94238	94210	29	166	194	1.14e-05	54.7	29
JTRI01000055.1	NC_009656.1	100.000	5674245	5674214	32	761	792	2.09e-07	60.2	32
JTRI01000056.1	NC_009656.1	99.774	5497561	5498445	885	1	884	0.0	1622	883
JTRI01000056.1	NC_009656.1	99.886	5512539	5511660	880	2	881	0.0	1620	879
JTRI01000056.1	NC_009656.1	100.000	116354	116188	167	17259	17425	7.72e-83	309	167
JTRI01000057.1	NC_009656.1	100.000	111880	111843	38	4023	4060	9.23e-12	71.3	38
JTRI01000059.1	NC_009656.1	100.000	1054776	1054741	36	249	284	2.03e-09	67.6	36
JTRI01000059.1	NC_009656.1	100.000	454884	454851	34	444	477	2.62e-08	63.9	34
JTRI01000059.1	NC_009656.1	100.000	1593776	1593808	33	14	46	9.44e-08	62.1	33
JTRI01000059.1	NC_009656.1	100.000	2889313	2889345	33	14	46	9.44e-08	62.1	33
JTRI01000059.1	NC_009656.1	100.000	2717918	2717947	30	14	43	4.39e-06	56.5	30
JTRI01000059.1	NC_009656.1	100.000	5169553	5169524	30	64768	64797	4.39e-06	56.5	30
JTRI01000006.1	NC_009656.1	98.112	4624256	4645171	20921	16	20923	0.0	36429	20526
JTRI01000006.1	NC_009656.1	98.340	5534884	5536147	1265	233922	235186	0.0	2218	1244
JTRI01000006.1	NC_009656.1	98.795	2029210	2029292	83	37183	37265	2.63e-33	148	82
JTRI01000006.1	NC_009656.1	98.780	4659308	4659389	82	37012	37093	9.46e-33	147	81
JTRI01000006.1	NC_009656.1	100.000	111880	111843	38	217884	217921	5.86e-10	71.3	38
JTRI01000006.1	NC_009656.1	100.000	111843	111880	38	211458	211495	5.86e-10	71.3	38
JTRI01000006.1	NC_009656.1	100.000	2370383	2370352	32	37445	37476	1.27e-06	60.2	32
JTRI01000063.1	NC_009656.1	98.485	4150289	4150354	66	31357	31422	9.70e-25	117	65
JTRI01000067.1	NC_009656.1	99.920	5508471	5509717	1247	6286	7532	0.0	2298	1246
JTRI01000067.1	NC_009656.1	100.000	5512691	5512540	152	3338	3489	7.79e-75	281	152
JTRI01000067.1	NC_009656.1	100.000	5509712	5509772	61	7578	7638	3.01e-24	113	61
JTRI01000068.1	NC_009656.1	99.696	3861066	3861394	329	1	329	3.01e-172	603	328
JTRI01000069.1	NC_009656.1	100.000	2822751	2822812	62	579	640	6.40e-26	115	62
JTRI01000007.1	NC_009656.1	98.333	717831	717949	120	198870	198988	1.30e-51	209	118
JTRI01000007.1	NC_009656.1	100.000	1254839	1254881	43	50533	50575	1.07e-12	80.5	43
JTRI01000007.1	NC_009656.1	100.000	1054822	1054789	34	91335	91368	1.07e-07	63.9	34
JTRI01000007.1	NC_009656.1	100.000	1054822	1054789	34	91214	91247	1.07e-07	63.9	34
JTRI01000007.1	NC_009656.1	100.000	537655	537623	33	42494	42526	3.86e-07	62.1	33
JTRI01000007.1	NC_009656.1	100.000	1593807	1593776	32	140742	140773	1.39e-06	60.2	32
JTRI01000007.1	NC_009656.1	100.000	2889344	2889313	32	140742	140773	1.39e-06	60.2	32
JTRI01000007.1	NC_009656.1	100.000	2717947	2717918	30	140744	140773	1.80e-05	56.5	30
JTRI01000007.1	NC_009656.1	100.000	1699797	1699769	29	84021	84049	6.47e-05	54.7	29
JTRI01000007.1	NC_009656.1	100.000	509837	509810	28	11656	11683	2.33e-04	52.8	28
JTRI01000007.1	NC_009656.1	100.000	5110423	5110450	28	173292	173319	2.33e-04	52.8	28
JTRI01000071.1	NC_009656.1	99.015	139981	139576	406	4124	4529	0.0	728	402
JTRI01000081.1	NC_009656.1	100.000	5674215	5674245	31	15	45	1.39e-08	58.4	31
JTRI01000083.1	NC_009656.1	98.032	2818378	2817313	1067	2865	3931	0.0	1853	1046
JTRI01000083.1	NC_009656.1	99.284	2814045	2813627	419	1	419	0.0	758	416
JTRI01000009.1	NC_009656.1	100.000	2390829	2390752	78	105983	106060	1.95e-32	145	78
JTRI01000009.1	NC_009656.1	100.000	2038284	2038208	77	106063	106139	7.02e-32	143	77
JTRI01000009.1	NC_009656.1	100.000	2038575	2038500	76	106063	106138	2.52e-31	141	76
JTRI01000009.1	NC_009656.1	100.000	2390667	2390592	76	105825	105900	2.52e-31	141	76
JTRI01000009.1	NC_009656.1	98.734	2635974	2635896	79	105825	105903	2.52e-31	141	78
JTRI01000009.1	NC_009656.1	100.000	2635974	2635899	76	105985	106060	2.52e-31	141	76
JTRI01000009.1	NC_009656.1	100.000	5089668	5089635	34	136690	136723	5.62e-08	63.9	34
JTRI01000009.1	NC_009656.1	100.000	6397271	6397298	28	52679	52706	1.22e-04	52.8	28
JTRI01000092.1	NC_009656.1	99.459	4826200	4825461	740	1	740	0.0	1345	736
JTRI01000092.1	NC_009656.1	98.649	2888144	2887405	740	1	740	0.0	1312	730
JTRI01000092.1	NC_009656.1	98.649	4369079	4369818	740	1	740	0.0	1312	730
JTRI01000092.1	NC_009656.1	98.649	4926310	4925571	740	1	740	0.0	1312	730
JTRI01000092.1	NC_009656.1	98.378	2429502	2430241	740	1	740	0.0	1301	728
JTRI01000092.1	NC_009656.1	98.378	2539294	2538555	740	1	740	0.0	1301	728
JTRI01000092.1	NC_009656.1	98.580	4562455	4563088	634	107	740	0.0	1122	625
JTRI01000093.1	NC_009656.1	98.990	2848172	2847579	594	9	602	0.0	1064	588
JTRI01000093.1	NC_009656.1	98.173	6408775	6408174	602	1	602	0.0	1051	591
JTRI01000096.1	NC_009656.1	99.912	3174785	3173646	1140	1	1140	0.0	2100	1139
