LLLP01000001.1	NC_009656.1	99.992	3884850	4369013	484194	326082	810275	0.0	8.939e+05	484156
LLLP01000001.1	NC_009656.1	99.999	3503490	3829578	326089	1	326089	0.0	6.022e+05	326085
LLLP01000001.1	NC_009656.1	99.611	2539616	2539360	257	810019	810275	1.56e-129	470	256
LLLP01000001.1	NC_009656.1	99.609	2429181	2429436	256	810020	810275	5.60e-129	468	255
LLLP01000001.1	NC_009656.1	99.609	4826521	4826266	256	810020	810275	5.60e-129	468	255
LLLP01000001.1	NC_009656.1	98.479	2888472	2888210	263	810013	810275	7.24e-128	464	259
LLLP01000001.1	NC_009656.1	99.222	4926632	4926376	257	810020	810275	2.61e-127	462	255
LLLP01000001.1	NC_009656.1	100.000	207161	207191	31	717110	717140	1.44e-05	58.4	31
LLLP01000001.1	NC_009656.1	100.000	2370349	2370378	30	80437	80466	5.17e-05	56.5	30
LLLP01000001.1	NC_009656.1	100.000	3725269	3725240	30	221751	221780	5.17e-05	56.5	30
LLLP01000001.1	NC_009656.1	100.000	5326191	5326162	30	80437	80466	5.17e-05	56.5	30
LLLP01000001.1	NC_009656.1	100.000	230163	230191	29	368210	368238	1.86e-04	54.7	29
LLLP01000001.1	NC_009656.1	100.000	4039165	4039138	28	480400	480427	6.68e-04	52.8	28
LLLP01000001.1	NC_009656.1	100.000	5295054	5295027	28	80438	80465	6.68e-04	52.8	28
LLLP01000001.1	NC_009656.1	100.000	5884643	5884670	28	269682	269709	6.68e-04	52.8	28
LLLP01000002.1	NC_009656.1	99.986	3424200	3234495	189717	1	189705	0.0	3.502e+05	189691
LLLP01000002.1	NC_009656.1	99.234	1085155	1084895	261	1	261	1.01e-130	472	259
LLLP01000002.1	NC_009656.1	100.000	2321497	2321525	29	36559	36587	4.35e-05	54.7	29
LLLP01000003.1	NC_009656.1	99.948	4659100	4826016	166928	10634	177542	0.0	3.078e+05	166842
LLLP01000003.1	NC_009656.1	100.000	4562913	4573802	10890	1	10890	0.0	20111	10890
LLLP01000003.1	NC_009656.1	98.906	4563263	4562533	731	176812	177542	0.0	1306	723
LLLP01000003.1	NC_009656.1	98.632	2887230	2887960	731	176812	177542	0.0	1295	721
LLLP01000003.1	NC_009656.1	98.632	4369993	4369263	731	176812	177542	0.0	1295	721
LLLP01000003.1	NC_009656.1	98.497	2430417	2429686	732	176811	177542	0.0	1291	721
LLLP01000003.1	NC_009656.1	98.367	2538376	2539110	735	176809	177542	0.0	1290	723
LLLP01000003.1	NC_009656.1	98.495	4925396	4926126	731	176812	177542	0.0	1290	720
LLLP01000003.1	NC_009656.1	99.430	2887580	2887230	351	1	351	0.0	638	349
LLLP01000003.1	NC_009656.1	99.430	4369643	4369993	351	1	351	0.0	638	349
LLLP01000003.1	NC_009656.1	99.148	2538730	2538379	352	1	352	1.14e-179	634	349
LLLP01000003.1	NC_009656.1	99.145	2430066	2430416	351	1	351	4.11e-179	632	348
LLLP01000003.1	NC_009656.1	98.860	4925746	4925396	351	1	351	1.91e-177	627	347
LLLP01000003.1	NC_009656.1	98.006	4825636	4825286	351	1	351	1.93e-172	610	344
LLLP01000003.1	NC_009656.1	100.000	4728026	4728105	80	79747	79826	1.82e-33	148	80
LLLP01000003.1	NC_009656.1	100.000	4728212	4728291	80	79561	79640	1.82e-33	148	80
LLLP01000003.1	NC_009656.1	100.000	5325750	5325827	78	10845	10922	2.35e-32	145	78
LLLP01000003.1	NC_009656.1	100.000	4722254	4722221	34	73756	73789	6.76e-08	63.9	34
LLLP01000003.1	NC_009656.1	100.000	1054820	1054790	31	127238	127268	3.15e-06	58.4	31
LLLP01000004.1	NC_009656.1	99.990	5191259	5104006	87254	64439	151692	0.0	1.611e+05	87245
LLLP01000004.1	NC_009656.1	100.000	5285322	5220860	64463	1	64463	0.0	1.190e+05	64463
LLLP01000004.1	NC_009656.1	99.784	5103847	5104309	463	1	463	0.0	850	462
LLLP01000004.1	NC_009656.1	99.353	5412119	5411656	464	1	463	0.0	839	461
LLLP01000004.1	NC_009656.1	99.352	6119828	6120290	463	1	463	0.0	839	460
LLLP01000004.1	NC_009656.1	99.672	5411655	5411959	305	151388	151692	6.05e-157	558	304
LLLP01000004.1	NC_009656.1	99.671	5284860	5285163	304	151389	151692	2.17e-156	556	303
LLLP01000004.1	NC_009656.1	99.342	6120290	6119987	304	151389	151692	1.01e-154	551	302
LLLP01000004.1	NC_009656.1	98.621	5103131	5102987	145	64234	64378	2.47e-66	257	143
LLLP01000004.1	NC_009656.1	100.000	5104309	5104275	35	64191	64225	1.61e-08	65.8	35
LLLP01000004.1	NC_009656.1	100.000	5221132	5221098	35	151389	151423	1.61e-08	65.8	35
LLLP01000004.1	NC_009656.1	100.000	5221098	5221132	35	429	463	1.61e-08	65.8	35
LLLP01000004.1	NC_009656.1	100.000	5284860	5284894	35	64191	64225	1.61e-08	65.8	35
LLLP01000004.1	NC_009656.1	100.000	5411656	5411690	35	64191	64225	1.61e-08	65.8	35
LLLP01000004.1	NC_009656.1	100.000	4443174	4443146	29	68777	68805	3.48e-05	54.7	29
LLLP01000005.1	NC_009656.1	100.000	3175430	3038169	137262	1	137262	0.0	2.535e+05	137262
LLLP01000005.1	NC_009656.1	99.040	1975145	1974625	521	136743	137262	0.0	933	516
LLLP01000005.1	NC_009656.1	99.588	6232243	6232485	243	1	243	1.60e-122	444	242
LLLP01000006.1	NC_009656.1	99.998	957880	1085155	127276	1	127276	0.0	2.350e+05	127273
LLLP01000006.1	NC_009656.1	99.234	3423940	3424200	261	127016	127276	6.80e-131	472	259
LLLP01000006.1	NC_009656.1	100.000	879006	879041	36	96862	96897	3.75e-09	67.6	36
LLLP01000006.1	NC_009656.1	100.000	4775742	4775712	31	96911	96941	2.26e-06	58.4	31
LLLP01000006.1	NC_009656.1	100.000	5753804	5753775	30	51578	51607	8.11e-06	56.5	30
LLLP01000007.1	NC_009656.1	99.998	6353656	6232243	121414	1	121414	0.0	2.242e+05	121411
LLLP01000007.1	NC_009656.1	99.588	3175188	3175430	243	121172	121414	1.41e-122	444	242
LLLP01000007.1	NC_009656.1	100.000	812061	812299	239	1	239	5.09e-122	442	239
LLLP01000007.1	NC_009656.1	99.582	5566420	5566182	239	1	239	2.37e-120	436	238
LLLP01000007.1	NC_009656.1	99.160	4983104	4982868	238	1	238	1.42e-117	427	236
LLLP01000008.1	NC_009656.1	99.986	5325751	5374068	48318	32556	80872	0.0	89186	48311
LLLP01000008.1	NC_009656.1	99.997	5374446	5411959	37514	80864	118377	0.0	69270	37513
LLLP01000008.1	NC_009656.1	99.672	5104310	5104006	305	118073	118377	4.72e-157	558	304
LLLP01000008.1	NC_009656.1	99.671	6120290	6119987	304	118074	118377	1.70e-156	556	303
LLLP01000008.1	NC_009656.1	99.342	5284860	5285163	304	118074	118377	7.90e-155	551	302
LLLP01000008.1	NC_009656.1	100.000	3176281	3176519	239	1	239	4.96e-122	442	239
LLLP01000008.1	NC_009656.1	100.000	6231392	6231154	239	1	239	4.96e-122	442	239
LLLP01000008.1	NC_009656.1	98.010	4654029	4654228	201	28624	28823	1.11e-93	348	197
LLLP01000008.1	NC_009656.1	98.795	2029210	2029292	83	32723	32805	1.21e-33	148	82
LLLP01000008.1	NC_009656.1	100.000	5221132	5221098	35	118074	118108	1.25e-08	65.8	35
LLLP01000008.1	NC_009656.1	100.000	3583955	3583926	30	32967	32996	7.55e-06	56.5	30
LLLP01000008.1	NC_009656.1	100.000	5110423	5110450	28	32968	32995	9.76e-05	52.8	28
LLLP01000009.1	NC_009656.1	99.998	6119981	6231391	111411	1	111411	0.0	2.057e+05	111409
LLLP01000009.1	NC_009656.1	99.677	5411965	5411656	310	1	310	7.38e-160	568	309
LLLP01000009.1	NC_009656.1	99.355	5104000	5104309	310	1	310	3.43e-158	562	308
LLLP01000009.1	NC_009656.1	99.032	5285169	5284860	310	1	310	1.60e-156	556	307
LLLP01000009.1	NC_009656.1	100.000	3176520	3176282	239	111173	111411	4.67e-122	442	239
LLLP01000009.1	NC_009656.1	98.182	2887229	2887283	55	108640	108694	4.19e-18	97.1	54
LLLP01000009.1	NC_009656.1	98.182	4369994	4369940	55	108640	108694	4.19e-18	97.1	54
LLLP01000009.1	NC_009656.1	98.148	2430416	2430363	54	108641	108694	1.51e-17	95.3	53
LLLP01000009.1	NC_009656.1	98.148	2538380	2538433	54	108641	108694	1.51e-17	95.3	53
LLLP01000009.1	NC_009656.1	98.148	4925396	4925449	54	108641	108694	1.51e-17	95.3	53
LLLP01000010.1	NC_009656.1	99.985	3037673	2929939	107735	1	107735	0.0	1.989e+05	107719
LLLP01000010.1	NC_009656.1	99.634	1974129	1973857	273	1	273	2.64e-139	499	272
LLLP01000010.1	NC_009656.1	100.000	1554858	1554892	35	8321	8355	1.14e-08	65.8	35
LLLP01000011.1	NC_009656.1	99.998	4925952	4826283	99670	1	99670	0.0	1.840e+05	99668
LLLP01000011.1	NC_009656.1	99.115	4369437	4370000	565	1	564	0.0	1014	560
LLLP01000011.1	NC_009656.1	99.461	2887786	2887230	557	1	557	0.0	1013	554
LLLP01000011.1	NC_009656.1	99.282	2429860	2430416	557	1	557	0.0	1007	553
LLLP01000011.1	NC_009656.1	99.107	2538936	2538377	560	1	560	0.0	1007	555
LLLP01000011.1	NC_009656.1	98.923	4562707	4563263	557	1	557	0.0	996	551
LLLP01000011.1	NC_009656.1	98.025	4825842	4825286	557	1	557	0.0	968	546
LLLP01000011.1	NC_009656.1	99.585	4926633	4926393	241	99431	99670	5.40e-121	438	240
LLLP01000011.1	NC_009656.1	99.582	2888465	2888227	239	99432	99670	1.94e-120	436	238
LLLP01000011.1	NC_009656.1	98.780	4368752	4368996	246	99426	99670	1.94e-120	436	243
LLLP01000011.1	NC_009656.1	99.163	2429181	2429419	239	99432	99670	9.04e-119	431	237
LLLP01000011.1	NC_009656.1	99.163	2539615	2539377	239	99432	99670	9.04e-119	431	237
LLLP01000011.1	NC_009656.1	98.148	6228674	6228621	54	504	557	1.35e-17	95.3	53
LLLP01000011.1	NC_009656.1	100.000	4880087	4880120	34	45833	45866	3.80e-08	63.9	34
LLLP01000012.1	NC_009656.1	99.998	1449433	1974129	524698	270437	795133	0.0	9.689e+05	524687
LLLP01000012.1	NC_009656.1	99.998	1178934	1449391	270458	1	270458	0.0	4.994e+05	270452
LLLP01000012.1	NC_009656.1	99.634	3037401	3037673	273	794861	795133	1.95e-138	499	272
LLLP01000012.1	NC_009656.1	99.010	2077963	2078164	202	721209	721410	2.67e-97	363	200
LLLP01000012.1	NC_009656.1	100.000	2078273	2078354	82	721328	721409	6.29e-34	152	82
LLLP01000012.1	NC_009656.1	100.000	4367979	4367948	32	26140	26171	3.92e-06	60.2	32
LLLP01000012.1	NC_009656.1	100.000	6520030	6520059	30	612556	612585	5.07e-05	56.5	30
LLLP01000012.1	NC_009656.1	100.000	2886935	2886963	29	25868	25896	1.82e-04	54.7	29
LLLP01000012.1	NC_009656.1	100.000	2886935	2886962	28	25808	25835	6.56e-04	52.8	28
LLLP01000013.1	NC_009656.1	99.978	5325799	5285799	40001	56396	96396	0.0	73819	39992
LLLP01000013.1	NC_009656.1	99.954	110028	101385	8644	240	8883	0.0	15941	8640
LLLP01000013.1	NC_009656.1	98.133	4624741	4619389	5356	10679	16026	0.0	9326	5256
LLLP01000013.1	NC_009656.1	98.045	4584008	4583344	665	47210	47874	0.0	1157	652
LLLP01000013.1	NC_009656.1	99.219	5412979	5412596	384	96013	96396	0.0	693	381
LLLP01000013.1	NC_009656.1	100.000	3175430	3175192	239	1	239	4.04e-122	442	239
LLLP01000013.1	NC_009656.1	100.000	6232243	6232481	239	1	239	4.04e-122	442	239
LLLP01000013.1	NC_009656.1	100.000	5295107	5295061	47	76202	76248	2.18e-15	87.9	47
LLLP01000013.1	NC_009656.1	100.000	5305993	5305947	47	87088	87134	2.18e-15	87.9	47
LLLP01000013.1	NC_009656.1	100.000	1204620	1204589	32	22793	22824	4.75e-07	60.2	32
LLLP01000013.1	NC_009656.1	100.000	3583927	3583954	28	87141	87168	7.95e-05	52.8	28
LLLP01000014.1	NC_009656.1	99.995	1084917	1179172	94256	1	94256	0.0	1.740e+05	94251
LLLP01000014.1	NC_009656.1	99.592	3423962	3425431	1470	1	1470	0.0	2682	1464
LLLP01000014.1	NC_009656.1	100.000	1111743	1111714	30	26798	26827	6.01e-06	56.5	30
LLLP01000015.1	NC_009656.1	99.885	6409136	6358744	50399	38934	89325	0.0	92736	50341
LLLP01000015.1	NC_009656.1	99.948	2887467	2847280	40194	1	40192	0.0	74101	40173
LLLP01000015.1	NC_009656.1	100.000	4369756	4369994	239	1	239	3.74e-122	442	239
LLLP01000015.1	NC_009656.1	100.000	2430179	2430416	238	1	238	1.35e-121	440	238
LLLP01000015.1	NC_009656.1	100.000	2538617	2538380	238	1	238	1.35e-121	440	238
LLLP01000015.1	NC_009656.1	99.580	4563026	4563263	238	1	238	6.26e-120	435	237
LLLP01000015.1	NC_009656.1	99.580	4925633	4925396	238	1	238	6.26e-120	435	237
LLLP01000015.1	NC_009656.1	98.182	6228674	6228620	55	185	239	3.36e-18	97.1	54
LLLP01000015.1	NC_009656.1	100.000	893794	893766	29	26327	26355	2.05e-05	54.7	29
LLLP01000015.1	NC_009656.1	100.000	1204829	1204801	29	505	533	2.05e-05	54.7	29
LLLP01000015.1	NC_009656.1	100.000	2886963	2886935	29	265	293	2.05e-05	54.7	29
LLLP01000015.1	NC_009656.1	100.000	2887203	2887175	29	505	533	2.05e-05	54.7	29
LLLP01000015.1	NC_009656.1	100.000	1204768	1204741	28	506	533	7.37e-05	52.8	28
LLLP01000015.1	NC_009656.1	100.000	2497689	2497716	28	50771	50798	7.37e-05	52.8	28
LLLP01000016.1	NC_009656.1	99.997	958042	884156	73887	1	73886	0.0	1.364e+05	73885
LLLP01000016.1	NC_009656.1	100.000	2861141	2861113	29	64248	64276	1.69e-05	54.7	29
LLLP01000017.1	NC_009656.1	100.000	3498716	3425005	73712	1	73712	0.0	1.361e+05	73712
LLLP01000017.1	NC_009656.1	98.588	1086386	1085962	425	73286	73710	0.0	752	419
LLLP01000017.1	NC_009656.1	98.833	879382	879126	257	1	257	3.07e-127	459	254
LLLP01000018.1	NC_009656.1	99.997	5033077	5103225	70149	1	70148	0.0	1.295e+05	70147
LLLP01000018.1	NC_009656.1	98.419	5412992	5412741	253	69896	70148	8.17e-123	444	249
LLLP01000018.1	NC_009656.1	98.621	5220945	5221089	145	69910	70054	1.14e-66	257	143
LLLP01000018.1	NC_009656.1	100.000	2359743	2359776	34	56559	56592	2.67e-08	63.9	34
LLLP01000019.1	NC_009656.1	100.000	5429700	5497561	67862	1	67862	0.0	1.253e+05	67862
LLLP01000019.1	NC_009656.1	100.000	5497561	5497800	240	67925	68164	7.94e-123	444	240
LLLP01000019.1	NC_009656.1	100.000	5512539	5512301	239	67926	68164	2.85e-122	442	239
LLLP01000019.1	NC_009656.1	100.000	5511660	5511589	72	67854	67925	1.95e-29	134	72
LLLP01000019.1	NC_009656.1	100.000	2611896	2611866	31	17782	17812	1.21e-06	58.4	31
LLLP01000020.1	NC_009656.1	99.997	3234551	3176282	58270	1	58270	0.0	1.076e+05	58268
LLLP01000020.1	NC_009656.1	100.000	6231153	6231391	239	58032	58270	2.44e-122	442	239
LLLP01000021.1	NC_009656.1	99.998	4926221	4983112	56892	1	56892	0.0	1.051e+05	56891
LLLP01000021.1	NC_009656.1	99.758	4826111	4826522	413	1	413	0.0	756	412
LLLP01000021.1	NC_009656.1	99.515	2888055	2888465	412	1	412	0.0	749	410
LLLP01000021.1	NC_009656.1	99.272	2429591	2429181	412	1	412	0.0	743	409
LLLP01000021.1	NC_009656.1	99.272	2539205	2539615	412	1	412	0.0	743	409
LLLP01000021.1	NC_009656.1	99.029	4369168	4368758	412	1	412	0.0	737	408
LLLP01000021.1	NC_009656.1	99.187	812298	812053	246	56648	56892	2.38e-122	442	244
LLLP01000021.1	NC_009656.1	99.187	6353419	6353664	246	56648	56892	2.38e-122	442	244
LLLP01000021.1	NC_009656.1	98.780	5566183	5566428	246	56648	56892	1.11e-120	436	243
LLLP01000022.1	NC_009656.1	99.998	5512301	5566665	54366	1	54366	0.0	1.004e+05	54365
LLLP01000022.1	NC_009656.1	99.587	6353418	6353901	484	53883	54366	0.0	883	482
LLLP01000022.1	NC_009656.1	99.383	812301	811816	486	53881	54366	0.0	881	483
LLLP01000022.1	NC_009656.1	98.965	4982868	4983349	483	53884	54366	0.0	863	478
LLLP01000022.1	NC_009656.1	100.000	5497800	5497562	239	1	239	2.28e-122	442	239
LLLP01000023.1	NC_009656.1	99.979	688165	434691	253481	91744	345185	0.0	4.678e+05	253427
LLLP01000023.1	NC_009656.1	99.994	364203	151107	213097	404016	617100	0.0	3.934e+05	213084
LLLP01000023.1	NC_009656.1	99.998	806807	717950	88859	1	88859	0.0	1.641e+05	88857
LLLP01000023.1	NC_009656.1	99.998	434652	375792	58861	345166	404026	0.0	1.087e+05	58860
LLLP01000023.1	NC_009656.1	99.995	76101	55623	20479	617100	637578	0.0	37813	20478
LLLP01000023.1	NC_009656.1	98.459	2834566	2833983	584	636914	637497	0.0	1029	575
LLLP01000023.1	NC_009656.1	99.314	2813588	2813152	437	637142	637578	0.0	791	434
LLLP01000023.1	NC_009656.1	98.169	2831714	2831278	437	637142	637578	0.0	763	429
LLLP01000023.1	NC_009656.1	100.000	5571674	5571912	239	1	239	2.67e-121	442	239
LLLP01000023.1	NC_009656.1	100.000	537623	537658	36	242220	242255	1.88e-08	67.6	36
LLLP01000023.1	NC_009656.1	100.000	2829748	2829715	34	636915	636948	2.43e-07	63.9	34
LLLP01000023.1	NC_009656.1	100.000	2813018	2813049	32	636918	636949	3.14e-06	60.2	32
LLLP01000023.1	NC_009656.1	100.000	4275878	4275848	31	561028	561058	1.13e-05	58.4	31
LLLP01000023.1	NC_009656.1	100.000	5798839	5798868	30	375415	375444	4.07e-05	56.5	30
LLLP01000023.1	NC_009656.1	100.000	509810	509838	29	273017	273045	1.46e-04	54.7	29
LLLP01000023.1	NC_009656.1	100.000	3927006	3926978	29	538028	538056	1.46e-04	54.7	29
LLLP01000023.1	NC_009656.1	100.000	405929	405902	28	373803	373830	5.26e-04	52.8	28
LLLP01000023.1	NC_009656.1	100.000	406015	405988	28	373889	373916	5.26e-04	52.8	28
LLLP01000024.1	NC_009656.1	99.998	832765	879382	46618	1	46618	0.0	86082	46617
LLLP01000024.1	NC_009656.1	98.833	3498460	3498716	257	46362	46618	1.94e-127	459	254
LLLP01000024.1	NC_009656.1	99.590	816260	816503	244	1	244	1.51e-123	446	243
LLLP01000024.1	NC_009656.1	100.000	1054741	1054776	36	46242	46277	1.37e-09	67.6	36
LLLP01000025.1	NC_009656.1	100.000	5511103	5510865	239	40268	40506	1.70e-122	442	239
LLLP01000025.1	NC_009656.1	98.765	5504834	5504754	81	38927	39007	5.36e-33	145	80
LLLP01000025.1	NC_009656.1	100.000	5501874	5501827	48	38882	38929	2.55e-16	89.8	48
LLLP01000026.1	NC_009656.1	100.000	4988192	5026822	38631	1	38631	0.0	71339	38631
LLLP01000026.1	NC_009656.1	98.309	5571508	5571921	414	1	414	0.0	726	407
LLLP01000026.1	NC_009656.1	98.537	806973	806564	410	1	409	0.0	723	404
LLLP01000027.1	NC_009656.1	99.995	2888227	2910038	21812	1	21812	0.0	40274	21811
LLLP01000027.1	NC_009656.1	100.000	4826283	4826521	239	1	239	9.13e-123	442	239
LLLP01000027.1	NC_009656.1	98.394	4368996	4368748	249	1	249	1.18e-121	438	245
LLLP01000027.1	NC_009656.1	99.583	4926393	4926632	240	1	239	4.25e-121	436	239
LLLP01000027.1	NC_009656.1	99.167	2429419	2429180	240	1	240	5.49e-120	433	238
LLLP01000027.1	NC_009656.1	99.163	2539377	2539615	239	1	239	1.98e-119	431	237
LLLP01000028.1	NC_009656.1	99.990	2930177	2910806	19372	1	19372	0.0	35763	19370
LLLP01000028.1	NC_009656.1	98.230	2910038	2909700	339	1	339	2.11e-168	593	333
LLLP01000029.1	NC_009656.1	100.000	831968	816260	15709	1	15709	0.0	29010	15709
LLLP01000029.1	NC_009656.1	99.590	833008	832765	244	15466	15709	5.08e-124	446	243
LLLP01000030.1	NC_009656.1	100.000	5412741	5428022	15282	1	15282	0.0	28221	15282
LLLP01000030.1	NC_009656.1	98.419	5103225	5102973	253	1	252	1.78e-123	444	249
LLLP01000030.1	NC_009656.1	100.000	6119206	6118968	239	1	239	6.39e-123	442	239
LLLP01000030.1	NC_009656.1	98.745	5285944	5286182	239	1	239	6.44e-118	425	236
LLLP01000031.1	NC_009656.1	99.928	5503378	5504770	1393	13268	14660	0.0	2567	1392
LLLP01000031.1	NC_009656.1	99.593	5503021	5503266	246	13035	13279	1.32e-124	448	245
LLLP01000032.1	NC_009656.1	100.000	2847836	2834255	13582	1	13582	0.0	25082	13582
LLLP01000032.1	NC_009656.1	99.038	56287	55976	312	13271	13582	1.50e-158	560	309
LLLP01000032.1	NC_009656.1	98.795	2813587	2813505	83	13500	13582	1.39e-34	148	82
LLLP01000032.1	NC_009656.1	98.795	2831713	2831631	83	13500	13582	1.39e-34	148	82
LLLP01000032.1	NC_009656.1	100.000	2829748	2829715	34	13272	13305	5.17e-09	63.9	34
LLLP01000032.1	NC_009656.1	100.000	2813018	2813049	32	13275	13306	6.68e-08	60.2	32
LLLP01000032.1	NC_009656.1	100.000	2831144	2831175	32	13275	13306	6.68e-08	60.2	32
LLLP01000033.1	NC_009656.1	99.911	2800038	2810184	10147	1	10147	0.0	18689	10138
LLLP01000033.1	NC_009656.1	99.892	40872	51017	10147	1	10147	0.0	18676	10136
LLLP01000033.1	NC_009656.1	99.649	2822751	2823035	285	9863	10147	5.29e-147	521	284
LLLP01000034.1	NC_009656.1	99.998	1973905	2277188	303286	1	303286	0.0	5.600e+05	303280
LLLP01000034.1	NC_009656.1	99.991	2277279	2411822	134553	303324	437876	0.0	2.484e+05	134541
LLLP01000034.1	NC_009656.1	100.000	2468823	2538618	69796	437866	507661	0.0	1.289e+05	69796
LLLP01000034.1	NC_009656.1	99.436	3037449	3038688	1241	1	1241	0.0	2252	1234
LLLP01000034.1	NC_009656.1	100.000	2430416	2430178	239	507423	507661	2.13e-121	442	239
LLLP01000034.1	NC_009656.1	100.000	2887230	2887468	239	507423	507661	2.13e-121	442	239
LLLP01000034.1	NC_009656.1	100.000	4369993	4369755	239	507423	507661	2.13e-121	442	239
LLLP01000034.1	NC_009656.1	99.583	4563264	4563025	240	507422	507661	2.75e-120	438	239
LLLP01000034.1	NC_009656.1	99.174	4925393	4925634	242	507420	507661	9.89e-120	436	240
LLLP01000034.1	NC_009656.1	99.010	1900204	1900405	202	104059	104260	1.70e-97	363	200
LLLP01000034.1	NC_009656.1	100.000	1900323	1900404	82	104369	104450	4.01e-34	152	82
LLLP01000034.1	NC_009656.1	100.000	2635895	2635974	80	416802	416881	5.19e-33	148	80
LLLP01000034.1	NC_009656.1	98.795	5325918	5326000	83	55306	55388	5.19e-33	148	82
LLLP01000034.1	NC_009656.1	100.000	2635899	2635977	79	416646	416724	1.87e-32	147	79
LLLP01000034.1	NC_009656.1	100.000	2038208	2038284	77	416567	416643	2.42e-31	143	77
LLLP01000034.1	NC_009656.1	100.000	2390513	2390589	77	64304	64380	2.42e-31	143	77
LLLP01000034.1	NC_009656.1	100.000	2038500	2038575	76	416568	416643	8.69e-31	141	76
LLLP01000034.1	NC_009656.1	100.000	2390514	2390589	76	64596	64671	8.69e-31	141	76
LLLP01000034.1	NC_009656.1	100.000	2390592	2390667	76	416806	416881	8.69e-31	141	76
LLLP01000034.1	NC_009656.1	100.000	2390752	2390827	76	416646	416721	8.69e-31	141	76
LLLP01000034.1	NC_009656.1	98.148	6228621	6228674	54	507423	507476	6.86e-17	95.3	53
LLLP01000034.1	NC_009656.1	100.000	5089635	5089668	34	385788	385821	1.93e-07	63.9	34
LLLP01000034.1	NC_009656.1	100.000	2002682	2002653	30	28749	28778	3.24e-05	56.5	30
LLLP01000034.1	NC_009656.1	100.000	3583926	3583955	30	396403	396432	3.24e-05	56.5	30
LLLP01000034.1	NC_009656.1	100.000	3387642	3387614	29	347542	347570	1.16e-04	54.7	29
LLLP01000034.1	NC_009656.1	100.000	3043416	3043389	28	322914	322941	4.19e-04	52.8	28
LLLP01000034.1	NC_009656.1	100.000	5110450	5110423	28	396404	396431	4.19e-04	52.8	28
LLLP01000034.1	NC_009656.1	100.000	6397298	6397271	28	466732	466759	4.19e-04	52.8	28
LLLP01000035.1	NC_009656.1	99.983	2823035	2817313	5723	1	5723	0.0	10563	5722
LLLP01000035.1	NC_009656.1	99.393	52900	50430	2472	4674	7145	0.0	4481	2457
LLLP01000035.1	NC_009656.1	99.054	2826712	2826396	317	8202	8518	1.56e-161	569	314
LLLP01000035.1	NC_009656.1	98.089	2812095	2811782	314	8205	8518	7.33e-155	547	308
LLLP01000035.1	NC_009656.1	99.649	2810184	2809900	285	1	285	4.44e-147	521	284
LLLP01000035.1	NC_009656.1	98.456	2832861	2832603	259	2161	2417	4.57e-127	455	255
LLLP01000035.1	NC_009656.1	98.069	2815466	2815208	259	2161	2417	2.13e-125	449	254
LLLP01000037.1	NC_009656.1	100.000	5504532	5510523	5992	1	5992	0.0	11066	5992
LLLP01000038.1	NC_009656.1	99.982	4988430	4982874	5557	1	5557	0.0	10257	5556
LLLP01000038.1	NC_009656.1	99.964	806735	812291	5557	1	5557	0.0	10251	5555
LLLP01000038.1	NC_009656.1	99.928	6358982	6353426	5557	1	5557	0.0	10240	5553
LLLP01000038.1	NC_009656.1	99.910	5571746	5566190	5557	1	5557	0.0	10235	5552
LLLP01000039.1	NC_009656.1	99.867	3503728	3498478	5251	1	5251	0.0	9659	5244
LLLP01000039.1	NC_009656.1	99.848	884394	879144	5251	1	5251	0.0	9653	5243
LLLP01000040.1	NC_009656.1	100.000	5503259	5498203	5057	1	5057	0.0	9339	5057
LLLP01000040.1	NC_009656.1	100.000	5511659	5511898	240	4818	5057	5.86e-124	444	240
LLLP01000041.1	NC_009656.1	100.000	2832782	2828220	4563	1	4563	0.0	8427	4563
LLLP01000041.1	NC_009656.1	98.807	2813597	2813012	587	1060	1646	0.0	1044	580
LLLP01000041.1	NC_009656.1	98.258	56059	55486	574	1069	1642	0.0	1005	564
LLLP01000041.1	NC_009656.1	98.142	2824958	2824636	323	4241	4563	3.89e-160	564	317
LLLP01000041.1	NC_009656.1	98.071	2812095	2811785	311	4253	4563	1.82e-153	542	305
LLLP01000041.1	NC_009656.1	100.000	56286	56253	34	3035	3068	1.73e-09	63.9	34
LLLP01000041.1	NC_009656.1	100.000	2834565	2834532	34	3035	3068	1.73e-09	63.9	34
LLLP01000041.1	NC_009656.1	100.000	2834531	2834562	32	1608	1639	2.24e-08	60.2	32
LLLP01000041.1	NC_009656.1	100.000	2813018	2813048	31	3038	3068	8.05e-08	58.4	31
LLLP01000041.1	NC_009656.1	100.000	2829715	2829745	31	1609	1639	8.05e-08	58.4	31
LLLP01000041.1	NC_009656.1	100.000	2831144	2831174	31	3038	3068	8.05e-08	58.4	31
LLLP01000042.1	NC_009656.1	100.000	5030965	5027042	3924	1	3924	0.0	7247	3924
LLLP01000042.1	NC_009656.1	98.364	5031523	5030974	550	3375	3924	0.0	966	541
LLLP01000043.1	NC_009656.1	100.000	812061	815577	3517	1	3517	0.0	6495	3517
LLLP01000043.1	NC_009656.1	98.134	831815	832082	268	3250	3517	2.41e-131	468	263
LLLP01000043.1	NC_009656.1	100.000	6353656	6353418	239	1	239	1.46e-123	442	239
LLLP01000043.1	NC_009656.1	99.585	5566420	5566180	241	1	241	5.26e-123	440	240
LLLP01000043.1	NC_009656.1	99.160	4983104	4982868	238	1	238	4.10e-119	427	236
LLLP01000044.1	NC_009656.1	98.350	5504834	5504532	303	3072	3374	8.09e-151	532	298
LLLP01000045.1	NC_009656.1	99.998	5875974	5571674	304301	1	304300	0.0	5.619e+05	304296
LLLP01000045.1	NC_009656.1	100.000	806569	806807	239	304062	304300	1.27e-121	442	239
LLLP01000045.1	NC_009656.1	100.000	6517439	6517407	33	122851	122883	4.17e-07	62.1	33
LLLP01000045.1	NC_009656.1	100.000	1009457	1009486	30	122170	122199	1.94e-05	56.5	30
LLLP01000045.1	NC_009656.1	100.000	5753091	5753120	30	75884	75913	1.94e-05	56.5	30
LLLP01000045.1	NC_009656.1	100.000	5838935	5838963	29	196355	196383	6.98e-05	54.7	29
LLLP01000046.1	NC_009656.1	100.000	52596	55782	3187	1	3187	0.0	5886	3187
LLLP01000046.1	NC_009656.1	99.016	2818058	2818362	305	1	305	2.73e-155	547	302
LLLP01000046.1	NC_009656.1	99.327	2813015	2813311	297	2891	3187	1.64e-152	538	295
LLLP01000046.1	NC_009656.1	98.653	2831141	2831437	297	2891	3187	3.56e-149	527	293
LLLP01000046.1	NC_009656.1	98.734	2833983	2834061	79	3109	3187	5.41e-33	141	78
LLLP01000047.1	NC_009656.1	100.000	2817633	2815202	2432	1	2432	0.0	4492	2432
LLLP01000047.1	NC_009656.1	99.688	52171	51851	321	1	321	1.22e-167	588	320
LLLP01000047.1	NC_009656.1	99.298	2832881	2832597	285	2148	2432	5.86e-146	516	283
LLLP01000047.1	NC_009656.1	98.069	2820875	2820619	259	2168	2426	6.03e-126	449	254
LLLP01000048.1	NC_009656.1	100.000	2815387	2813073	2315	1	2315	0.0	4276	2315
LLLP01000048.1	NC_009656.1	99.048	2831723	2831199	525	1791	2315	0.0	942	520
LLLP01000048.1	NC_009656.1	99.225	56059	55544	516	1800	2315	0.0	931	512
LLLP01000048.1	NC_009656.1	98.310	2834337	2833983	355	1801	2155	3.19e-178	623	349
LLLP01000049.1	NC_009656.1	100.000	2809946	2812020	2075	1	2075	0.0	3832	2075
LLLP01000049.1	NC_009656.1	99.952	2822797	2824871	2075	1	2075	0.0	3827	2074
LLLP01000049.1	NC_009656.1	98.849	2826027	2826634	608	1468	2075	0.0	1085	601
LLLP01000049.1	NC_009656.1	98.684	2827848	2828455	608	1468	2075	0.0	1079	600
LLLP01000050.1	NC_009656.1	100.000	5030975	5032857	1883	1	1883	0.0	3478	1883
LLLP01000050.1	NC_009656.1	98.361	5027043	5027591	549	1	549	0.0	965	540
LLLP01000051.1	NC_009656.1	100.000	2824660	2826377	1718	1	1718	0.0	3173	1718
LLLP01000051.1	NC_009656.1	98.579	2827636	2828198	563	1158	1718	0.0	994	555
LLLP01000051.1	NC_009656.1	98.291	2811413	2811763	351	1368	1718	3.95e-176	616	345
LLLP01000051.1	NC_009656.1	98.291	2824264	2824614	351	1368	1718	3.95e-176	616	345
LLLP01000051.1	NC_009656.1	98.606	2811809	2812094	287	1	286	2.48e-143	507	283
LLLP01000052.1	NC_009656.1	100.000	2832597	2834291	1695	1	1695	0.0	3131	1695
LLLP01000052.1	NC_009656.1	98.382	2813233	2813541	309	1387	1695	1.87e-154	544	304
LLLP01000052.1	NC_009656.1	99.298	2815202	2815486	285	1	285	4.07e-146	516	283
LLLP01000052.1	NC_009656.1	98.456	2820619	2820875	259	7	265	8.99e-128	455	255
LLLP01000053.1	NC_009656.1	100.000	2828102	2826423	1680	1	1680	0.0	3103	1680
LLLP01000053.1	NC_009656.1	98.287	2826281	2825817	467	1	467	0.0	817	459
LLLP01000053.1	NC_009656.1	98.039	2811667	2811413	255	1	255	1.93e-124	444	250
LLLP01000053.1	NC_009656.1	98.039	2824518	2824264	255	1	255	1.93e-124	444	250
LLLP01000054.1	NC_009656.1	100.000	2813311	2811782	1530	1	1530	0.0	2826	1530
LLLP01000054.1	NC_009656.1	98.726	2824945	2824633	314	1218	1530	2.16e-158	556	310
LLLP01000054.1	NC_009656.1	98.089	2828530	2828217	314	1217	1530	1.30e-155	547	308
LLLP01000054.1	NC_009656.1	99.327	55782	55486	297	1	297	7.82e-153	538	295
LLLP01000054.1	NC_009656.1	99.003	2831437	2831137	301	1	300	7.82e-153	538	298
LLLP01000054.1	NC_009656.1	98.734	2834061	2833983	79	1	79	2.58e-33	141	78
LLLP01000054.1	NC_009656.1	100.000	56252	56283	32	263	294	7.42e-09	60.2	32
LLLP01000054.1	NC_009656.1	100.000	2834531	2834562	32	263	294	7.42e-09	60.2	32
LLLP01000054.1	NC_009656.1	100.000	2829715	2829745	31	264	294	2.67e-08	58.4	31
LLLP01000055.1	NC_009656.1	100.000	3176519	3175192	1328	1	1328	0.0	2453	1328
LLLP01000055.1	NC_009656.1	100.000	6231154	6232481	1328	1	1328	0.0	2453	1328
LLLP01000056.1	NC_009656.1	99.993	2539360	2800276	260917	1	260903	0.0	4.817e+05	260900
LLLP01000056.1	NC_009656.1	100.000	2429436	2429181	256	1	256	3.88e-131	473	256
LLLP01000056.1	NC_009656.1	99.611	4369013	4368757	257	1	257	5.01e-130	470	256
LLLP01000056.1	NC_009656.1	99.219	4826266	4826521	256	1	256	8.39e-128	462	254
LLLP01000056.1	NC_009656.1	98.828	2888210	2888465	256	1	256	3.90e-126	457	253
LLLP01000056.1	NC_009656.1	98.833	4926376	4926632	257	1	256	3.90e-126	457	254
LLLP01000056.1	NC_009656.1	100.000	2390748	2390827	80	96536	96615	2.67e-33	148	80
LLLP01000056.1	NC_009656.1	100.000	2390592	2390670	79	96540	96618	9.60e-33	147	79
LLLP01000056.1	NC_009656.1	100.000	3019654	3019622	33	240419	240451	3.58e-07	62.1	33
LLLP01000056.1	NC_009656.1	100.000	5447511	5447481	31	72507	72537	4.63e-06	58.4	31
LLLP01000057.1	NC_009656.1	99.147	5429462	5428173	1290	4	1293	0.0	2322	1279
LLLP01000058.1	NC_009656.1	99.920	6120219	6118968	1252	1	1252	0.0	2307	1251
LLLP01000058.1	NC_009656.1	99.840	5104238	5102987	1252	1	1252	0.0	2302	1250
LLLP01000058.1	NC_009656.1	99.681	5411727	5412979	1253	1	1252	0.0	2290	1249
LLLP01000058.1	NC_009656.1	99.601	5284931	5286182	1252	1	1252	0.0	2285	1247
LLLP01000058.1	NC_009656.1	98.621	5221089	5220945	145	1108	1252	2.00e-68	257	143
LLLP01000059.1	NC_009656.1	99.914	833003	831844	1160	1	1160	0.0	2137	1159
LLLP01000059.1	NC_009656.1	99.569	816498	815339	1160	1	1160	0.0	2115	1155
LLLP01000060.1	NC_009656.1	100.000	5511597	5510865	733	239	971	0.0	1354	733
LLLP01000060.1	NC_009656.1	100.000	5498203	5498441	239	1	239	3.97e-124	442	239
LLLP01000060.1	NC_009656.1	100.000	5511898	5511660	239	1	239	3.97e-124	442	239
LLLP01000061.1	NC_009656.1	100.000	5498441	5497562	880	1	880	0.0	1626	880
LLLP01000061.1	NC_009656.1	100.000	5511660	5512539	880	1	880	0.0	1626	880
LLLP01000062.1	NC_009656.1	99.839	5027280	5026659	622	1	622	0.0	1144	621
LLLP01000062.1	NC_009656.1	99.839	5033315	5032694	622	1	622	0.0	1144	621
LLLP01000063.1	NC_009656.1	100.000	2888252	2887722	531	1	531	0.0	981	531
LLLP01000063.1	NC_009656.1	100.000	4926418	4925888	531	1	531	0.0	981	531
LLLP01000063.1	NC_009656.1	99.812	2429394	2429924	531	1	531	0.0	976	530
LLLP01000063.1	NC_009656.1	99.812	2539402	2538872	531	1	531	0.0	976	530
LLLP01000063.1	NC_009656.1	99.623	4368971	4369501	531	1	531	0.0	970	529
LLLP01000063.1	NC_009656.1	99.435	4826308	4825778	531	1	531	0.0	965	528
LLLP01000063.1	NC_009656.1	99.369	4562455	4562771	317	215	531	2.02e-164	575	315
LLLP01000064.1	NC_009656.1	100.000	2429851	2430341	491	1	491	0.0	907	491
LLLP01000064.1	NC_009656.1	100.000	2538945	2538455	491	1	491	0.0	907	491
LLLP01000064.1	NC_009656.1	99.389	2887795	2887305	491	1	491	0.0	891	488
LLLP01000064.1	NC_009656.1	99.389	4369428	4369918	491	1	491	0.0	891	488
LLLP01000064.1	NC_009656.1	99.185	4925961	4925471	491	1	491	0.0	885	487
LLLP01000064.1	NC_009656.1	98.778	4562698	4563188	491	1	491	0.0	874	485
LLLP01000064.1	NC_009656.1	98.167	4825851	4825361	491	1	491	0.0	857	482
LLLP01000065.1	NC_009656.1	100.000	2887786	2887305	482	1	482	0.0	891	482
LLLP01000065.1	NC_009656.1	99.585	4369437	4369918	482	1	482	0.0	880	480
LLLP01000065.1	NC_009656.1	99.378	2429860	2430341	482	1	482	0.0	874	479
LLLP01000065.1	NC_009656.1	99.378	2538936	2538455	482	1	482	0.0	874	479
LLLP01000065.1	NC_009656.1	99.378	4925952	4925471	482	1	482	0.0	874	479
LLLP01000065.1	NC_009656.1	98.963	4562707	4563188	482	1	482	0.0	863	477
LLLP01000065.1	NC_009656.1	98.340	4825842	4825361	482	1	482	0.0	846	474
LLLP01000066.1	NC_009656.1	100.000	3037449	3037915	467	1	467	0.0	863	467
LLLP01000066.1	NC_009656.1	99.572	1973905	1974371	467	1	467	0.0	852	465
LLLP01000067.1	NC_009656.1	99.998	5876556	6119206	242651	1	242651	0.0	4.481e+05	242645
LLLP01000067.1	NC_009656.1	100.000	5412979	5412741	239	242413	242651	1.02e-121	442	239
LLLP01000067.1	NC_009656.1	100.000	3773171	3773198	28	8088	8115	2.00e-04	52.8	28
LLLP01000068.1	NC_009656.1	100.000	831730	832188	459	1	459	0.0	848	459
LLLP01000068.1	NC_009656.1	98.128	815310	815683	374	86	459	0.0	652	367
LLLP01000069.1	NC_009656.1	100.000	5571912	5571478	435	1	435	0.0	804	435
LLLP01000069.1	NC_009656.1	99.540	806569	807003	435	1	435	0.0	793	433
LLLP01000069.1	NC_009656.1	99.074	4988593	4988162	432	4	435	0.0	776	428
LLLP01000070.1	NC_009656.1	99.770	2429198	2429632	435	1	435	0.0	798	434
LLLP01000070.1	NC_009656.1	99.770	2539598	2539164	435	1	435	0.0	798	434
LLLP01000070.1	NC_009656.1	99.770	4826504	4826070	435	1	435	0.0	798	434
LLLP01000070.1	NC_009656.1	99.540	2888448	2888014	435	1	435	0.0	793	433
LLLP01000070.1	NC_009656.1	99.540	4368775	4369209	435	1	435	0.0	793	433
LLLP01000070.1	NC_009656.1	99.541	4926615	4926180	436	1	435	0.0	793	434
LLLP01000071.1	NC_009656.1	100.000	4826111	4826521	411	1	411	0.0	760	411
LLLP01000071.1	NC_009656.1	99.757	2888055	2888465	411	1	411	0.0	754	410
LLLP01000071.1	NC_009656.1	99.757	4926221	4926632	412	1	411	0.0	754	411
LLLP01000071.1	NC_009656.1	99.513	2429591	2429181	411	1	411	0.0	749	409
LLLP01000071.1	NC_009656.1	99.513	2539205	2539615	411	1	411	0.0	749	409
LLLP01000071.1	NC_009656.1	99.270	4369168	4368758	411	1	411	0.0	743	408
LLLP01000072.1	NC_009656.1	100.000	2826637	2826236	402	1	402	0.0	743	402
LLLP01000072.1	NC_009656.1	100.000	2828458	2828057	402	1	402	0.0	743	402
LLLP01000072.1	NC_009656.1	99.502	2824874	2824473	402	1	402	0.0	732	400
LLLP01000072.1	NC_009656.1	99.254	2812023	2811622	402	1	402	0.0	726	399
LLLP01000073.1	NC_009656.1	100.000	5032694	5033068	375	1	375	0.0	693	375
LLLP01000073.1	NC_009656.1	99.467	5026659	5027033	375	1	375	0.0	682	373
LLLP01000074.1	NC_009656.1	99.717	831730	832082	353	1	353	0.0	647	352
LLLP01000074.1	NC_009656.1	98.507	815310	815577	268	86	353	4.92e-134	473	264
LLLP01000075.1	NC_009656.1	100.000	5030727	5031069	343	1	343	0.0	634	343
LLLP01000075.1	NC_009656.1	100.000	5032830	5033172	343	1	343	0.0	634	343
LLLP01000075.1	NC_009656.1	99.417	5026795	5027137	343	1	343	4.47e-179	623	341
LLLP01000076.1	NC_009656.1	100.000	2430103	2430416	314	1	314	2.48e-166	580	314
LLLP01000076.1	NC_009656.1	100.000	2538693	2538380	314	1	314	2.48e-166	580	314
LLLP01000076.1	NC_009656.1	100.000	2887543	2887230	314	1	314	2.48e-166	580	314
LLLP01000076.1	NC_009656.1	100.000	4369680	4369993	314	1	314	2.48e-166	580	314
LLLP01000076.1	NC_009656.1	99.682	4562950	4563263	314	1	314	1.16e-164	575	313
LLLP01000076.1	NC_009656.1	99.363	4925709	4925396	314	1	314	5.38e-163	569	312
LLLP01000076.1	NC_009656.1	98.089	4825599	4825286	314	1	314	2.52e-156	547	308
LLLP01000076.1	NC_009656.1	98.148	6228674	6228621	54	261	314	3.95e-20	95.3	53
LLLP01000077.1	NC_009656.1	100.000	5026584	5026897	314	1	314	2.48e-166	580	314
LLLP01000077.1	NC_009656.1	100.000	5032619	5032932	314	1	314	2.48e-166	580	314
LLLP01000078.1	NC_009656.1	99.992	6408481	6588339	179866	1	179866	0.0	3.321e+05	179852
LLLP01000078.1	NC_009656.1	100.000	1	41110	41110	179867	220976	0.0	75916	41110
LLLP01000078.1	NC_009656.1	100.000	5753091	5753123	33	108934	108966	3.03e-07	62.1	33
LLLP01000078.1	NC_009656.1	100.000	1384793	1384763	31	7880	7910	3.92e-06	58.4	31
LLLP01000078.1	NC_009656.1	100.000	1791551	1791580	30	111557	111586	1.41e-05	56.5	30
LLLP01000079.1	NC_009656.1	100.000	2815440	2815149	292	1	292	3.90e-154	540	292
LLLP01000079.1	NC_009656.1	100.000	2832835	2832544	292	1	292	3.90e-154	540	292
LLLP01000079.1	NC_009656.1	98.283	2820849	2820619	233	1	233	4.13e-114	407	229
LLLP01000080.1	NC_009656.1	100.000	2888014	2888293	280	1	280	1.75e-147	518	280
LLLP01000080.1	NC_009656.1	100.000	4826070	4826349	280	1	280	1.75e-147	518	280
LLLP01000080.1	NC_009656.1	100.000	4926180	4926459	280	1	280	1.75e-147	518	280
LLLP01000080.1	NC_009656.1	99.286	2429632	2429353	280	1	280	3.79e-144	507	278
LLLP01000080.1	NC_009656.1	99.286	2539164	2539443	280	1	280	3.79e-144	507	278
LLLP01000080.1	NC_009656.1	98.929	4369209	4368930	280	1	280	1.77e-142	501	277
LLLP01000081.1	NC_009656.1	100.000	2824636	2824898	263	1	263	4.62e-138	486	263
LLLP01000081.1	NC_009656.1	100.000	2826399	2826661	263	1	263	4.62e-138	486	263
LLLP01000081.1	NC_009656.1	99.620	2811785	2812047	263	1	263	2.15e-136	481	262
LLLP01000081.1	NC_009656.1	99.620	2828220	2828482	263	1	263	2.15e-136	481	262
LLLP01000082.1	NC_009656.1	100.000	1973891	1974143	253	1	253	1.60e-132	468	253
LLLP01000082.1	NC_009656.1	100.000	3037435	3037687	253	1	253	1.60e-132	468	253
LLLP01000083.1	NC_009656.1	100.000	812053	812299	247	1	247	3.38e-129	457	247
LLLP01000083.1	NC_009656.1	100.000	6353664	6353418	247	1	247	3.38e-129	457	247
LLLP01000083.1	NC_009656.1	99.595	5566428	5566182	247	1	247	1.57e-127	451	246
LLLP01000083.1	NC_009656.1	99.187	4983112	4982868	246	1	246	9.47e-125	442	244
LLLP01000084.1	NC_009656.1	100.000	5104000	5104244	245	1	245	4.34e-128	453	245
LLLP01000084.1	NC_009656.1	100.000	5411965	5411721	245	1	245	4.34e-128	453	245
LLLP01000084.1	NC_009656.1	99.592	5285169	5284925	245	1	245	2.02e-126	448	244
LLLP01000084.1	NC_009656.1	99.592	6119981	6120225	245	1	245	2.02e-126	448	244
LLLP01000085.1	NC_009656.1	100.000	2887468	2887229	240	1	240	2.55e-125	444	240
LLLP01000085.1	NC_009656.1	100.000	4369755	4369994	240	1	240	2.55e-125	444	240
LLLP01000085.1	NC_009656.1	100.000	2430178	2430416	239	1	239	9.18e-125	442	239
LLLP01000085.1	NC_009656.1	100.000	2538618	2538380	239	1	239	9.18e-125	442	239
LLLP01000085.1	NC_009656.1	99.582	4563025	4563263	239	1	239	4.27e-123	436	238
LLLP01000085.1	NC_009656.1	99.582	4925634	4925396	239	1	239	4.27e-123	436	238
LLLP01000085.1	NC_009656.1	98.182	6228674	6228620	55	186	240	8.23e-21	97.1	54
LLLP01000086.1	NC_009656.1	100.000	3176281	3176520	240	1	240	2.55e-125	444	240
LLLP01000086.1	NC_009656.1	100.000	6231392	6231153	240	1	240	2.55e-125	444	240
LLLP01000087.1	NC_009656.1	99.994	4369756	4562771	193016	1	193006	0.0	3.564e+05	193004
LLLP01000087.1	NC_009656.1	99.685	2429608	2429924	317	192690	193006	1.64e-163	580	316
LLLP01000087.1	NC_009656.1	99.685	2539188	2538872	317	192690	193006	1.64e-163	580	316
LLLP01000087.1	NC_009656.1	99.685	2888038	2887722	317	192690	193006	1.64e-163	580	316
LLLP01000087.1	NC_009656.1	99.685	4369185	4369501	317	192690	193006	1.64e-163	580	316
LLLP01000087.1	NC_009656.1	99.685	4926204	4925888	317	192690	193006	1.64e-163	580	316
LLLP01000087.1	NC_009656.1	99.369	4826094	4825778	317	192690	193006	7.64e-162	575	315
LLLP01000087.1	NC_009656.1	98.413	2887467	2887217	252	1	251	8.08e-122	442	248
LLLP01000087.1	NC_009656.1	100.000	2430179	2430416	238	1	238	2.91e-121	440	238
LLLP01000087.1	NC_009656.1	100.000	2538617	2538380	238	1	238	2.91e-121	440	238
LLLP01000087.1	NC_009656.1	98.780	4925633	4925389	246	1	245	3.76e-120	436	243
LLLP01000087.1	NC_009656.1	99.580	4563026	4563263	238	1	238	1.35e-119	435	237
LLLP01000087.1	NC_009656.1	98.182	6228674	6228620	55	185	239	7.25e-18	97.1	54
LLLP01000087.1	NC_009656.1	100.000	5186893	5186921	29	73388	73416	4.43e-05	54.7	29
