NZ_CAADOD010000003.1	NC_009656.1	100.000	2768302	2768330	29	4957	4985	1.14e-06	54.7	29
NZ_CAADOD010000007.1	NC_009656.1	100.000	5169553	5169524	30	9734	9763	1.82e-06	56.5	30
NZ_CAADOD010000021.1	NC_009656.1	100.000	2359747	2359776	30	1	30	8.67e-07	56.5	30
NZ_CAADOD010000022.1	NC_009656.1	100.000	1730773	1730800	28	1	28	1.41e-05	52.8	28
NZ_CAADOD010000023.1	NC_009656.1	98.387	5104309	5104000	310	11595	11904	3.70e-154	545	305
NZ_CAADOD010000023.1	NC_009656.1	98.065	5284860	5285169	310	11595	11904	1.72e-152	540	304
NZ_CAADOD010000023.1	NC_009656.1	98.065	5411656	5411965	310	11595	11904	1.72e-152	540	304
NZ_CAADOD010000023.1	NC_009656.1	100.000	5221132	5221098	35	11595	11629	1.26e-09	65.8	35
NZ_CAADOD010000027.1	NC_009656.1	100.000	1593810	1593781	30	3223	3252	2.06e-07	56.5	30
NZ_CAADOD010000029.1	NC_009656.1	100.000	5110450	5110423	28	2474	2501	1.92e-05	52.8	28
NZ_CAADOD010000034.1	NC_009656.1	100.000	2078326	2078354	29	1	29	7.14e-06	54.7	29
NZ_CAADOD010000036.1	NC_009656.1	100.000	21361	21334	28	13453	13480	2.76e-05	52.8	28
NZ_CAADOD010000037.1	NC_009656.1	98.983	4851994	4856517	4524	1	4524	0.0	8100	4478
NZ_CAADOD010000039.1	NC_009656.1	100.000	2038208	2038237	30	17582	17611	1.12e-06	56.5	30
NZ_CAADOD010000039.1	NC_009656.1	100.000	2038500	2038528	29	17583	17611	4.03e-06	54.7	29
NZ_CAADOD010000045.1	NC_009656.1	99.421	5566745	5571733	5006	1	5006	0.0	9068	4977
NZ_CAADOD010000045.1	NC_009656.1	99.401	4983429	4988417	5006	1	5006	0.0	9062	4976
NZ_CAADOD010000045.1	NC_009656.1	99.401	6353981	6358969	5006	1	5006	0.0	9062	4976
NZ_CAADOD010000045.1	NC_009656.1	99.381	811736	806748	5006	1	5006	0.0	9057	4975
NZ_CAADOD010000046.1	NC_009656.1	100.000	1254839	1254868	30	4878	4907	3.11e-07	56.5	30
NZ_CAADOD010000046.1	NC_009656.1	100.000	2768330	2768302	29	1	29	1.12e-06	54.7	29
NZ_CAADOD010000049.1	NC_009656.1	100.000	3926978	3927006	29	5232	5260	1.45e-06	54.7	29
NZ_CAADOD010000055.1	NC_009656.1	98.264	4827739	4834420	6682	503	7183	0.0	11695	6566
NZ_CAADOD010000059.1	NC_009656.1	100.000	1730796	1730768	29	1	29	6.08e-06	54.7	29
NZ_CAADOD010000066.1	NC_009656.1	100.000	1203622	1203649	28	16434	16461	1.36e-05	52.8	28
NZ_CAADOD010000069.1	NC_009656.1	99.683	2113761	2121339	7580	1	7579	0.0	13863	7556
NZ_CAADOD010000072.1	NC_009656.1	98.728	495154	488635	6527	1	6526	0.0	11587	6444
NZ_CAADOD010000072.1	NC_009656.1	98.059	481626	478432	3195	6546	9740	0.0	5557	3133
NZ_CAADOD010000072.1	NC_009656.1	100.000	1791580	1791552	29	9712	9740	2.23e-06	54.7	29
NZ_CAADOD010000075.1	NC_009656.1	100.000	2892874	2892845	30	1	30	1.54e-06	56.5	30
NZ_CAADOD010000077.1	NC_009656.1	100.000	2299145	2299174	30	28857	28886	1.84e-06	56.5	30
NZ_CAADOD010000078.1	NC_009656.1	98.563	72761	76101	3341	1	3341	0.0	5904	3293
NZ_CAADOD010000079.1	NC_009656.1	100.000	566114	566142	29	14572	14600	4.58e-06	54.7	29
NZ_CAADOD010000080.1	NC_009656.1	100.000	509837	509810	28	4581	4608	8.74e-06	52.8	28
NZ_CAADOD010000083.1	NC_009656.1	100.000	5325799	5325827	29	1	29	9.28e-06	54.7	29
NZ_CAADOD010000084.1	NC_009656.1	100.000	5089635	5089664	30	15970	15999	1.02e-06	56.5	30
NZ_CAADOD010000087.1	NC_009656.1	98.223	2521061	2520274	788	66124	66911	0.0	1378	774
NZ_CAADOD010000087.1	NC_009656.1	99.282	2521477	2521060	418	65676	66093	0.0	756	415
NZ_CAADOD010000088.1	NC_009656.1	100.000	4856488	4856517	30	7309	7338	4.66e-07	56.5	30
NZ_CAADOD010000095.1	NC_009656.1	100.000	4775712	4775739	28	8040	8067	6.63e-06	52.8	28
NZ_CAADOD010000100.1	NC_009656.1	100.000	5541365	5541336	30	1	30	1.99e-06	56.5	30
NZ_CAADOD010000105.1	NC_009656.1	100.000	5275416	5275387	30	11329	11358	7.23e-07	56.5	30
NZ_CAADOD010000117.1	NC_009656.1	100.000	3447875	3447902	28	55143	55170	4.90e-05	52.8	28
NZ_CAADOD010000119.1	NC_009656.1	98.381	4603265	4615000	11736	1	11733	0.0	20617	11546
NZ_CAADOD010000124.1	NC_009656.1	100.000	3189912	3189883	30	5892	5921	3.76e-07	56.5	30
NZ_CAADOD010000126.1	NC_009656.1	100.000	478432	478460	29	1	29	3.97e-06	54.7	29
NZ_CAADOD010000126.1	NC_009656.1	100.000	6520031	6520059	29	1	29	3.97e-06	54.7	29
NZ_CAADOD010000132.1	NC_009656.1	100.000	2390829	2390801	29	12178	12206	2.79e-06	54.7	29
NZ_CAADOD010000135.1	NC_009656.1	98.424	5758867	5753094	5774	5017	10790	0.0	10159	5683
NZ_CAADOD010000135.1	NC_009656.1	100.000	1009457	1009486	30	10080	10109	6.86e-07	56.5	30
NZ_CAADOD010000135.1	NC_009656.1	100.000	6517439	6517410	30	10761	10790	6.86e-07	56.5	30
NZ_CAADOD010000135.1	NC_009656.1	100.000	1730773	1730800	28	1	28	8.88e-06	52.8	28
NZ_CAADOD010000136.1	NC_009656.1	100.000	6397298	6397271	28	15147	15174	1.44e-05	52.8	28
NZ_CAADOD010000138.1	NC_009656.1	100.000	1262302	1262272	31	11669	11699	2.07e-07	58.4	31
NZ_CAADOD010000139.1	NC_009656.1	98.375	3025942	3021944	4001	1	4000	0.0	7025	3936
NZ_CAADOD010000143.1	NC_009656.1	98.293	832974	848608	15638	1	15634	0.0	27392	15371
NZ_CAADOD010000171.1	NC_009656.1	99.353	2088580	2083635	4946	1	4946	0.0	8957	4914
NZ_CAADOD010000173.1	NC_009656.1	100.000	6347752	6347719	34	9414	9447	1.12e-08	63.9	34
NZ_CAADOD010000173.1	NC_009656.1	100.000	1730797	1730770	28	1	28	2.43e-05	52.8	28
NZ_CAADOD010000174.1	NC_009656.1	99.762	2121321	2152811	31492	3	31493	0.0	57738	31417
NZ_CAADOD010000186.1	NC_009656.1	100.000	1113485	1113456	30	8566	8595	5.46e-07	56.5	30
NZ_CAADOD010000188.1	NC_009656.1	98.485	3037401	3037466	66	6456	6521	1.87e-25	117	65
NZ_CAADOD010000189.1	NC_009656.1	100.000	1763165	1763197	33	9294	9326	1.32e-08	62.1	33
NZ_CAADOD010000191.1	NC_009656.1	98.568	2813587	2813169	419	174	592	0.0	741	413
NZ_CAADOD010000192.1	NC_009656.1	100.000	5089668	5089639	30	10624	10653	6.78e-07	56.5	30
NZ_CAADOD010000196.1	NC_009656.1	100.000	5587599	5587627	29	5694	5722	1.31e-06	54.7	29
NZ_CAADOD010000202.1	NC_009656.1	100.000	6498280	6498313	34	5279	5312	2.01e-09	63.9	34
NZ_CAADOD010000202.1	NC_009656.1	100.000	1890531	1890503	29	2146	2174	1.21e-06	54.7	29
NZ_CAADOD010000203.1	NC_009656.1	98.915	2083664	2078325	5347	1	5346	0.0	9546	5289
NZ_CAADOD010000203.1	NC_009656.1	100.000	1900404	1900375	30	5317	5346	3.39e-07	56.5	30
NZ_CAADOD010000212.1	NC_009656.1	99.533	2194063	2207756	13694	1	13694	0.0	24934	13630
NZ_CAADOD010000214.1	NC_009656.1	99.732	2072493	2068394	4100	1	4100	0.0	7511	4089
NZ_CAADOD010000215.1	NC_009656.1	98.317	2539655	2549873	10221	71061	81279	0.0	17919	10049
NZ_CAADOD010000219.1	NC_009656.1	99.740	2029243	1975112	54144	1	54144	0.0	99193	54003
NZ_CAADOD010000219.1	NC_009656.1	100.000	2002653	2002682	30	26574	26603	3.45e-06	56.5	30
NZ_CAADOD010000221.1	NC_009656.1	100.000	540782	540811	30	1	30	2.24e-07	56.5	30
NZ_CAADOD010000223.1	NC_009656.1	99.756	2038114	2032787	5328	1	5328	0.0	9768	5315
NZ_CAADOD010000224.1	NC_009656.1	99.132	704370	709094	4725	1	4725	0.0	8499	4684
NZ_CAADOD010000224.1	NC_009656.1	98.920	5204768	5200045	4724	2	4725	0.0	8442	4673
NZ_CAADOD010000225.1	NC_009656.1	98.319	717869	709065	8806	1	8804	0.0	15439	8658
NZ_CAADOD010000226.1	NC_009656.1	100.000	1934655	1934683	29	4	32	1.59e-06	54.7	29
NZ_CAADOD010000227.1	NC_009656.1	100.000	1203622	1203649	28	38481	38508	3.17e-05	52.8	28
NZ_CAADOD010000228.1	NC_009656.1	98.053	6418657	6408953	9708	1	9705	0.0	16875	9519
NZ_CAADOD010000229.1	NC_009656.1	99.775	2029263	2032816	3554	1	3554	0.0	6519	3546
NZ_CAADOD010000229.1	NC_009656.1	100.000	5325971	5326000	30	1	30	2.25e-07	56.5	30
NZ_CAADOD010000230.1	NC_009656.1	100.000	2321497	2321525	29	553	581	1.10e-06	54.7	29
NZ_CAADOD010000232.1	NC_009656.1	98.005	400179	397222	2958	1	2958	0.0	5136	2899
NZ_CAADOD010000235.1	NC_009656.1	99.353	4583807	4583344	464	1	464	0.0	841	461
NZ_CAADOD010000238.1	NC_009656.1	100.000	5089631	5089660	30	20592	20621	1.31e-06	56.5	30
NZ_CAADOD010000240.1	NC_009656.1	98.485	4150354	4150289	66	9183	9248	4.13e-25	117	65
NZ_CAADOD010000243.1	NC_009656.1	100.000	878961	878990	30	1	30	7.51e-07	56.5	30
NZ_CAADOD010000243.1	NC_009656.1	100.000	1593803	1593776	28	1	28	9.72e-06	52.8	28
NZ_CAADOD010000243.1	NC_009656.1	100.000	2717945	2717918	28	1	28	9.72e-06	52.8	28
NZ_CAADOD010000243.1	NC_009656.1	100.000	2889340	2889313	28	1	28	9.72e-06	52.8	28
NZ_CAADOD010000247.1	NC_009656.1	100.000	5270177	5270206	30	1	30	3.82e-07	56.5	30
NZ_CAADOD010000250.1	NC_009656.1	100.000	2343611	2343639	29	1	29	2.68e-06	54.7	29
NZ_CAADOD010000253.1	NC_009656.1	100.000	2167698	2161752	5947	1	5947	0.0	10983	5947
NZ_CAADOD010000258.1	NC_009656.1	99.680	2038549	2052284	13736	1	13735	0.0	25121	13692
NZ_CAADOD010000258.1	NC_009656.1	100.000	2038258	2038287	30	1	30	8.74e-07	56.5	30
NZ_CAADOD010000264.1	NC_009656.1	98.387	3138609	3138362	248	55	301	3.02e-120	435	244
NZ_CAADOD010000264.1	NC_009656.1	100.000	1730770	1730797	28	43060	43087	3.55e-05	52.8	28
NZ_CAADOD010000271.1	NC_009656.1	100.000	879038	879009	30	13759	13788	8.78e-07	56.5	30
NZ_CAADOD010000271.1	NC_009656.1	100.000	1054773	1054744	30	13759	13788	8.78e-07	56.5	30
NZ_CAADOD010000272.1	NC_009656.1	100.000	1699797	1699769	29	7280	7308	2.69e-06	54.7	29
NZ_CAADOD010000277.1	NC_009656.1	99.785	2052255	2068085	15831	1	15830	0.0	29045	15797
NZ_CAADOD010000288.1	NC_009656.1	100.000	1593775	1593804	30	1	30	6.85e-07	56.5	30
NZ_CAADOD010000288.1	NC_009656.1	100.000	2717917	2717946	30	1	30	6.85e-07	56.5	30
NZ_CAADOD010000288.1	NC_009656.1	100.000	2889312	2889341	30	1	30	6.85e-07	56.5	30
NZ_CAADOD010000289.1	NC_009656.1	98.898	2102715	2113783	11070	1	11069	0.0	19765	10948
NZ_CAADOD010000289.1	NC_009656.1	100.000	2781553	2781582	30	1	30	7.04e-07	56.5	30
NZ_CAADOD010000294.1	NC_009656.1	98.157	2878821	2879688	868	1	868	0.0	1515	852
NZ_CAADOD010000303.1	NC_009656.1	99.745	2101563	2102739	1177	1	1177	0.0	2158	1174
NZ_CAADOD010000304.1	NC_009656.1	100.000	5528485	5528514	30	5120	5149	3.27e-07	56.5	30
NZ_CAADOD010000306.1	NC_009656.1	99.363	2096684	2101553	4870	1	4870	0.0	8822	4839
NZ_CAADOD010000310.1	NC_009656.1	100.000	5054936	5054907	30	24925	24954	1.59e-06	56.5	30
NZ_CAADOD010000323.1	NC_009656.1	100.000	5800062	5800091	30	1	30	3.49e-07	56.5	30
NZ_CAADOD010000323.1	NC_009656.1	100.000	6517436	6517407	30	1	30	3.49e-07	56.5	30
NZ_CAADOD010000328.1	NC_009656.1	100.000	1054791	1054820	30	1	30	8.14e-07	56.5	30
NZ_CAADOD010000333.1	NC_009656.1	100.000	586318	586291	28	1	28	7.44e-06	52.8	28
NZ_CAADOD010000334.1	NC_009656.1	100.000	5782615	5782646	32	6205	6236	8.35e-08	60.2	32
NZ_CAADOD010000346.1	NC_009656.1	100.000	6298955	6298926	30	20800	20829	1.33e-06	56.5	30
NZ_CAADOD010000347.1	NC_009656.1	98.220	2319691	2321994	2304	1	2304	0.0	4028	2263
NZ_CAADOD010000347.1	NC_009656.1	100.000	3387642	3387614	29	1807	1835	7.90e-07	54.7	29
NZ_CAADOD010000359.1	NC_009656.1	100.000	688165	688136	30	1240	1269	7.95e-08	56.5	30
NZ_CAADOD010000362.1	NC_009656.1	99.841	704372	693714	10659	1	10659	0.0	19590	10642
NZ_CAADOD010000362.1	NC_009656.1	99.306	5204772	5215425	10658	6	10659	0.0	19265	10584
NZ_CAADOD010000364.1	NC_009656.1	100.000	4728105	4728076	30	7747	7776	4.94e-07	56.5	30
NZ_CAADOD010000367.1	NC_009656.1	99.676	2188533	2194087	5555	1	5554	0.0	10157	5537
NZ_CAADOD010000373.1	NC_009656.1	99.396	2161769	2153325	8445	1	8423	0.0	15293	8394
NZ_CAADOD010000380.1	NC_009656.1	98.719	2993115	3002009	8896	1	8896	0.0	15795	8782
NZ_CAADOD010000380.1	NC_009656.1	100.000	6498290	6498318	29	1	29	2.03e-06	54.7	29
NZ_CAADOD010000382.1	NC_009656.1	98.113	5800065	5802290	2226	1	2226	0.0	3879	2184
NZ_CAADOD010000383.1	NC_009656.1	100.000	2717949	2717918	32	2869	2900	1.42e-08	60.2	32
NZ_CAADOD010000383.1	NC_009656.1	100.000	2889342	2889313	30	2871	2900	1.83e-07	56.5	30
NZ_CAADOD010000383.1	NC_009656.1	100.000	878960	878988	29	2872	2900	6.60e-07	54.7	29
NZ_CAADOD010000384.1	NC_009656.1	100.000	762796	762767	30	3856	3885	2.46e-07	56.5	30
NZ_CAADOD010000392.1	NC_009656.1	98.513	1239515	1249937	10423	1	10410	0.0	18377	10268
NZ_CAADOD010000402.1	NC_009656.1	100.000	4728212	4728240	29	16034	16062	3.68e-06	54.7	29
NZ_CAADOD010000406.1	NC_009656.1	98.032	816469	830998	14530	1	14530	0.0	25248	14244
NZ_CAADOD010000410.1	NC_009656.1	100.000	3725240	3725269	30	3459	3488	2.59e-07	56.5	30
NZ_CAADOD010000411.1	NC_009656.1	100.000	5831055	5831026	30	1	30	6.31e-07	56.5	30
NZ_CAADOD010000413.1	NC_009656.1	100.000	4275848	4275875	28	17	44	1.78e-06	52.8	28
NZ_CAADOD010000414.1	NC_009656.1	100.000	5270194	5270166	29	2	30	8.30e-07	54.7	29
NZ_CAADOD010000414.1	NC_009656.1	100.000	1763507	1763480	28	4	31	2.98e-06	52.8	28
NZ_CAADOD010000421.1	NC_009656.1	98.290	5104002	5103126	877	31	907	0.0	1537	862
NZ_CAADOD010000423.1	NC_009656.1	100.000	3966447	3966418	30	2783	2812	1.78e-07	56.5	30
NZ_CAADOD010000427.1	NC_009656.1	100.000	5679590	5679619	30	1	30	5.01e-07	56.5	30
NZ_CAADOD010000428.1	NC_009656.1	100.000	454853	454882	30	1	30	1.02e-06	56.5	30
NZ_CAADOD010000430.1	NC_009656.1	100.000	2497716	2497689	28	14485	14512	1.29e-05	52.8	28
NZ_CAADOD010000433.1	NC_009656.1	100.000	3932484	3932511	28	1	28	8.73e-06	52.8	28
NZ_CAADOD010000436.1	NC_009656.1	100.000	2882601	2882630	30	3146	3175	2.01e-07	56.5	30
NZ_CAADOD010000438.1	NC_009656.1	99.573	2188509	2184291	4219	1	4219	0.0	7692	4201
NZ_CAADOD010000443.1	NC_009656.1	100.000	2886962	2886934	29	8732	8760	2.02e-06	54.7	29
NZ_CAADOD010000443.1	NC_009656.1	100.000	1204828	1204801	28	8792	8819	7.25e-06	52.8	28
NZ_CAADOD010000443.1	NC_009656.1	100.000	2887202	2887175	28	8792	8819	7.25e-06	52.8	28
NZ_CAADOD010000446.1	NC_009656.1	100.000	4278434	4278405	30	13195	13224	8.42e-07	56.5	30
NZ_CAADOD010000449.1	NC_009656.1	100.000	2993144	2993115	30	4649	4678	2.97e-07	56.5	30
NZ_CAADOD010000449.1	NC_009656.1	100.000	6056797	6056768	30	4649	4678	2.97e-07	56.5	30
NZ_CAADOD010000453.1	NC_009656.1	98.480	2072495	2076045	3552	1	3551	0.0	6259	3498
NZ_CAADOD010000456.1	NC_009656.1	98.740	2884042	2883408	635	1482	2116	0.0	1129	627
NZ_CAADOD010000456.1	NC_009656.1	100.000	1204529	1204501	29	1	29	4.80e-07	54.7	29
NZ_CAADOD010000456.1	NC_009656.1	100.000	1204828	1204801	28	62	89	1.73e-06	52.8	28
NZ_CAADOD010000456.1	NC_009656.1	100.000	2886962	2886935	28	2	29	1.73e-06	52.8	28
NZ_CAADOD010000456.1	NC_009656.1	100.000	2887142	2887115	28	62	89	1.73e-06	52.8	28
NZ_CAADOD010000456.1	NC_009656.1	100.000	2887202	2887175	28	62	89	1.73e-06	52.8	28
NZ_CAADOD010000459.1	NC_009656.1	100.000	5753123	5753094	30	10568	10597	6.74e-07	56.5	30
NZ_CAADOD010000461.1	NC_009656.1	98.670	2766603	2768331	1729	1	1729	0.0	3066	1706
NZ_CAADOD010000461.1	NC_009656.1	100.000	540816	540787	30	1700	1729	1.09e-07	56.5	30
NZ_CAADOD010000468.1	NC_009656.1	100.000	5326160	5326191	32	1	32	2.68e-08	60.2	32
NZ_CAADOD010000468.1	NC_009656.1	100.000	3583955	3583926	30	3	32	3.46e-07	56.5	30
NZ_CAADOD010000468.1	NC_009656.1	100.000	5295027	5295054	28	4	31	4.48e-06	52.8	28
NZ_CAADOD010000469.1	NC_009656.1	100.000	4797728	4797757	30	5014	5043	3.20e-07	56.5	30
NZ_CAADOD010000470.1	NC_009656.1	100.000	3631567	3631596	30	1808	1837	1.16e-07	56.5	30
NZ_CAADOD010000473.1	NC_009656.1	98.709	401901	400275	1627	1	1627	0.0	2889	1606
NZ_CAADOD010000474.1	NC_009656.1	98.237	317872	316115	1758	1	1758	0.0	3075	1727
NZ_CAADOD010000475.1	NC_009656.1	100.000	3490062	3490091	30	1	30	1.88e-07	56.5	30
NZ_CAADOD010000480.1	NC_009656.1	98.104	1601594	1604547	2954	360	3313	0.0	5145	2898
NZ_CAADOD010000482.1	NC_009656.1	99.290	2077995	2076025	1972	1	1972	0.0	3563	1958
NZ_CAADOD010000487.1	NC_009656.1	100.000	537655	537623	33	1	33	4.33e-09	62.1	33
NZ_CAADOD010000490.1	NC_009656.1	100.000	1203625	1203654	30	1	30	5.82e-07	56.5	30
NZ_CAADOD010000495.1	NC_009656.1	100.000	2917956	2917918	39	954	992	1.36e-12	73.1	39
NZ_CAADOD010000497.1	NC_009656.1	98.965	2991296	2989655	1642	1	1642	0.0	2939	1625
NZ_CAADOD010000499.1	NC_009656.1	99.080	2973430	2981364	7936	1	7935	0.0	14249	7863
NZ_CAADOD010000501.1	NC_009656.1	100.000	5587600	5587627	28	7593	7620	6.27e-06	52.8	28
NZ_CAADOD010000508.1	NC_009656.1	100.000	6520030	6520058	29	2391	2419	5.49e-07	54.7	29
NZ_CAADOD010000513.1	NC_009656.1	100.000	377668	377639	30	6074	6103	5.16e-07	56.5	30
NZ_CAADOD010000515.1	NC_009656.1	100.000	545692	545663	30	11134	11163	7.10e-07	56.5	30
NZ_CAADOD010000515.1	NC_009656.1	100.000	857764	857792	29	9333	9361	2.55e-06	54.7	29
NZ_CAADOD010000520.1	NC_009656.1	99.532	2088587	2096709	8124	1	8124	0.0	14790	8086
NZ_CAADOD010000524.1	NC_009656.1	100.000	1203654	1203627	28	2704	2731	2.23e-06	52.8	28
NZ_CAADOD010000540.1	NC_009656.1	100.000	4659312	4659340	29	2948	2976	6.77e-07	54.7	29
NZ_CAADOD010000542.1	NC_009656.1	100.000	5838935	5838963	29	524	552	1.22e-07	54.7	29
NZ_CAADOD010000548.1	NC_009656.1	100.000	3189901	3189872	30	3611	3640	2.31e-07	56.5	30
NZ_CAADOD010000548.1	NC_009656.1	100.000	3308983	3309012	30	3611	3640	2.31e-07	56.5	30
NZ_CAADOD010000549.1	NC_009656.1	98.076	4443156	4444558	1403	1	1403	0.0	2442	1376
NZ_CAADOD010000551.1	NC_009656.1	100.000	5305947	5305976	30	6503	6532	4.15e-07	56.5	30
NZ_CAADOD010000551.1	NC_009656.1	100.000	3583954	3583927	28	6469	6496	5.37e-06	52.8	28
NZ_CAADOD010000557.1	NC_009656.1	99.819	2184293	2182081	2213	1	2213	0.0	4065	2209
NZ_CAADOD010000558.1	NC_009656.1	100.000	1593807	1593778	30	7719	7748	4.93e-07	56.5	30
NZ_CAADOD010000558.1	NC_009656.1	100.000	2889344	2889315	30	7719	7748	4.93e-07	56.5	30
NZ_CAADOD010000558.1	NC_009656.1	100.000	2717947	2717920	28	7721	7748	6.37e-06	52.8	28
NZ_CAADOD010000562.1	NC_009656.1	100.000	454853	454882	30	1	30	9.97e-08	56.5	30
NZ_CAADOD010000562.1	NC_009656.1	100.000	3794410	3794381	30	1557	1586	9.97e-08	56.5	30
NZ_CAADOD010000564.1	NC_009656.1	100.000	103479	103451	29	4833	4861	2.36e-06	54.7	29
NZ_CAADOD010000569.1	NC_009656.1	99.696	2171853	2176463	4611	1	4611	0.0	8438	4597
NZ_CAADOD010000569.1	NC_009656.1	100.000	866019	865990	30	4582	4611	2.92e-07	56.5	30
NZ_CAADOD010000571.1	NC_009656.1	99.386	3184990	3184177	814	1	814	0.0	1476	809
NZ_CAADOD010000573.1	NC_009656.1	100.000	5397323	5397294	30	1	30	1.50e-07	56.5	30
NZ_CAADOD010000582.1	NC_009656.1	100.000	2390620	2390591	30	1	30	5.41e-07	56.5	30
NZ_CAADOD010000582.1	NC_009656.1	100.000	2390780	2390752	29	1	29	1.95e-06	54.7	29
NZ_CAADOD010000593.1	NC_009656.1	99.112	3038275	3037713	563	1	563	0.0	1013	558
NZ_CAADOD010000593.1	NC_009656.1	98.934	1974731	1974169	563	1	563	0.0	1007	557
NZ_CAADOD010000598.1	NC_009656.1	100.000	3794381	3794409	29	2	30	2.48e-06	54.7	29
NZ_CAADOD010000601.1	NC_009656.1	100.000	1254852	1254881	30	1	30	3.93e-07	56.5	30
NZ_CAADOD010000605.1	NC_009656.1	100.000	4856523	4856494	30	1799	1828	1.15e-07	56.5	30
NZ_CAADOD010000607.1	NC_009656.1	99.006	52898	51390	1509	1002	2510	0.0	2704	1494
NZ_CAADOD010000607.1	NC_009656.1	98.756	2818357	2817313	1045	1005	2049	0.0	1858	1032
NZ_CAADOD010000609.1	NC_009656.1	100.000	5306029	5305964	66	1721	1786	1.09e-27	122	66
NZ_CAADOD010000609.1	NC_009656.1	100.000	5295107	5295078	30	1757	1786	1.12e-07	56.5	30
NZ_CAADOD010000613.1	NC_009656.1	100.000	2176434	2176463	30	1234	1263	7.91e-08	56.5	30
NZ_CAADOD010000617.1	NC_009656.1	100.000	381450	381421	30	3499	3528	2.23e-07	56.5	30
NZ_CAADOD010000620.1	NC_009656.1	99.894	2182110	2176438	5673	1	5673	0.0	10443	5667
NZ_CAADOD010000624.1	NC_009656.1	100.000	2269272	2269243	30	1	30	1.63e-07	56.5	30
NZ_CAADOD010000642.1	NC_009656.1	98.130	5735841	5733435	2407	1	2407	0.0	4196	2362
NZ_CAADOD010000644.1	NC_009656.1	98.452	1085526	1086365	840	1	840	0.0	1480	827
NZ_CAADOD010000644.1	NC_009656.1	98.214	3424571	3425410	840	1	840	0.0	1469	825
NZ_CAADOD010000649.1	NC_009656.1	99.348	5220734	5216909	3832	156	3987	0.0	6933	3807
NZ_CAADOD010000649.1	NC_009656.1	99.051	688136	688451	316	1	316	2.62e-161	568	313
NZ_CAADOD010000649.1	NC_009656.1	100.000	717883	717912	30	1	30	2.53e-07	56.5	30
NZ_CAADOD010000650.1	NC_009656.1	100.000	693687	692236	1452	1	1452	0.0	2682	1452
NZ_CAADOD010000650.1	NC_009656.1	100.000	5215452	5216903	1452	1	1452	0.0	2682	1452
NZ_CAADOD010000651.1	NC_009656.1	100.000	1558077	1558048	30	1372	1401	8.79e-08	56.5	30
NZ_CAADOD010000651.1	NC_009656.1	100.000	5798868	5798839	30	187	216	8.79e-08	56.5	30
NZ_CAADOD010000658.1	NC_009656.1	100.000	2370383	2370354	30	1800	1829	1.15e-07	56.5	30
NZ_CAADOD010000658.1	NC_009656.1	100.000	5326159	5326186	28	1802	1829	1.49e-06	52.8	28
NZ_CAADOD010000663.1	NC_009656.1	100.000	5398199	5398170	30	2648	2677	1.69e-07	56.5	30
NZ_CAADOD010000671.1	NC_009656.1	98.375	4621734	4623087	1354	1	1354	0.0	2379	1332
NZ_CAADOD010000672.1	NC_009656.1	98.445	583543	584571	1029	1	1029	0.0	1812	1013
NZ_CAADOD010000677.1	NC_009656.1	100.000	4760165	4760196	32	294	325	3.32e-08	60.2	32
NZ_CAADOD010000684.1	NC_009656.1	99.928	2171866	2167678	4189	1	4189	0.0	7720	4186
NZ_CAADOD010000685.1	NC_009656.1	98.448	1745979	1746558	580	1	580	0.0	1022	571
NZ_CAADOD010000687.1	NC_009656.1	98.466	2988248	2981340	6910	1	6910	0.0	12172	6804
NZ_CAADOD010000687.1	NC_009656.1	100.000	2987583	2987619	37	631	667	5.64e-11	69.4	37
NZ_CAADOD010000694.1	NC_009656.1	98.750	218738	216499	2240	1	2240	0.0	3982	2212
NZ_CAADOD010000695.1	NC_009656.1	98.017	6474979	6475331	353	343	695	5.64e-176	614	346
NZ_CAADOD010000697.1	NC_009656.1	98.684	477320	478459	1140	1	1140	0.0	2023	1125
NZ_CAADOD010000697.1	NC_009656.1	100.000	3932494	3932465	30	1	30	7.12e-08	56.5	30
NZ_CAADOD010000697.1	NC_009656.1	100.000	3932500	3932471	30	1	30	7.12e-08	56.5	30
NZ_CAADOD010000697.1	NC_009656.1	100.000	3932506	3932477	30	1	30	7.12e-08	56.5	30
NZ_CAADOD010000711.1	NC_009656.1	98.276	2988467	2989684	1218	1	1218	0.0	2134	1197
NZ_CAADOD010000715.1	NC_009656.1	98.826	2993070	2991369	1703	1	1703	0.0	3033	1683
NZ_CAADOD010000721.1	NC_009656.1	100.000	5528537	5528609	73	1	73	1.27e-31	135	73
NZ_CAADOD010000728.1	NC_009656.1	98.357	5531677	5532466	791	1	791	0.0	1387	778
NZ_CAADOD010000736.1	NC_009656.1	98.125	4182626	4180121	2507	1	2507	0.0	4368	2460
NZ_CAADOD010000736.1	NC_009656.1	100.000	1642287	1642315	29	5	33	5.70e-07	54.7	29
NZ_CAADOD010000738.1	NC_009656.1	100.000	6340906	6340933	28	5299	5326	4.37e-06	52.8	28
NZ_CAADOD010000742.1	NC_009656.1	100.000	533621	533592	30	1	30	2.76e-07	56.5	30
NZ_CAADOD010000743.1	NC_009656.1	100.000	4138717	4138763	47	4272	4318	1.17e-16	87.9	47
NZ_CAADOD010000749.1	NC_009656.1	98.834	2318777	2319719	943	1	943	0.0	1681	932
NZ_CAADOD010000750.1	NC_009656.1	100.000	2370355	2370383	29	1	29	5.42e-07	54.7	29
NZ_CAADOD010000754.1	NC_009656.1	98.782	2813011	2812273	739	155	893	0.0	1315	730
NZ_CAADOD010000754.1	NC_009656.1	100.000	2813043	2813015	29	1	29	2.28e-07	54.7	29
NZ_CAADOD010000754.1	NC_009656.1	100.000	2831169	2831141	29	1	29	2.28e-07	54.7	29
NZ_CAADOD010000755.1	NC_009656.1	100.000	3631511	3631481	31	3876	3906	6.88e-08	58.4	31
NZ_CAADOD010000768.1	NC_009656.1	100.000	5536703	5536664	40	1	40	1.32e-13	75.0	40
NZ_CAADOD010000772.1	NC_009656.1	100.000	6110608	6110579	30	1299	1328	8.32e-08	56.5	30
NZ_CAADOD010000776.1	NC_009656.1	98.039	1728539	1730680	2142	1	2141	0.0	3722	2100
NZ_CAADOD010000779.1	NC_009656.1	100.000	1181196	1181161	36	301	336	1.04e-10	67.6	36
NZ_CAADOD010000780.1	NC_009656.1	98.016	6316834	6315222	1613	1	1611	0.0	2800	1581
NZ_CAADOD010000782.1	NC_009656.1	100.000	5305964	5305993	30	1	30	1.84e-07	56.5	30
NZ_CAADOD010000796.1	NC_009656.1	100.000	941385	941358	28	2150	2177	1.78e-06	52.8	28
NZ_CAADOD010000796.1	NC_009656.1	100.000	1088056	1088029	28	2150	2177	1.78e-06	52.8	28
NZ_CAADOD010000796.1	NC_009656.1	100.000	5609813	5609786	28	2150	2177	1.78e-06	52.8	28
NZ_CAADOD010000796.1	NC_009656.1	100.000	6056792	6056765	28	2150	2177	1.78e-06	52.8	28
NZ_CAADOD010000796.1	NC_009656.1	100.000	6498314	6498287	28	2150	2177	1.78e-06	52.8	28
NZ_CAADOD010000799.1	NC_009656.1	100.000	2370352	2370381	30	778	807	5.00e-08	56.5	30
NZ_CAADOD010000806.1	NC_009656.1	100.000	4223463	4223434	30	1998	2027	1.28e-07	56.5	30
NZ_CAADOD010000807.1	NC_009656.1	98.746	784456	783899	558	107	664	0.0	992	551
NZ_CAADOD010000812.1	NC_009656.1	99.479	3914848	3913506	1343	4	1346	0.0	2442	1336
NZ_CAADOD010000813.1	NC_009656.1	98.595	319078	317869	1210	1	1210	0.0	2141	1193
NZ_CAADOD010000816.1	NC_009656.1	99.048	2822667	2822771	105	1	105	3.74e-48	189	104
NZ_CAADOD010000817.1	NC_009656.1	100.000	1934654	1934683	30	1	30	4.80e-08	56.5	30
NZ_CAADOD010000817.1	NC_009656.1	100.000	5270194	5270165	30	2	31	4.80e-08	56.5	30
NZ_CAADOD010000822.1	NC_009656.1	100.000	316110	316139	30	1071	1100	6.87e-08	56.5	30
NZ_CAADOD010000834.1	NC_009656.1	100.000	2414721	2414754	34	856	889	3.43e-10	63.9	34
NZ_CAADOD010000838.1	NC_009656.1	99.550	2811445	2810557	889	1	889	0.0	1620	885
NZ_CAADOD010000838.1	NC_009656.1	99.550	2824296	2823408	889	1	889	0.0	1620	885
NZ_CAADOD010000840.1	NC_009656.1	98.182	3232705	3232651	55	1	55	1.80e-20	97.1	54
NZ_CAADOD010000843.1	NC_009656.1	98.758	2883412	2882608	805	1	805	0.0	1432	795
NZ_CAADOD010000846.1	NC_009656.1	100.000	1934652	1934681	30	1	30	4.80e-08	56.5	30
NZ_CAADOD010000847.1	NC_009656.1	98.276	815339	816498	1160	1	1160	0.0	2032	1140
NZ_CAADOD010000850.1	NC_009656.1	98.566	2825284	2825771	488	30	517	0.0	863	481
NZ_CAADOD010000850.1	NC_009656.1	100.000	2827640	2827669	30	509	538	3.29e-08	56.5	30
NZ_CAADOD010000861.1	NC_009656.1	100.000	2102715	2102744	30	1	30	3.50e-08	56.5	30
NZ_CAADOD010000862.1	NC_009656.1	99.029	2826699	2826801	103	892	994	7.81e-47	185	102
NZ_CAADOD010000862.1	NC_009656.1	100.000	2813015	2813042	28	998	1025	8.27e-07	52.8	28
NZ_CAADOD010000862.1	NC_009656.1	100.000	2831141	2831168	28	998	1025	8.27e-07	52.8	28
NZ_CAADOD010000866.1	NC_009656.1	100.000	2827669	2827636	34	1	34	2.93e-10	63.9	34
NZ_CAADOD010000867.1	NC_009656.1	100.000	5270197	5270168	30	1	30	3.79e-08	56.5	30
NZ_CAADOD010000869.1	NC_009656.1	100.000	2813040	2813012	29	1	29	2.16e-07	54.7	29
