NZ_CAADQV010000004.1	NC_009656.1	100.000	3447875	3447902	28	1	28	1.95e-05	52.8	28
NZ_CAADQV010000011.1	NC_009656.1	100.000	6512659	6512630	30	4664	4693	2.98e-07	56.5	30
NZ_CAADQV010000014.1	NC_009656.1	100.000	2078326	2078354	29	1	29	4.02e-06	54.7	29
NZ_CAADQV010000020.1	NC_009656.1	98.060	5753094	5756289	3196	1	3196	0.0	5559	3134
NZ_CAADQV010000020.1	NC_009656.1	100.000	1009486	1009457	30	682	711	2.02e-07	56.5	30
NZ_CAADQV010000020.1	NC_009656.1	100.000	6517410	6517439	30	1	30	2.02e-07	56.5	30
NZ_CAADQV010000034.1	NC_009656.1	98.742	2883089	2884042	954	1	954	0.0	1696	942
NZ_CAADQV010000034.1	NC_009656.1	100.000	4162867	4162895	29	3083	3111	7.08e-07	54.7	29
NZ_CAADQV010000036.1	NC_009656.1	99.050	811506	806577	4947	1	4947	0.0	8859	4900
NZ_CAADQV010000036.1	NC_009656.1	99.050	4983659	4988588	4947	1	4947	0.0	8859	4900
NZ_CAADQV010000036.1	NC_009656.1	99.050	5566975	5571904	4947	1	4947	0.0	8859	4900
NZ_CAADQV010000036.1	NC_009656.1	98.969	6354211	6359140	4947	1	4947	0.0	8837	4896
NZ_CAADQV010000041.1	NC_009656.1	100.000	103451	103479	29	11863	11891	3.83e-06	54.7	29
NZ_CAADQV010000046.1	NC_009656.1	98.940	2318777	2319719	943	1	943	0.0	1687	933
NZ_CAADQV010000048.1	NC_009656.1	100.000	5325799	5325827	29	1	29	5.73e-06	54.7	29
NZ_CAADQV010000050.1	NC_009656.1	98.504	4580570	4579702	869	1	869	0.0	1533	856
NZ_CAADQV010000051.1	NC_009656.1	100.000	4659359	4659330	30	6332	6361	4.04e-07	56.5	30
NZ_CAADQV010000051.1	NC_009656.1	100.000	5325798	5325769	30	6332	6361	4.04e-07	56.5	30
NZ_CAADQV010000053.1	NC_009656.1	100.000	3400305	3400277	29	859	887	1.98e-07	54.7	29
NZ_CAADQV010000053.1	NC_009656.1	100.000	1113479	1113452	28	1	28	7.14e-07	52.8	28
NZ_CAADQV010000054.1	NC_009656.1	99.951	700615	698576	2040	1	2040	0.0	3762	2039
NZ_CAADQV010000054.1	NC_009656.1	99.951	5208524	5210563	2040	1	2040	0.0	3762	2039
NZ_CAADQV010000063.1	NC_009656.1	98.134	2321994	2319691	2304	12356	14659	0.0	4017	2261
NZ_CAADQV010000063.1	NC_009656.1	100.000	3387614	3387642	29	12825	12853	3.36e-06	54.7	29
NZ_CAADQV010000067.1	NC_009656.1	100.000	1699797	1699769	29	6500	6528	2.50e-06	54.7	29
NZ_CAADQV010000073.1	NC_009656.1	100.000	207193	207158	36	2675	2710	1.32e-10	67.6	36
NZ_CAADQV010000073.1	NC_009656.1	100.000	4275878	4275848	31	2677	2707	7.95e-08	58.4	31
NZ_CAADQV010000076.1	NC_009656.1	98.396	5888922	5882878	6046	1	6046	0.0	10626	5949
NZ_CAADQV010000080.1	NC_009656.1	100.000	5326191	5326160	32	16850	16881	8.31e-08	60.2	32
NZ_CAADQV010000080.1	NC_009656.1	100.000	3583926	3583955	30	16850	16879	1.07e-06	56.5	30
NZ_CAADQV010000080.1	NC_009656.1	100.000	5295054	5295027	28	16851	16878	1.39e-05	52.8	28
NZ_CAADQV010000087.1	NC_009656.1	99.748	3175191	3162495	12698	13211	25906	0.0	23268	12666
NZ_CAADQV010000093.1	NC_009656.1	98.035	830998	816442	14558	1	14557	0.0	25298	14272
NZ_CAADQV010000098.1	NC_009656.1	100.000	2768302	2768330	29	2085	2113	4.79e-07	54.7	29
NZ_CAADQV010000100.1	NC_009656.1	100.000	6347752	6347719	34	9412	9445	7.18e-09	63.9	34
NZ_CAADQV010000100.1	NC_009656.1	100.000	1730797	1730770	28	1	28	1.55e-05	52.8	28
NZ_CAADQV010000105.1	NC_009656.1	98.340	5536147	5534884	1265	3742	5006	0.0	2218	1244
NZ_CAADQV010000105.1	NC_009656.1	100.000	5528609	5528537	73	10911	10983	8.72e-31	135	73
NZ_CAADQV010000105.1	NC_009656.1	100.000	5528514	5528485	30	1	30	6.99e-07	56.5	30
NZ_CAADQV010000112.1	NC_009656.1	100.000	2892874	2892845	30	1	30	7.41e-07	56.5	30
NZ_CAADQV010000115.1	NC_009656.1	98.005	3950769	3949968	802	7582	8383	0.0	1393	786
NZ_CAADQV010000115.1	NC_009656.1	98.485	4150354	4150289	66	2256	2321	2.41e-25	117	65
NZ_CAADQV010000117.1	NC_009656.1	100.000	2882630	2882601	30	1	30	1.53e-07	56.5	30
NZ_CAADQV010000120.1	NC_009656.1	100.000	2717949	2717918	32	9612	9643	4.74e-08	60.2	32
NZ_CAADQV010000120.1	NC_009656.1	100.000	2889342	2889313	30	9614	9643	6.13e-07	56.5	30
NZ_CAADQV010000120.1	NC_009656.1	100.000	878960	878988	29	9615	9643	2.21e-06	54.7	29
NZ_CAADQV010000124.1	NC_009656.1	100.000	3447875	3447902	28	13022	13049	1.07e-05	52.8	28
NZ_CAADQV010000131.1	NC_009656.1	100.000	2002653	2029243	26591	1	26591	0.0	49105	26591
NZ_CAADQV010000131.1	NC_009656.1	100.000	2002682	2002653	30	1	30	1.69e-06	56.5	30
NZ_CAADQV010000147.1	NC_009656.1	98.219	1605075	1601594	3482	1	3482	0.0	6087	3420
NZ_CAADQV010000149.1	NC_009656.1	100.000	4369964	4369994	31	1	31	8.45e-07	58.4	31
NZ_CAADQV010000149.1	NC_009656.1	100.000	6228650	6228620	31	1	31	8.45e-07	58.4	31
NZ_CAADQV010000149.1	NC_009656.1	100.000	2430387	2430416	30	1	30	3.04e-06	56.5	30
NZ_CAADQV010000149.1	NC_009656.1	100.000	2538409	2538380	30	1	30	3.04e-06	56.5	30
NZ_CAADQV010000149.1	NC_009656.1	100.000	4563234	4563263	30	1	30	3.04e-06	56.5	30
NZ_CAADQV010000149.1	NC_009656.1	100.000	4925425	4925396	30	1	30	3.04e-06	56.5	30
NZ_CAADQV010000161.1	NC_009656.1	99.656	692637	698457	5821	1	5821	0.0	10639	5801
NZ_CAADQV010000161.1	NC_009656.1	99.553	5216502	5210682	5821	1	5821	0.0	10606	5795
NZ_CAADQV010000163.1	NC_009656.1	100.000	509810	509837	28	17485	17512	1.82e-05	52.8	28
NZ_CAADQV010000164.1	NC_009656.1	98.387	488635	492100	3472	117	3587	0.0	6095	3416
NZ_CAADQV010000165.1	NC_009656.1	100.000	3631511	3631481	31	7931	7961	1.41e-07	58.4	31
NZ_CAADQV010000172.1	NC_009656.1	98.100	1292740	1293318	579	1	579	0.0	1009	568
NZ_CAADQV010000182.1	NC_009656.1	100.000	1204589	1204620	32	9254	9285	8.18e-08	60.2	32
NZ_CAADQV010000191.1	NC_009656.1	98.619	640132	637382	2751	1	2751	0.0	4870	2713
NZ_CAADQV010000201.1	NC_009656.1	98.465	6385695	6390451	4757	6088	10844	0.0	8381	4684
NZ_CAADQV010000204.1	NC_009656.1	100.000	2390667	2390640	28	15616	15643	1.29e-05	52.8	28
NZ_CAADQV010000204.1	NC_009656.1	100.000	2635974	2635947	28	15616	15643	1.29e-05	52.8	28
NZ_CAADQV010000208.1	NC_009656.1	98.795	216499	218738	2240	1	2240	0.0	3988	2213
NZ_CAADQV010000220.1	NC_009656.1	100.000	3725240	3725269	30	13589	13618	9.05e-07	56.5	30
NZ_CAADQV010000232.1	NC_009656.1	100.000	6397271	6397298	28	9153	9180	1.00e-05	52.8	28
NZ_CAADQV010000234.1	NC_009656.1	100.000	5169553	5169524	30	3177	3206	2.03e-07	56.5	30
NZ_CAADQV010000234.1	NC_009656.1	100.000	3447902	3447875	28	3179	3206	2.62e-06	52.8	28
NZ_CAADQV010000236.1	NC_009656.1	98.144	4835927	4827739	8190	6825	15012	0.0	14279	8038
NZ_CAADQV010000242.1	NC_009656.1	100.000	1254868	1254839	30	1	30	9.51e-08	56.5	30
NZ_CAADQV010000243.1	NC_009656.1	99.092	495161	492079	3083	1	3083	0.0	5539	3055
NZ_CAADQV010000247.1	NC_009656.1	100.000	5782646	5782615	32	5189	5220	5.62e-08	60.2	32
NZ_CAADQV010000251.1	NC_009656.1	100.000	1262302	1262272	31	11638	11668	2.06e-07	58.4	31
NZ_CAADQV010000265.1	NC_009656.1	100.000	4728212	4728240	29	13199	13227	3.03e-06	54.7	29
NZ_CAADQV010000270.1	NC_009656.1	100.000	5838963	5838935	29	846	874	4.95e-07	54.7	29
NZ_CAADQV010000287.1	NC_009656.1	98.275	5758867	5756260	2608	5017	7618	0.0	4562	2563
NZ_CAADQV010000287.1	NC_009656.1	100.000	1730773	1730800	28	1	28	6.26e-06	52.8	28
NZ_CAADQV010000290.1	NC_009656.1	100.000	1593775	1593803	29	5973	6001	1.37e-06	54.7	29
NZ_CAADQV010000290.1	NC_009656.1	100.000	2717917	2717945	29	5973	6001	1.37e-06	54.7	29
NZ_CAADQV010000290.1	NC_009656.1	100.000	2889312	2889340	29	5973	6001	1.37e-06	54.7	29
NZ_CAADQV010000297.1	NC_009656.1	100.000	6298926	6298955	30	1	30	3.87e-07	56.5	30
NZ_CAADQV010000305.1	NC_009656.1	98.115	2545739	2549873	4137	1	4135	0.0	7204	4059
NZ_CAADQV010000307.1	NC_009656.1	100.000	2321525	2321497	29	4224	4252	1.64e-06	54.7	29
NZ_CAADQV010000309.1	NC_009656.1	98.050	643716	640486	3231	6	3236	0.0	5618	3168
NZ_CAADQV010000324.1	NC_009656.1	98.169	2511602	2520161	8573	6	8577	0.0	14949	8416
NZ_CAADQV010000332.1	NC_009656.1	100.000	677101	677129	29	1	29	7.39e-07	54.7	29
NZ_CAADQV010000375.1	NC_009656.1	98.266	4857616	4858307	692	1	692	0.0	1212	680
NZ_CAADQV010000377.1	NC_009656.1	100.000	1038123	1038095	29	1809	1837	1.50e-06	54.7	29
NZ_CAADQV010000385.1	NC_009656.1	100.000	2299145	2299174	30	28857	28886	1.84e-06	56.5	30
NZ_CAADQV010000398.1	NC_009656.1	98.119	831873	830970	904	1	904	0.0	1576	887
NZ_CAADQV010000399.1	NC_009656.1	100.000	2768330	2768302	29	1	29	1.86e-06	54.7	29
NZ_CAADQV010000406.1	NC_009656.1	100.000	5497560	5497591	32	6174	6205	3.05e-08	60.2	32
NZ_CAADQV010000406.1	NC_009656.1	100.000	5497591	5497562	30	1	30	3.94e-07	56.5	30
NZ_CAADQV010000406.1	NC_009656.1	100.000	5512539	5512510	30	6176	6205	3.94e-07	56.5	30
NZ_CAADQV010000406.1	NC_009656.1	100.000	5512510	5512539	30	1	30	3.94e-07	56.5	30
NZ_CAADQV010000411.1	NC_009656.1	100.000	139981	139952	30	10765	10794	6.87e-07	56.5	30
NZ_CAADQV010000415.1	NC_009656.1	100.000	137377	137406	30	18721	18750	1.19e-06	56.5	30
NZ_CAADQV010000419.1	NC_009656.1	100.000	4563236	4563265	30	1	30	1.45e-06	56.5	30
NZ_CAADQV010000419.1	NC_009656.1	100.000	2538407	2538379	29	1	29	5.23e-06	54.7	29
NZ_CAADQV010000419.1	NC_009656.1	100.000	2430389	2430416	28	1	28	1.88e-05	52.8	28
NZ_CAADQV010000419.1	NC_009656.1	100.000	2887257	2887230	28	1	28	1.88e-05	52.8	28
NZ_CAADQV010000419.1	NC_009656.1	100.000	4369966	4369993	28	1	28	1.88e-05	52.8	28
NZ_CAADQV010000419.1	NC_009656.1	100.000	4825313	4825286	28	1	28	1.88e-05	52.8	28
NZ_CAADQV010000419.1	NC_009656.1	100.000	4925423	4925396	28	1	28	1.88e-05	52.8	28
NZ_CAADQV010000419.1	NC_009656.1	100.000	6228648	6228621	28	1	28	1.88e-05	52.8	28
NZ_CAADQV010000421.1	NC_009656.1	100.000	630150	630179	30	6173	6202	3.94e-07	56.5	30
NZ_CAADQV010000422.1	NC_009656.1	100.000	545663	545692	30	1	30	2.18e-07	56.5	30
NZ_CAADQV010000422.1	NC_009656.1	100.000	857792	857764	29	1803	1831	7.85e-07	54.7	29
NZ_CAADQV010000443.1	NC_009656.1	98.333	717949	717831	120	63	181	5.32e-53	209	118
NZ_CAADQV010000447.1	NC_009656.1	98.207	5079982	5078088	1896	2	1897	0.0	3312	1862
NZ_CAADQV010000453.1	NC_009656.1	100.000	566142	566114	29	2379	2407	1.05e-06	54.7	29
NZ_CAADQV010000455.1	NC_009656.1	98.878	5203710	5195960	7751	1	7751	0.0	13832	7664
NZ_CAADQV010000455.1	NC_009656.1	98.723	705429	713179	7751	1	7751	0.0	13766	7652
NZ_CAADQV010000468.1	NC_009656.1	100.000	5831026	5831055	30	1337	1366	8.56e-08	56.5	30
NZ_CAADQV010000474.1	NC_009656.1	100.000	55501	55530	30	845	874	5.43e-08	56.5	30
NZ_CAADQV010000474.1	NC_009656.1	100.000	2813030	2813059	30	845	874	5.43e-08	56.5	30
NZ_CAADQV010000474.1	NC_009656.1	100.000	2831156	2831185	30	845	874	5.43e-08	56.5	30
NZ_CAADQV010000479.1	NC_009656.1	100.000	2370356	2370383	28	1	28	1.56e-06	52.8	28
NZ_CAADQV010000481.1	NC_009656.1	100.000	5306028	5305947	82	3207	3288	7.72e-36	152	82
NZ_CAADQV010000481.1	NC_009656.1	100.000	3583927	3583954	28	3295	3322	8.05e-06	52.8	28
NZ_CAADQV010000482.1	NC_009656.1	100.000	6520030	6520058	29	1691	1719	3.89e-07	54.7	29
NZ_CAADQV010000486.1	NC_009656.1	100.000	454880	454850	31	1	31	2.80e-08	58.4	31
NZ_CAADQV010000490.1	NC_009656.1	100.000	1181161	1181194	34	3215	3248	2.21e-09	63.9	34
NZ_CAADQV010000495.1	NC_009656.1	100.000	377668	377639	30	3300	3329	7.40e-07	56.5	30
NZ_CAADQV010000499.1	NC_009656.1	100.000	139953	139981	29	1	29	3.00e-06	54.7	29
NZ_CAADQV010000510.1	NC_009656.1	100.000	3582546	3582517	30	19133	19162	1.22e-06	56.5	30
NZ_CAADQV010000511.1	NC_009656.1	100.000	454880	454851	30	1	30	2.09e-07	56.5	30
NZ_CAADQV010000524.1	NC_009656.1	98.107	1616268	1620967	4702	1	4700	0.0	8187	4613
NZ_CAADQV010000527.1	NC_009656.1	100.000	5054936	5054908	29	2447	2475	5.62e-07	54.7	29
NZ_CAADQV010000528.1	NC_009656.1	100.000	2038258	2038287	30	1	30	2.68e-07	56.5	30
NZ_CAADQV010000534.1	NC_009656.1	100.000	2343610	2343639	30	1	30	4.31e-07	56.5	30
NZ_CAADQV010000537.1	NC_009656.1	98.362	3026275	3021944	4334	1	4333	0.0	7607	4263
NZ_CAADQV010000538.1	NC_009656.1	100.000	4728105	4728076	30	6839	6868	4.36e-07	56.5	30
NZ_CAADQV010000541.1	NC_009656.1	100.000	5089639	5089668	30	1	30	6.78e-07	56.5	30
NZ_CAADQV010000543.1	NC_009656.1	100.000	533592	533621	30	16056	16085	1.02e-06	56.5	30
NZ_CAADQV010000549.1	NC_009656.1	98.541	3062987	3065385	2399	1	2399	0.0	4237	2364
NZ_CAADQV010000552.1	NC_009656.1	100.000	21334	21361	28	672	699	3.67e-06	52.8	28
NZ_CAADQV010000553.1	NC_009656.1	98.817	922678	923184	507	2129	2635	0.0	904	501
NZ_CAADQV010000555.1	NC_009656.1	99.042	6368558	6368037	522	1	522	0.0	937	517
NZ_CAADQV010000562.1	NC_009656.1	100.000	1763165	1763197	33	4542	4574	6.66e-09	62.1	33
NZ_CAADQV010000566.1	NC_009656.1	98.557	2994633	3002256	7625	1	7625	0.0	13470	7515
NZ_CAADQV010000570.1	NC_009656.1	100.000	1934683	1934655	29	4047	4075	9.30e-07	54.7	29
NZ_CAADQV010000575.1	NC_009656.1	100.000	3932511	3932484	28	15118	15145	1.25e-05	52.8	28
NZ_CAADQV010000582.1	NC_009656.1	100.000	537623	537655	33	3148	3180	9.84e-09	62.1	33
NZ_CAADQV010000586.1	NC_009656.1	100.000	941385	941358	28	2153	2180	1.78e-06	52.8	28
NZ_CAADQV010000586.1	NC_009656.1	100.000	1088056	1088029	28	2153	2180	1.78e-06	52.8	28
NZ_CAADQV010000586.1	NC_009656.1	100.000	5609813	5609786	28	2153	2180	1.78e-06	52.8	28
NZ_CAADQV010000586.1	NC_009656.1	100.000	6056792	6056765	28	2153	2180	1.78e-06	52.8	28
NZ_CAADQV010000586.1	NC_009656.1	100.000	6498314	6498287	28	2153	2180	1.78e-06	52.8	28
NZ_CAADQV010000596.1	NC_009656.1	98.057	5103126	5104309	1184	5111	6294	0.0	2060	1161
NZ_CAADQV010000596.1	NC_009656.1	100.000	5221098	5221132	35	6260	6294	9.09e-10	65.8	35
NZ_CAADQV010000604.1	NC_009656.1	100.000	1991118	2002682	11565	1	11565	0.0	21357	11565
NZ_CAADQV010000604.1	NC_009656.1	100.000	2002682	2002653	30	11536	11565	7.36e-07	56.5	30
NZ_CAADQV010000614.1	NC_009656.1	100.000	3934846	3934817	30	1	30	4.96e-07	56.5	30
NZ_CAADQV010000626.1	NC_009656.1	100.000	1987148	1982188	4961	1	4961	0.0	9162	4961
NZ_CAADQV010000628.1	NC_009656.1	98.531	2728772	2726322	2451	1	2451	0.0	4327	2415
NZ_CAADQV010000632.1	NC_009656.1	100.000	4825315	4825284	32	1	32	8.06e-08	60.2	32
NZ_CAADQV010000632.1	NC_009656.1	100.000	2430387	2430417	31	1	31	2.90e-07	58.4	31
NZ_CAADQV010000632.1	NC_009656.1	100.000	2538409	2538380	30	1	30	1.04e-06	56.5	30
NZ_CAADQV010000632.1	NC_009656.1	100.000	2887259	2887230	30	1	30	1.04e-06	56.5	30
NZ_CAADQV010000632.1	NC_009656.1	100.000	4369964	4369993	30	1	30	1.04e-06	56.5	30
NZ_CAADQV010000632.1	NC_009656.1	100.000	4563234	4563263	30	1	30	1.04e-06	56.5	30
NZ_CAADQV010000632.1	NC_009656.1	100.000	4925425	4925396	30	1	30	1.04e-06	56.5	30
NZ_CAADQV010000632.1	NC_009656.1	100.000	6228650	6228621	30	1	30	1.04e-06	56.5	30
NZ_CAADQV010000634.1	NC_009656.1	100.000	6195222	6195251	30	840	869	5.40e-08	56.5	30
NZ_CAADQV010000639.1	NC_009656.1	100.000	2685764	2685793	30	1	30	1.48e-07	56.5	30
NZ_CAADQV010000640.1	NC_009656.1	100.000	5508623	5509772	1150	31	1180	0.0	2124	1150
NZ_CAADQV010000640.1	NC_009656.1	99.688	3860755	3861394	640	3532	4171	0.0	1171	638
NZ_CAADQV010000640.1	NC_009656.1	100.000	116188	116354	167	5523	5689	2.85e-83	309	167
NZ_CAADQV010000640.1	NC_009656.1	100.000	5511689	5511660	30	1	30	4.10e-07	56.5	30
NZ_CAADQV010000641.1	NC_009656.1	100.000	4111448	4111419	30	5386	5415	3.44e-07	56.5	30
NZ_CAADQV010000643.1	NC_009656.1	98.006	4182626	4180121	2507	1	2506	0.0	4351	2457
NZ_CAADQV010000643.1	NC_009656.1	100.000	1642287	1642315	29	5	33	5.69e-07	54.7	29
NZ_CAADQV010000658.1	NC_009656.1	100.000	1054820	1054791	30	9863	9892	6.29e-07	56.5	30
NZ_CAADQV010000665.1	NC_009656.1	98.318	431930	432464	535	1	535	0.0	939	526
NZ_CAADQV010000677.1	NC_009656.1	100.000	2781553	2781582	30	1	30	2.23e-07	56.5	30
NZ_CAADQV010000689.1	NC_009656.1	100.000	3490091	3490062	30	619	648	3.99e-08	56.5	30
NZ_CAADQV010000694.1	NC_009656.1	100.000	4563236	4563265	30	1	30	2.70e-07	56.5	30
NZ_CAADQV010000694.1	NC_009656.1	100.000	2538407	2538379	29	1	29	9.70e-07	54.7	29
NZ_CAADQV010000694.1	NC_009656.1	100.000	2430389	2430416	28	1	28	3.49e-06	52.8	28
NZ_CAADQV010000694.1	NC_009656.1	100.000	2887257	2887230	28	1	28	3.49e-06	52.8	28
NZ_CAADQV010000694.1	NC_009656.1	100.000	4369966	4369993	28	1	28	3.49e-06	52.8	28
NZ_CAADQV010000694.1	NC_009656.1	100.000	4825313	4825286	28	1	28	3.49e-06	52.8	28
NZ_CAADQV010000694.1	NC_009656.1	100.000	4925423	4925396	28	1	28	3.49e-06	52.8	28
NZ_CAADQV010000701.1	NC_009656.1	99.272	5218664	5216473	2198	1	2198	0.0	3965	2182
NZ_CAADQV010000701.1	NC_009656.1	99.136	690469	692666	2198	1	2198	0.0	3954	2179
NZ_CAADQV010000702.1	NC_009656.1	100.000	2390591	2390620	30	8490	8519	5.42e-07	56.5	30
NZ_CAADQV010000702.1	NC_009656.1	100.000	2390752	2390780	29	8491	8519	1.95e-06	54.7	29
NZ_CAADQV010000713.1	NC_009656.1	98.421	477320	478459	1140	1	1140	0.0	2006	1122
NZ_CAADQV010000718.1	NC_009656.1	99.195	832947	844622	11676	1	11675	0.0	21039	11582
NZ_CAADQV010000718.1	NC_009656.1	98.387	816442	816503	62	1	62	5.62e-23	110	61
NZ_CAADQV010000720.1	NC_009656.1	100.000	6526479	6526508	30	4101	4130	2.62e-07	56.5	30
NZ_CAADQV010000722.1	NC_009656.1	98.698	2993134	2991369	1767	1	1767	0.0	3134	1744
NZ_CAADQV010000736.1	NC_009656.1	99.817	5193250	5195977	2728	1	2728	0.0	5011	2723
NZ_CAADQV010000736.1	NC_009656.1	99.304	715889	713162	2728	1	2728	0.0	4933	2709
NZ_CAADQV010000742.1	NC_009656.1	99.077	705446	704364	1083	1	1082	0.0	1943	1073
NZ_CAADQV010000744.1	NC_009656.1	98.080	5881490	5882895	1406	2	1406	0.0	2446	1379
NZ_CAADQV010000746.1	NC_009656.1	98.323	815339	816471	1133	1	1133	0.0	1988	1114
NZ_CAADQV010000747.1	NC_009656.1	100.000	2520132	2520161	30	16471	16500	1.05e-06	56.5	30
NZ_CAADQV010000761.1	NC_009656.1	99.556	4826186	4825286	901	4	904	0.0	1642	897
NZ_CAADQV010000761.1	NC_009656.1	98.557	2888130	2887230	901	4	904	0.0	1592	888
NZ_CAADQV010000761.1	NC_009656.1	98.451	4369090	4369993	904	1	904	0.0	1592	890
NZ_CAADQV010000761.1	NC_009656.1	98.446	4926296	4925396	901	4	904	0.0	1587	887
NZ_CAADQV010000761.1	NC_009656.1	98.230	2429513	2430416	904	1	904	0.0	1581	888
NZ_CAADQV010000761.1	NC_009656.1	98.335	2539280	2538380	901	4	904	0.0	1581	886
NZ_CAADQV010000761.1	NC_009656.1	98.517	4562455	4563263	809	96	904	0.0	1428	797
NZ_CAADQV010000762.1	NC_009656.1	100.000	4925425	4925395	31	1	31	1.24e-08	58.4	31
NZ_CAADQV010000762.1	NC_009656.1	100.000	2430387	2430416	30	1	30	4.44e-08	56.5	30
NZ_CAADQV010000762.1	NC_009656.1	100.000	2538409	2538380	30	1	30	4.44e-08	56.5	30
NZ_CAADQV010000762.1	NC_009656.1	100.000	2887259	2887230	30	1	30	4.44e-08	56.5	30
NZ_CAADQV010000762.1	NC_009656.1	100.000	4369964	4369993	30	1	30	4.44e-08	56.5	30
NZ_CAADQV010000762.1	NC_009656.1	100.000	4825315	4825286	30	1	30	4.44e-08	56.5	30
NZ_CAADQV010000763.1	NC_009656.1	100.000	5800091	5800062	30	14595	14624	9.31e-07	56.5	30
NZ_CAADQV010000763.1	NC_009656.1	100.000	6517407	6517436	30	14595	14624	9.31e-07	56.5	30
NZ_CAADQV010000764.1	NC_009656.1	100.000	878990	878961	30	7172	7201	4.58e-07	56.5	30
NZ_CAADQV010000764.1	NC_009656.1	100.000	1593776	1593803	28	7174	7201	5.92e-06	52.8	28
NZ_CAADQV010000764.1	NC_009656.1	100.000	2717918	2717945	28	7174	7201	5.92e-06	52.8	28
NZ_CAADQV010000764.1	NC_009656.1	100.000	2889313	2889340	28	7174	7201	5.92e-06	52.8	28
NZ_CAADQV010000766.1	NC_009656.1	99.219	2833980	2833853	128	805	932	9.26e-61	231	127
NZ_CAADQV010000768.1	NC_009656.1	100.000	4368786	4368757	30	1	30	1.91e-07	56.5	30
NZ_CAADQV010000768.1	NC_009656.1	100.000	2888437	2888465	29	1	29	6.86e-07	54.7	29
NZ_CAADQV010000768.1	NC_009656.1	100.000	4826493	4826521	29	1	29	6.86e-07	54.7	29
NZ_CAADQV010000768.1	NC_009656.1	100.000	4926604	4926632	29	1	29	6.86e-07	54.7	29
NZ_CAADQV010000771.1	NC_009656.1	98.156	1632710	1634821	2115	32	2146	0.0	3687	2076
NZ_CAADQV010000772.1	NC_009656.1	99.911	1894243	1891995	2249	1	2249	0.0	4143	2247
NZ_CAADQV010000775.1	NC_009656.1	98.003	663712	667466	3756	1	3756	0.0	6519	3681
NZ_CAADQV010000776.1	NC_009656.1	100.000	1203622	1203654	33	4478	4510	1.04e-08	62.1	33
NZ_CAADQV010000777.1	NC_009656.1	100.000	3926978	3927006	29	3283	3311	8.56e-07	54.7	29
NZ_CAADQV010000778.1	NC_009656.1	100.000	1890531	1890503	29	1109	1137	9.73e-07	54.7	29
NZ_CAADQV010000778.1	NC_009656.1	100.000	6498280	6498307	28	4242	4269	3.50e-06	52.8	28
NZ_CAADQV010000783.1	NC_009656.1	99.214	2989665	2990936	1272	1	1272	0.0	2294	1262
NZ_CAADQV010000789.1	NC_009656.1	98.659	1713363	1714555	1193	1	1193	0.0	2115	1177
NZ_CAADQV010000791.1	NC_009656.1	100.000	4659312	4659340	29	2945	2973	6.76e-07	54.7	29
NZ_CAADQV010000795.1	NC_009656.1	99.350	5220942	5218635	2309	1334	3638	0.0	4176	2294
NZ_CAADQV010000801.1	NC_009656.1	99.730	2821180	2822289	1110	34	1142	0.0	2032	1107
NZ_CAADQV010000802.1	NC_009656.1	100.000	5587627	5587599	29	3	31	1.14e-06	54.7	29
NZ_CAADQV010000807.1	NC_009656.1	100.000	2390799	2390828	30	1	30	1.40e-07	56.5	30
NZ_CAADQV010000828.1	NC_009656.1	100.000	4162872	4162900	29	1	29	5.65e-07	54.7	29
NZ_CAADQV010000834.1	NC_009656.1	100.000	4278405	4278434	30	1	30	8.42e-07	56.5	30
NZ_CAADQV010000836.1	NC_009656.1	100.000	700586	704372	3787	1	3787	0.0	6994	3787
NZ_CAADQV010000836.1	NC_009656.1	98.547	5208553	5204772	3786	1	3782	0.0	6680	3731
NZ_CAADQV010000842.1	NC_009656.1	100.000	5674214	5674244	31	2212	2242	3.93e-08	58.4	31
NZ_CAADQV010000850.1	NC_009656.1	100.000	630154	630183	30	1	30	8.91e-08	56.5	30
NZ_CAADQV010000854.1	NC_009656.1	100.000	3189901	3189872	30	3606	3635	2.30e-07	56.5	30
NZ_CAADQV010000854.1	NC_009656.1	100.000	3308983	3309012	30	3606	3635	2.30e-07	56.5	30
NZ_CAADQV010000858.1	NC_009656.1	100.000	5089631	5089660	30	2347	2376	1.50e-07	56.5	30
NZ_CAADQV010000859.1	NC_009656.1	98.250	6430323	6436607	6286	55	6340	0.0	10997	6176
NZ_CAADQV010000870.1	NC_009656.1	100.000	5325971	5326000	30	1	30	3.70e-07	56.5	30
NZ_CAADQV010000879.1	NC_009656.1	100.000	2497689	2497716	28	300	327	5.84e-06	52.8	28
NZ_CAADQV010000887.1	NC_009656.1	100.000	2829718	2829749	32	1	32	6.60e-09	60.2	32
NZ_CAADQV010000887.1	NC_009656.1	100.000	2834535	2834565	31	1	31	2.37e-08	58.4	31
NZ_CAADQV010000887.1	NC_009656.1	100.000	2813045	2813018	28	1	28	1.10e-06	52.8	28
NZ_CAADQV010000887.1	NC_009656.1	100.000	2831171	2831144	28	1	28	1.10e-06	52.8	28
NZ_CAADQV010000893.1	NC_009656.1	100.000	1934652	1934681	30	1	30	4.80e-08	56.5	30
NZ_CAADQV010000894.1	NC_009656.1	100.000	4580541	4580570	30	1200	1229	7.69e-08	56.5	30
NZ_CAADQV010000901.1	NC_009656.1	98.039	1730680	1728539	2142	69	2209	0.0	3722	2100
NZ_CAADQV010000902.1	NC_009656.1	100.000	762796	762767	30	7185	7214	4.58e-07	56.5	30
NZ_CAADQV010000906.1	NC_009656.1	99.386	3184177	3184990	814	703	1516	0.0	1476	809
NZ_CAADQV010000913.1	NC_009656.1	98.210	319078	316621	2458	1	2458	0.0	4296	2414
NZ_CAADQV010000924.1	NC_009656.1	100.000	111880	111852	29	716	744	1.65e-07	54.7	29
NZ_CAADQV010000927.1	NC_009656.1	100.000	4883962	4883991	30	3921	3950	2.50e-07	56.5	30
NZ_CAADQV010000933.1	NC_009656.1	100.000	1254852	1254881	30	1	30	1.30e-06	56.5	30
NZ_CAADQV010000937.1	NC_009656.1	100.000	4775739	4775712	28	1	28	3.74e-06	52.8	28
NZ_CAADQV010000938.1	NC_009656.1	98.465	51468	52900	1433	1	1433	0.0	2525	1411
NZ_CAADQV010000938.1	NC_009656.1	98.032	2817313	2818378	1067	384	1450	0.0	1853	1046
NZ_CAADQV010000942.1	NC_009656.1	99.975	1987137	1991063	3927	1	3927	0.0	7247	3926
NZ_CAADQV010000949.1	NC_009656.1	98.571	2520362	2521061	700	1	700	0.0	1238	690
NZ_CAADQV010000949.1	NC_009656.1	99.761	2521060	2521477	418	731	1148	0.0	767	417
NZ_CAADQV010000953.1	NC_009656.1	100.000	2269272	2269243	30	1	30	5.65e-08	56.5	30
NZ_CAADQV010000963.1	NC_009656.1	100.000	1730797	1730770	28	1	28	3.07e-06	52.8	28
NZ_CAADQV010000966.1	NC_009656.1	100.000	5397323	5397294	30	1	30	1.50e-07	56.5	30
NZ_CAADQV010000982.1	NC_009656.1	98.379	2539655	2545700	6046	715	6760	0.0	10623	5948
NZ_CAADQV010000982.1	NC_009656.1	100.000	2888437	2888466	30	1	30	4.29e-07	56.5	30
NZ_CAADQV010000982.1	NC_009656.1	100.000	4368786	4368758	29	1	29	1.54e-06	54.7	29
NZ_CAADQV010000982.1	NC_009656.1	100.000	4826493	4826521	29	1	29	1.54e-06	54.7	29
NZ_CAADQV010000982.1	NC_009656.1	100.000	4926604	4926632	29	1	29	1.54e-06	54.7	29
NZ_CAADQV010000988.1	NC_009656.1	100.000	6056765	6056792	28	2	29	1.36e-06	52.8	28
NZ_CAADQV010000988.1	NC_009656.1	100.000	6498287	6498314	28	2	29	1.36e-06	52.8	28
NZ_CAADQV010000996.1	NC_009656.1	98.529	3019723	3021829	2108	1	2106	0.0	3718	2077
NZ_CAADQV010000996.1	NC_009656.1	100.000	3002227	3002256	30	2077	2106	1.33e-07	56.5	30
NZ_CAADQV010000997.1	NC_009656.1	98.935	4630107	4619879	10232	1	10232	0.0	18288	10123
NZ_CAADQV010001000.1	NC_009656.1	99.139	1605084	1605664	581	1	581	0.0	1046	576
NZ_CAADQV010001018.1	NC_009656.1	98.038	2882630	2880082	2549	1	2549	0.0	4431	2499
NZ_CAADQV010001018.1	NC_009656.1	100.000	2917956	2917918	39	1322	1360	1.60e-12	73.1	39
NZ_CAADQV010001018.1	NC_009656.1	100.000	865996	865967	30	1	30	1.61e-07	56.5	30
NZ_CAADQV010001026.1	NC_009656.1	100.000	879038	879009	30	8247	8276	5.26e-07	56.5	30
NZ_CAADQV010001026.1	NC_009656.1	100.000	1054773	1054744	30	8247	8276	5.26e-07	56.5	30
NZ_CAADQV010001030.1	NC_009656.1	100.000	6227700	6227729	30	8565	8594	5.46e-07	56.5	30
NZ_CAADQV010001035.1	NC_009656.1	100.000	5110450	5110423	28	798	825	1.31e-06	52.8	28
NZ_CAADQV010001051.1	NC_009656.1	100.000	5089635	5089664	30	1098	1127	7.04e-08	56.5	30
NZ_CAADQV010001056.1	NC_009656.1	99.816	5566425	5566968	544	1	543	0.0	998	543
NZ_CAADQV010001056.1	NC_009656.1	99.632	6353661	6354204	544	1	543	0.0	992	542
NZ_CAADQV010001056.1	NC_009656.1	99.449	812056	811513	544	1	543	0.0	987	541
NZ_CAADQV010001056.1	NC_009656.1	99.449	4983109	4983652	544	1	543	0.0	987	541
NZ_CAADQV010001058.1	NC_009656.1	98.326	4907335	4908947	1613	1	1613	0.0	2830	1586
NZ_CAADQV010001062.1	NC_009656.1	100.000	2359776	2359747	30	2335	2364	1.49e-07	56.5	30
NZ_CAADQV010001077.1	NC_009656.1	100.000	3794381	3794409	29	2317	2345	1.20e-06	54.7	29
NZ_CAADQV010001082.1	NC_009656.1	98.697	2973713	2982382	8670	1	8669	0.0	15383	8557
NZ_CAADQV010001084.1	NC_009656.1	98.592	5412979	5412909	71	5710	5780	3.33e-28	126	70
NZ_CAADQV010001085.1	NC_009656.1	99.404	3914848	3913506	1343	4	1346	0.0	2436	1335
NZ_CAADQV010001088.1	NC_009656.1	98.029	2988426	2989388	964	1	964	0.0	1674	945
NZ_CAADQV010001107.1	NC_009656.1	100.000	2370356	2370383	28	1	28	1.95e-06	52.8	28
NZ_CAADQV010001109.1	NC_009656.1	100.000	2572799	2572834	36	917	952	2.74e-11	67.6	36
NZ_CAADQV010001117.1	NC_009656.1	98.155	846868	844593	2276	1	2276	0.0	3971	2234
NZ_CAADQV010001119.1	NC_009656.1	100.000	1900375	1900404	30	1	30	6.08e-08	56.5	30
NZ_CAADQV010001126.1	NC_009656.1	100.000	5674215	5674245	31	1	31	2.42e-08	58.4	31
NZ_CAADQV010001130.1	NC_009656.1	100.000	540782	540811	30	1	30	1.09e-07	56.5	30
NZ_CAADQV010001132.1	NC_009656.1	100.000	5398199	5398170	30	871	900	5.59e-08	56.5	30
NZ_CAADQV010001136.1	NC_009656.1	98.622	56176	55669	508	1	508	0.0	900	501
NZ_CAADQV010001136.1	NC_009656.1	98.097	2834455	2833983	473	1	473	0.0	824	464
NZ_CAADQV010001136.1	NC_009656.1	99.744	2813587	2813198	390	119	508	0.0	715	389
NZ_CAADQV010001136.1	NC_009656.1	98.718	2831713	2831324	390	119	508	0.0	693	385
NZ_CAADQV010001141.1	NC_009656.1	98.333	899471	899412	60	530	589	3.54e-23	106	59
NZ_CAADQV010001146.1	NC_009656.1	100.000	899441	899412	30	1659	1688	1.06e-07	56.5	30
NZ_CAADQV010001151.1	NC_009656.1	99.842	2810852	2811485	634	332	965	0.0	1166	633
NZ_CAADQV010001151.1	NC_009656.1	99.842	2823703	2824336	634	332	965	0.0	1166	633
NZ_CAADQV010001152.1	NC_009656.1	99.850	5498228	5497562	667	1	667	0.0	1227	666
NZ_CAADQV010001152.1	NC_009656.1	99.850	5511873	5512539	667	1	667	0.0	1227	666
NZ_CAADQV010001153.1	NC_009656.1	100.000	4760165	4760196	32	294	325	1.52e-08	60.2	32
NZ_CAADQV010001160.1	NC_009656.1	100.000	56257	56285	29	1	29	1.78e-07	54.7	29
NZ_CAADQV010001160.1	NC_009656.1	100.000	2829719	2829747	29	1	29	1.78e-07	54.7	29
NZ_CAADQV010001160.1	NC_009656.1	100.000	2834536	2834564	29	1	29	1.78e-07	54.7	29
NZ_CAADQV010001164.1	NC_009656.1	100.000	1558077	1558048	30	1372	1401	8.79e-08	56.5	30
NZ_CAADQV010001164.1	NC_009656.1	100.000	5798868	5798839	30	187	216	8.79e-08	56.5	30
NZ_CAADQV010001168.1	NC_009656.1	100.000	630150	630179	30	657	686	4.23e-08	56.5	30
NZ_CAADQV010001169.1	NC_009656.1	98.612	2766603	2768331	1729	1	1729	0.0	3061	1705
NZ_CAADQV010001169.1	NC_009656.1	100.000	540816	540787	30	1700	1729	1.09e-07	56.5	30
NZ_CAADQV010001171.1	NC_009656.1	100.000	56257	56285	29	1	29	1.10e-07	54.7	29
NZ_CAADQV010001171.1	NC_009656.1	100.000	2829719	2829747	29	1	29	1.10e-07	54.7	29
NZ_CAADQV010001171.1	NC_009656.1	100.000	2834536	2834564	29	1	29	1.10e-07	54.7	29
NZ_CAADQV010001172.1	NC_009656.1	98.045	2815074	2814104	972	1	972	0.0	1688	953
NZ_CAADQV010001172.1	NC_009656.1	100.000	2827635	2827593	43	930	972	3.59e-15	80.5	43
NZ_CAADQV010001173.1	NC_009656.1	98.629	400151	401901	1751	1	1751	0.0	3101	1727
NZ_CAADQV010001175.1	NC_009656.1	98.119	584571	583881	691	1	691	0.0	1205	678
NZ_CAADQV010001180.1	NC_009656.1	100.000	4223463	4223434	30	2029	2058	1.30e-07	56.5	30
NZ_CAADQV010001181.1	NC_009656.1	100.000	4926603	4926634	32	1	32	6.15e-09	60.2	32
NZ_CAADQV010001181.1	NC_009656.1	100.000	4826492	4826522	31	1	31	2.21e-08	58.4	31
NZ_CAADQV010001181.1	NC_009656.1	100.000	2888436	2888465	30	1	30	7.96e-08	56.5	30
NZ_CAADQV010001181.1	NC_009656.1	100.000	4368787	4368758	30	1	30	7.96e-08	56.5	30
NZ_CAADQV010001183.1	NC_009656.1	98.623	4583883	4584681	799	1	799	0.0	1415	788
NZ_CAADQV010001190.1	NC_009656.1	100.000	630185	630156	30	1611	1640	1.03e-07	56.5	30
NZ_CAADQV010001191.1	NC_009656.1	100.000	2038208	2038236	29	1975	2003	4.54e-07	54.7	29
NZ_CAADQV010001191.1	NC_009656.1	100.000	2038500	2038527	28	1976	2003	1.63e-06	52.8	28
NZ_CAADQV010001203.1	NC_009656.1	98.425	1726837	1728106	1270	1	1270	0.0	2235	1250
NZ_CAADQV010001204.1	NC_009656.1	100.000	3471885	3471854	32	2	33	6.00e-09	60.2	32
NZ_CAADQV010001206.1	NC_009656.1	98.282	1600418	1599546	873	1	873	0.0	1530	858
NZ_CAADQV010001212.1	NC_009656.1	99.105	1239573	1241359	1787	1	1786	0.0	3210	1771
NZ_CAADQV010001215.1	NC_009656.1	98.661	2993121	2994614	1494	1	1494	0.0	2649	1474
NZ_CAADQV010001219.1	NC_009656.1	100.000	2888437	2888466	30	1	30	1.82e-07	56.5	30
NZ_CAADQV010001219.1	NC_009656.1	100.000	4368786	4368758	29	1	29	6.53e-07	54.7	29
NZ_CAADQV010001219.1	NC_009656.1	100.000	4826493	4826521	29	1	29	6.53e-07	54.7	29
NZ_CAADQV010001219.1	NC_009656.1	100.000	4926604	4926632	29	1	29	6.53e-07	54.7	29
NZ_CAADQV010001222.1	NC_009656.1	100.000	2102744	2102715	30	2906	2935	1.86e-07	56.5	30
NZ_CAADQV010001229.1	NC_009656.1	100.000	139953	139981	29	1	29	7.22e-07	54.7	29
NZ_CAADQV010001230.1	NC_009656.1	98.677	2988248	2982957	5293	1	5293	0.0	9385	5223
NZ_CAADQV010001233.1	NC_009656.1	100.000	4602966	4602939	28	1	28	1.96e-06	52.8	28
NZ_CAADQV010001247.1	NC_009656.1	100.000	1791580	1791551	30	3069	3098	1.96e-07	56.5	30
NZ_CAADQV010001249.1	NC_009656.1	100.000	1593780	1593807	28	1	28	1.83e-06	52.8	28
NZ_CAADQV010001249.1	NC_009656.1	100.000	2889317	2889344	28	1	28	1.83e-06	52.8	28
NZ_CAADQV010001251.1	NC_009656.1	100.000	3038642	3038685	44	1	44	2.71e-15	82.4	44
NZ_CAADQV010001256.1	NC_009656.1	100.000	1934683	1934654	30	747	776	4.80e-08	56.5	30
NZ_CAADQV010001256.1	NC_009656.1	100.000	5270165	5270194	30	746	775	4.80e-08	56.5	30
NZ_CAADQV010001258.1	NC_009656.1	98.601	5238834	5237692	1144	1	1144	0.0	2023	1128
NZ_CAADQV010001262.1	NC_009656.1	98.272	2828471	2829452	984	1	984	0.0	1722	967
NZ_CAADQV010001266.1	NC_009656.1	99.038	2826699	2826802	104	899	1002	2.18e-47	187	103
NZ_CAADQV010001289.1	NC_009656.1	98.555	2829752	2831135	1384	407	1789	0.0	2444	1364
NZ_CAADQV010001295.1	NC_009656.1	100.000	3189912	3189883	30	1519	1548	9.72e-08	56.5	30
NZ_CAADQV010001310.1	NC_009656.1	98.107	397222	400179	2958	1	2958	0.0	5153	2902
NZ_CAADQV010001314.1	NC_009656.1	100.000	2819327	2819293	35	1156	1190	1.26e-10	65.8	35
NZ_CAADQV010001357.1	NC_009656.1	100.000	3966418	3966447	30	1	30	5.97e-08	56.5	30
NZ_CAADQV010001360.1	NC_009656.1	100.000	454853	454882	30	1	30	1.40e-07	56.5	30
NZ_CAADQV010001364.1	NC_009656.1	100.000	2370381	2370352	30	1	30	5.00e-08	56.5	30
NZ_CAADQV010001373.1	NC_009656.1	100.000	1113485	1113456	30	704	733	4.53e-08	56.5	30
NZ_CAADQV010001374.1	NC_009656.1	100.000	5541365	5541336	30	1	30	1.21e-07	56.5	30
NZ_CAADQV010001377.1	NC_009656.1	98.179	2729326	2728778	549	1	549	0.0	959	539
NZ_CAADQV010001394.1	NC_009656.1	100.000	5270168	5270197	30	587	616	3.79e-08	56.5	30
NZ_CAADQV010001397.1	NC_009656.1	100.000	5169551	5169524	28	1	28	8.90e-07	52.8	28
