LLNU01000001.1	NC_009656.1	99.998	1085941	1974129	888190	1	888188	0.0	1.640e+06	888176
LLNU01000001.1	NC_009656.1	98.430	3424986	3425431	446	1	446	0.0	785	439
LLNU01000001.1	NC_009656.1	99.634	3037401	3037673	273	887916	888188	2.18e-138	499	272
LLNU01000001.1	NC_009656.1	99.010	2077963	2078164	202	814264	814465	2.98e-97	363	200
LLNU01000001.1	NC_009656.1	100.000	2078273	2078354	82	814383	814464	7.02e-34	152	82
LLNU01000001.1	NC_009656.1	100.000	2404579	2404543	37	274227	274263	7.28e-09	69.4	37
LLNU01000001.1	NC_009656.1	100.000	4367979	4367948	32	119133	119164	4.38e-06	60.2	32
LLNU01000001.1	NC_009656.1	100.000	1111743	1111714	30	25774	25803	5.66e-05	56.5	30
LLNU01000001.1	NC_009656.1	100.000	6520030	6520059	30	705611	705640	5.66e-05	56.5	30
LLNU01000001.1	NC_009656.1	100.000	2886935	2886963	29	118861	118889	2.04e-04	54.7	29
LLNU01000001.1	NC_009656.1	100.000	2886935	2886962	28	118801	118828	7.33e-04	52.8	28
LLNU01000002.1	NC_009656.1	99.997	1085155	884156	201000	1	200999	0.0	3.711e+05	200994
LLNU01000002.1	NC_009656.1	99.234	3424200	3423940	261	1	261	1.07e-130	472	259
LLNU01000002.1	NC_009656.1	100.000	879041	879006	36	30380	30415	5.92e-09	67.6	36
LLNU01000002.1	NC_009656.1	100.000	4775712	4775742	31	30336	30366	3.56e-06	58.4	31
LLNU01000002.1	NC_009656.1	100.000	5753775	5753804	30	75670	75699	1.28e-05	56.5	30
LLNU01000002.1	NC_009656.1	100.000	2861141	2861113	29	191361	191389	4.61e-05	54.7	29
LLNU01000002.1	NC_009656.1	100.000	432329	432302	28	177942	177969	1.66e-04	52.8	28
LLNU01000003.1	NC_009656.1	99.883	4572055	4572908	855	1	855	0.0	1572	854
LLNU01000004.1	NC_009656.1	99.880	5285999	5285168	832	1	832	0.0	1531	831
LLNU01000004.1	NC_009656.1	99.880	6119151	6119982	832	1	832	0.0	1531	831
LLNU01000004.1	NC_009656.1	99.760	5103170	5104001	832	1	832	0.0	1526	830
LLNU01000004.1	NC_009656.1	99.520	5412796	5411964	833	1	832	0.0	1515	829
LLNU01000005.1	NC_009656.1	100.000	5428203	5428941	739	1	739	0.0	1365	739
LLNU01000007.1	NC_009656.1	99.166	5428221	5427503	719	1	719	0.0	1295	713
LLNU01000009.1	NC_009656.1	100.000	2429198	2429844	647	1	647	0.0	1195	647
LLNU01000009.1	NC_009656.1	100.000	2539598	2538952	647	1	647	0.0	1195	647
LLNU01000009.1	NC_009656.1	99.536	2888448	2887802	647	1	647	0.0	1179	644
LLNU01000009.1	NC_009656.1	99.536	4368775	4369421	647	1	647	0.0	1179	644
LLNU01000009.1	NC_009656.1	99.537	4926615	4925968	648	1	647	0.0	1179	645
LLNU01000009.1	NC_009656.1	99.227	4826504	4825858	647	1	647	0.0	1168	642
LLNU01000009.1	NC_009656.1	99.578	4562455	4562691	237	411	647	1.57e-121	433	236
LLNU01000010.1	NC_009656.1	100.000	2825040	2824660	381	239	619	0.0	704	381
LLNU01000010.1	NC_009656.1	98.606	2812094	2811809	287	334	619	8.74e-144	507	283
LLNU01000010.1	NC_009656.1	100.000	3176281	3176519	239	1	239	2.50e-124	442	239
LLNU01000010.1	NC_009656.1	100.000	6231392	6231154	239	1	239	2.50e-124	442	239
LLNU01000011.1	NC_009656.1	98.556	4609151	4608598	554	1	554	0.0	979	546
LLNU01000012.1	NC_009656.1	100.000	2430341	2429770	572	1	572	0.0	1057	572
LLNU01000012.1	NC_009656.1	100.000	2538455	2539026	572	1	572	0.0	1057	572
LLNU01000012.1	NC_009656.1	99.476	2887305	2887876	572	1	572	0.0	1040	569
LLNU01000012.1	NC_009656.1	99.476	4369918	4369347	572	1	572	0.0	1040	569
LLNU01000012.1	NC_009656.1	99.301	4925471	4926042	572	1	572	0.0	1035	568
LLNU01000012.1	NC_009656.1	98.776	4563188	4562617	572	1	572	0.0	1018	565
LLNU01000012.1	NC_009656.1	98.077	4825361	4825932	572	1	572	0.0	996	561
LLNU01000013.1	NC_009656.1	99.992	4562771	4369756	193021	1	193014	0.0	3.563e+05	193006
LLNU01000013.1	NC_009656.1	99.685	2429924	2429608	317	1	317	1.64e-163	580	316
LLNU01000013.1	NC_009656.1	99.685	2538872	2539188	317	1	317	1.64e-163	580	316
LLNU01000013.1	NC_009656.1	99.685	2887722	2888038	317	1	317	1.64e-163	580	316
LLNU01000013.1	NC_009656.1	99.685	4369501	4369185	317	1	317	1.64e-163	580	316
LLNU01000013.1	NC_009656.1	99.685	4925888	4926204	317	1	317	1.64e-163	580	316
LLNU01000013.1	NC_009656.1	99.369	4825778	4826094	317	1	317	7.64e-162	575	315
LLNU01000013.1	NC_009656.1	98.413	2887217	2887467	252	192764	193014	8.09e-122	442	248
LLNU01000013.1	NC_009656.1	100.000	2430416	2430179	238	192777	193014	2.91e-121	440	238
LLNU01000013.1	NC_009656.1	100.000	2538380	2538617	238	192777	193014	2.91e-121	440	238
LLNU01000013.1	NC_009656.1	98.780	4925389	4925633	246	192770	193014	3.76e-120	436	243
LLNU01000013.1	NC_009656.1	99.580	4563263	4563026	238	192777	193014	1.35e-119	435	237
LLNU01000013.1	NC_009656.1	98.182	6228620	6228674	55	192776	192830	7.25e-18	97.1	54
LLNU01000013.1	NC_009656.1	100.000	5186921	5186893	29	119596	119624	4.43e-05	54.7	29
LLNU01000014.1	NC_009656.1	100.000	815378	815905	528	1	528	0.0	976	528
LLNU01000014.1	NC_009656.1	99.432	831883	832410	528	1	528	0.0	959	525
LLNU01000015.1	NC_009656.1	100.000	2887305	2887825	521	1	521	0.0	963	521
LLNU01000015.1	NC_009656.1	99.616	4369918	4369398	521	1	521	0.0	952	519
LLNU01000015.1	NC_009656.1	99.424	2430341	2429821	521	1	521	0.0	946	518
LLNU01000015.1	NC_009656.1	99.424	2538455	2538975	521	1	521	0.0	946	518
LLNU01000015.1	NC_009656.1	99.424	4925471	4925991	521	1	521	0.0	946	518
LLNU01000015.1	NC_009656.1	98.848	4563188	4562668	521	1	521	0.0	929	515
LLNU01000015.1	NC_009656.1	98.464	4825361	4825881	521	1	521	0.0	918	513
LLNU01000018.1	NC_009656.1	100.000	3503704	3503198	507	1	507	0.0	937	507
LLNU01000018.1	NC_009656.1	99.211	884370	883864	507	1	507	0.0	915	503
LLNU01000019.1	NC_009656.1	98.416	4624197	4624701	505	1	505	0.0	889	497
LLNU01000022.1	NC_009656.1	100.000	5412031	5412524	494	1	494	0.0	913	494
LLNU01000022.1	NC_009656.1	99.595	5285234	5285727	494	1	494	0.0	902	492
LLNU01000022.1	NC_009656.1	99.393	5103935	5103442	494	1	494	0.0	896	491
LLNU01000022.1	NC_009656.1	99.190	6119916	6119423	494	1	494	0.0	891	490
LLNU01000024.1	NC_009656.1	99.954	4825737	4659100	166649	1	166636	0.0	3.073e+05	166572
LLNU01000024.1	NC_009656.1	98.451	4562812	4563263	452	1	452	0.0	797	445
LLNU01000024.1	NC_009656.1	100.000	4728105	4728026	80	97444	97523	1.73e-33	148	80
LLNU01000024.1	NC_009656.1	100.000	4728291	4728212	80	97630	97709	1.73e-33	148	80
LLNU01000024.1	NC_009656.1	100.000	5325827	5325750	78	166348	166425	2.24e-32	145	78
LLNU01000024.1	NC_009656.1	100.000	4722221	4722254	34	103481	103514	6.44e-08	63.9	34
LLNU01000024.1	NC_009656.1	100.000	1054790	1054820	31	49993	50023	3.00e-06	58.4	31
LLNU01000025.1	NC_009656.1	100.000	2888293	2887802	492	1	492	0.0	909	492
LLNU01000025.1	NC_009656.1	100.000	4926459	4925968	492	1	492	0.0	909	492
LLNU01000025.1	NC_009656.1	99.593	2429353	2429844	492	1	492	0.0	898	490
LLNU01000025.1	NC_009656.1	99.593	2539443	2538952	492	1	492	0.0	898	490
LLNU01000025.1	NC_009656.1	99.390	4368930	4369421	492	1	492	0.0	893	489
LLNU01000025.1	NC_009656.1	99.390	4826349	4825858	492	1	492	0.0	893	489
LLNU01000025.1	NC_009656.1	99.578	4562455	4562691	237	256	492	1.19e-121	433	236
LLNU01000027.1	NC_009656.1	100.000	5412269	5411791	479	1	479	0.0	885	479
LLNU01000027.1	NC_009656.1	99.374	5103697	5104174	479	1	479	0.0	867	476
LLNU01000027.1	NC_009656.1	99.165	5285472	5284995	479	1	479	0.0	861	475
LLNU01000027.1	NC_009656.1	99.165	6119678	6120155	479	1	479	0.0	861	475
LLNU01000029.1	NC_009656.1	100.000	5286239	5285761	479	1	479	0.0	885	479
LLNU01000029.1	NC_009656.1	99.289	5412979	5412558	422	58	479	0.0	763	419
LLNU01000030.1	NC_009656.1	100.000	6407994	6408472	479	1	479	0.0	885	479
LLNU01000030.1	NC_009656.1	99.165	2847399	2847877	479	1	479	0.0	863	475
LLNU01000031.1	NC_009656.1	99.790	5103583	5104059	477	1	477	0.0	876	476
LLNU01000031.1	NC_009656.1	99.581	5285586	5285110	477	1	477	0.0	870	475
LLNU01000031.1	NC_009656.1	99.372	5412383	5411906	478	1	477	0.0	865	475
LLNU01000031.1	NC_009656.1	99.161	6119564	6120040	477	1	477	0.0	859	473
LLNU01000032.1	NC_009656.1	100.000	3425245	3424787	459	1	459	0.0	848	459
LLNU01000032.1	NC_009656.1	99.564	1086200	1085742	459	1	459	0.0	837	457
LLNU01000034.1	NC_009656.1	100.000	6119962	6119519	444	1	444	0.0	821	444
LLNU01000034.1	NC_009656.1	99.550	5285188	5285631	444	1	444	0.0	809	442
LLNU01000034.1	NC_009656.1	99.324	5103981	5103538	444	1	444	0.0	804	441
LLNU01000034.1	NC_009656.1	98.876	5411984	5412428	445	1	444	0.0	793	440
LLNU01000035.1	NC_009656.1	99.999	3175430	3038280	137151	1	137151	0.0	2.533e+05	137150
LLNU01000035.1	NC_009656.1	98.780	1975145	1974736	410	136743	137151	0.0	728	405
LLNU01000035.1	NC_009656.1	99.588	6232243	6232485	243	1	243	1.60e-122	444	242
LLNU01000036.1	NC_009656.1	100.000	5027157	5026719	439	1	439	0.0	811	439
LLNU01000036.1	NC_009656.1	99.544	5033192	5032754	439	1	439	0.0	800	437
LLNU01000036.1	NC_009656.1	98.077	4053943	4053892	52	1	52	7.29e-19	91.6	51
LLNU01000037.1	NC_009656.1	99.761	5027137	5026719	419	1	419	0.0	769	418
LLNU01000037.1	NC_009656.1	99.761	5033172	5032754	419	1	419	0.0	769	418
LLNU01000038.1	NC_009656.1	100.000	4826111	4826521	411	1	411	0.0	760	411
LLNU01000038.1	NC_009656.1	99.757	2888055	2888465	411	1	411	0.0	754	410
LLNU01000038.1	NC_009656.1	99.757	4926221	4926632	412	1	411	0.0	754	411
LLNU01000038.1	NC_009656.1	99.513	2429591	2429181	411	1	411	0.0	749	409
LLNU01000038.1	NC_009656.1	99.513	2539205	2539615	411	1	411	0.0	749	409
LLNU01000038.1	NC_009656.1	99.270	4369168	4368758	411	1	411	0.0	743	408
LLNU01000039.1	NC_009656.1	100.000	2812020	2811620	401	1	401	0.0	741	401
LLNU01000039.1	NC_009656.1	99.751	2824871	2824471	401	1	401	0.0	736	400
LLNU01000039.1	NC_009656.1	99.252	2826634	2826234	401	1	401	0.0	725	398
LLNU01000039.1	NC_009656.1	99.252	2828455	2828055	401	1	401	0.0	725	398
LLNU01000040.1	NC_009656.1	98.228	4656541	4656935	395	1	395	0.0	691	388
LLNU01000042.1	NC_009656.1	99.740	806569	806953	385	1	385	0.0	706	384
LLNU01000042.1	NC_009656.1	99.740	5571912	5571528	385	1	385	0.0	706	384
LLNU01000042.1	NC_009656.1	99.215	4988593	4988212	382	4	385	0.0	689	379
LLNU01000043.1	NC_009656.1	100.000	5033068	5032694	375	1	375	0.0	693	375
LLNU01000043.1	NC_009656.1	99.467	5027033	5026659	375	1	375	0.0	682	373
LLNU01000044.1	NC_009656.1	100.000	5103408	5103045	364	1	364	0.0	673	364
LLNU01000044.1	NC_009656.1	100.000	5412558	5412921	364	1	364	0.0	673	364
LLNU01000044.1	NC_009656.1	100.000	6119389	6119026	364	1	364	0.0	673	364
LLNU01000044.1	NC_009656.1	99.725	5285761	5286124	364	1	364	0.0	667	363
LLNU01000044.1	NC_009656.1	100.000	5221089	5221003	87	278	364	4.49e-40	161	87
LLNU01000045.1	NC_009656.1	100.000	2847515	2847877	363	1	363	0.0	671	363
LLNU01000045.1	NC_009656.1	99.725	6408110	6408472	363	1	363	0.0	665	362
LLNU01000046.1	NC_009656.1	99.990	2910716	3037673	126958	1	126958	0.0	2.344e+05	126945
LLNU01000046.1	NC_009656.1	99.634	1973857	1974129	273	126686	126958	3.11e-139	499	272
LLNU01000048.1	NC_009656.1	99.718	6408348	6407994	355	1	355	0.0	651	354
LLNU01000048.1	NC_009656.1	99.155	2847753	2847399	355	1	355	0.0	640	352
LLNU01000049.1	NC_009656.1	99.718	5286239	5285886	354	1	354	0.0	649	353
LLNU01000049.1	NC_009656.1	99.327	5412979	5412683	297	58	354	1.72e-153	538	295
LLNU01000050.1	NC_009656.1	100.000	5103821	5104174	354	1	354	0.0	654	354
LLNU01000050.1	NC_009656.1	100.000	6119802	6120155	354	1	354	0.0	654	354
LLNU01000050.1	NC_009656.1	99.718	5285348	5284995	354	1	354	0.0	649	353
LLNU01000050.1	NC_009656.1	99.718	5412145	5411791	355	1	354	0.0	649	354
LLNU01000051.1	NC_009656.1	100.000	5030727	5031069	343	1	343	0.0	634	343
LLNU01000051.1	NC_009656.1	100.000	5032830	5033172	343	1	343	0.0	634	343
LLNU01000051.1	NC_009656.1	99.417	5026795	5027137	343	1	343	4.47e-179	623	341
LLNU01000052.1	NC_009656.1	100.000	2824471	2824808	338	1	338	1.22e-179	625	338
LLNU01000052.1	NC_009656.1	99.704	2811620	2811957	338	1	338	5.70e-178	619	337
LLNU01000052.1	NC_009656.1	99.408	2826234	2826571	338	1	338	2.65e-176	614	336
LLNU01000052.1	NC_009656.1	99.408	2828055	2828392	338	1	338	2.65e-176	614	336
LLNU01000053.1	NC_009656.1	100.000	4571956	4572293	338	1	338	1.22e-179	625	338
LLNU01000054.1	NC_009656.1	99.693	831883	832208	326	1	326	2.57e-171	597	325
LLNU01000054.1	NC_009656.1	99.387	815378	815703	326	1	326	1.20e-169	592	324
LLNU01000055.1	NC_009656.1	100.000	2430008	2429686	323	1	323	2.54e-171	597	323
LLNU01000055.1	NC_009656.1	100.000	2538788	2539110	323	1	323	2.54e-171	597	323
LLNU01000055.1	NC_009656.1	100.000	2887638	2887960	323	1	323	2.54e-171	597	323
LLNU01000055.1	NC_009656.1	100.000	4369585	4369263	323	1	323	2.54e-171	597	323
LLNU01000055.1	NC_009656.1	100.000	4925804	4926126	323	1	323	2.54e-171	597	323
LLNU01000055.1	NC_009656.1	99.690	4562855	4562533	323	1	323	1.18e-169	592	322
LLNU01000055.1	NC_009656.1	99.381	4825694	4826016	323	1	323	5.51e-168	586	321
LLNU01000056.1	NC_009656.1	100.000	2429924	2429606	319	1	319	4.20e-169	590	319
LLNU01000056.1	NC_009656.1	100.000	2538872	2539190	319	1	319	4.20e-169	590	319
LLNU01000056.1	NC_009656.1	100.000	2887722	2888040	319	1	319	4.20e-169	590	319
LLNU01000056.1	NC_009656.1	100.000	4369501	4369183	319	1	319	4.20e-169	590	319
LLNU01000056.1	NC_009656.1	100.000	4925888	4926206	319	1	319	4.20e-169	590	319
LLNU01000056.1	NC_009656.1	99.369	4562771	4562455	317	1	317	1.18e-164	575	315
LLNU01000056.1	NC_009656.1	99.060	4825778	4826096	319	1	319	4.23e-164	573	316
LLNU01000057.1	NC_009656.1	99.998	6353656	6232243	121414	1	121414	0.0	2.242e+05	121411
LLNU01000057.1	NC_009656.1	99.588	3175188	3175430	243	121172	121414	1.41e-122	444	242
LLNU01000057.1	NC_009656.1	100.000	812061	812299	239	1	239	5.09e-122	442	239
LLNU01000057.1	NC_009656.1	99.582	5566420	5566182	239	1	239	2.37e-120	436	238
LLNU01000057.1	NC_009656.1	99.160	4983104	4982868	238	1	238	1.42e-117	427	236
LLNU01000058.1	NC_009656.1	100.000	2430103	2430416	314	1	314	2.48e-166	580	314
LLNU01000058.1	NC_009656.1	100.000	2538693	2538380	314	1	314	2.48e-166	580	314
LLNU01000058.1	NC_009656.1	100.000	2887543	2887230	314	1	314	2.48e-166	580	314
LLNU01000058.1	NC_009656.1	100.000	4369680	4369993	314	1	314	2.48e-166	580	314
LLNU01000058.1	NC_009656.1	99.682	4562950	4563263	314	1	314	1.16e-164	575	313
LLNU01000058.1	NC_009656.1	99.363	4925709	4925396	314	1	314	5.38e-163	569	312
LLNU01000058.1	NC_009656.1	98.089	4825599	4825286	314	1	314	2.52e-156	547	308
LLNU01000058.1	NC_009656.1	98.148	6228674	6228621	54	261	314	3.95e-20	95.3	53
LLNU01000059.1	NC_009656.1	100.000	5026584	5026897	314	1	314	2.48e-166	580	314
LLNU01000059.1	NC_009656.1	100.000	5032619	5032932	314	1	314	2.48e-166	580	314
LLNU01000060.1	NC_009656.1	99.673	5411964	5412269	306	1	305	1.13e-159	558	305
LLNU01000060.1	NC_009656.1	99.344	5104001	5103697	305	1	305	5.25e-158	553	303
LLNU01000060.1	NC_009656.1	99.344	5285168	5285472	305	1	305	5.25e-158	553	303
LLNU01000060.1	NC_009656.1	99.016	6119982	6119678	305	1	305	2.44e-156	547	302
LLNU01000061.1	NC_009656.1	100.000	2824570	2824874	305	1	305	2.43e-161	564	305
LLNU01000061.1	NC_009656.1	100.000	2826333	2826637	305	1	305	2.43e-161	564	305
LLNU01000061.1	NC_009656.1	100.000	2828154	2828458	305	1	305	2.43e-161	564	305
LLNU01000061.1	NC_009656.1	99.672	2811719	2812023	305	1	305	1.13e-159	558	304
LLNU01000062.1	NC_009656.1	100.000	5104238	5103936	303	1	303	3.12e-160	560	303
LLNU01000062.1	NC_009656.1	100.000	5411727	5412029	303	1	303	3.12e-160	560	303
LLNU01000062.1	NC_009656.1	100.000	6120219	6119917	303	1	303	3.12e-160	560	303
LLNU01000062.1	NC_009656.1	99.670	5284931	5285233	303	1	303	1.45e-158	555	302
LLNU01000063.1	NC_009656.1	100.000	5026659	5026957	299	1	299	5.14e-158	553	299
LLNU01000063.1	NC_009656.1	99.666	5032694	5032992	299	1	299	2.39e-156	547	298
LLNU01000064.1	NC_009656.1	100.000	55544	55841	298	1	298	1.84e-157	551	298
LLNU01000064.1	NC_009656.1	100.000	2813073	2813370	298	1	298	1.84e-157	551	298
LLNU01000064.1	NC_009656.1	99.664	2831199	2831496	298	1	298	8.57e-156	545	297
LLNU01000065.1	NC_009656.1	100.000	5285406	5285110	297	1	297	6.60e-157	549	297
LLNU01000065.1	NC_009656.1	99.663	5103763	5104059	297	1	297	3.07e-155	544	296
LLNU01000065.1	NC_009656.1	99.664	5412203	5411906	298	1	297	3.07e-155	544	297
LLNU01000065.1	NC_009656.1	99.663	6119744	6120040	297	1	297	3.07e-155	544	296
LLNU01000066.1	NC_009656.1	100.000	5102987	5103283	297	1	297	6.60e-157	549	297
LLNU01000066.1	NC_009656.1	100.000	5412979	5412683	297	1	297	6.60e-157	549	297
LLNU01000066.1	NC_009656.1	100.000	6118968	6119264	297	1	297	6.60e-157	549	297
LLNU01000066.1	NC_009656.1	98.990	5286182	5285886	297	1	297	6.65e-152	532	294
LLNU01000066.1	NC_009656.1	98.621	5220945	5221089	145	1	145	4.48e-69	257	143
LLNU01000068.1	NC_009656.1	99.997	6119981	6231391	111411	1	111411	0.0	2.057e+05	111408
LLNU01000068.1	NC_009656.1	99.677	5411965	5411656	310	1	310	7.38e-160	568	309
LLNU01000068.1	NC_009656.1	99.355	5104000	5104309	310	1	310	3.43e-158	562	308
LLNU01000068.1	NC_009656.1	99.032	5285169	5284860	310	1	310	1.60e-156	556	307
LLNU01000068.1	NC_009656.1	100.000	3176520	3176282	239	111173	111411	4.67e-122	442	239
LLNU01000068.1	NC_009656.1	98.182	2887229	2887283	55	108640	108694	4.19e-18	97.1	54
LLNU01000068.1	NC_009656.1	98.182	4369994	4369940	55	108640	108694	4.19e-18	97.1	54
LLNU01000068.1	NC_009656.1	98.148	2430416	2430363	54	108641	108694	1.51e-17	95.3	53
LLNU01000068.1	NC_009656.1	98.148	2538380	2538433	54	108641	108694	1.51e-17	95.3	53
LLNU01000068.1	NC_009656.1	98.148	4925396	4925449	54	108641	108694	1.51e-17	95.3	53
LLNU01000069.1	NC_009656.1	100.000	2815440	2815149	292	1	292	3.90e-154	540	292
LLNU01000069.1	NC_009656.1	100.000	2832835	2832544	292	1	292	3.90e-154	540	292
LLNU01000069.1	NC_009656.1	98.283	2820849	2820619	233	1	233	4.13e-114	407	229
LLNU01000070.1	NC_009656.1	100.000	4577169	4577454	286	1	286	8.25e-151	529	286
LLNU01000073.1	NC_009656.1	100.000	2824636	2824898	263	1	263	4.62e-138	486	263
LLNU01000073.1	NC_009656.1	100.000	2826399	2826661	263	1	263	4.62e-138	486	263
LLNU01000073.1	NC_009656.1	99.620	2811785	2812047	263	1	263	2.15e-136	481	262
LLNU01000073.1	NC_009656.1	99.620	2828220	2828482	263	1	263	2.15e-136	481	262
LLNU01000074.1	NC_009656.1	100.000	884132	884394	263	1	263	4.62e-138	486	263
LLNU01000074.1	NC_009656.1	100.000	3503466	3503728	263	1	263	4.62e-138	486	263
LLNU01000075.1	NC_009656.1	99.615	1086200	1085941	260	1	260	9.87e-135	475	259
LLNU01000075.1	NC_009656.1	99.615	3425245	3424986	260	1	260	9.87e-135	475	259
LLNU01000076.1	NC_009656.1	100.000	4988192	4988450	259	1	259	7.60e-136	479	259
LLNU01000076.1	NC_009656.1	99.614	806973	806715	259	1	259	3.54e-134	473	258
LLNU01000076.1	NC_009656.1	99.614	5571508	5571766	259	1	259	3.54e-134	473	258
LLNU01000076.1	NC_009656.1	98.842	6358744	6359002	259	1	259	7.65e-131	462	256
LLNU01000077.1	NC_009656.1	100.000	2429436	2429181	256	1	256	3.49e-134	473	256
LLNU01000077.1	NC_009656.1	100.000	2539360	2539615	256	1	256	3.49e-134	473	256
LLNU01000077.1	NC_009656.1	99.609	4369013	4368758	256	1	256	1.62e-132	468	255
LLNU01000077.1	NC_009656.1	99.219	4826266	4826521	256	1	256	7.56e-131	462	254
LLNU01000077.1	NC_009656.1	98.828	2888210	2888465	256	1	256	3.52e-129	457	253
LLNU01000077.1	NC_009656.1	98.833	4926376	4926632	257	1	256	3.52e-129	457	254
LLNU01000078.1	NC_009656.1	98.795	4642766	4642518	249	1	249	2.66e-125	444	246
LLNU01000079.1	NC_009656.1	100.000	2538618	2430178	108441	1	108441	0.0	2.003e+05	108441
LLNU01000079.1	NC_009656.1	100.000	2430178	2430416	239	1	239	4.54e-122	442	239
LLNU01000079.1	NC_009656.1	100.000	2538380	2538618	239	108203	108441	4.54e-122	442	239
LLNU01000079.1	NC_009656.1	100.000	2887230	2887468	239	108203	108441	4.54e-122	442	239
LLNU01000079.1	NC_009656.1	100.000	2887468	2887230	239	1	239	4.54e-122	442	239
LLNU01000079.1	NC_009656.1	100.000	4369755	4369993	239	1	239	4.54e-122	442	239
LLNU01000079.1	NC_009656.1	100.000	4369993	4369755	239	108203	108441	4.54e-122	442	239
LLNU01000079.1	NC_009656.1	99.583	4563025	4563264	240	1	240	5.88e-121	438	239
LLNU01000079.1	NC_009656.1	99.582	4563263	4563025	239	108203	108441	2.11e-120	436	238
LLNU01000079.1	NC_009656.1	99.174	4925634	4925393	242	1	242	2.11e-120	436	240
LLNU01000079.1	NC_009656.1	99.582	4925396	4925634	239	108203	108441	2.11e-120	436	238
LLNU01000079.1	NC_009656.1	98.148	6228621	6228674	54	108203	108256	1.47e-17	95.3	53
LLNU01000079.1	NC_009656.1	98.148	6228674	6228621	54	186	239	1.47e-17	95.3	53
LLNU01000079.1	NC_009656.1	100.000	6397271	6397298	28	40903	40930	8.94e-05	52.8	28
LLNU01000080.1	NC_009656.1	100.000	812053	812299	247	1	247	3.38e-129	457	247
LLNU01000080.1	NC_009656.1	100.000	6353664	6353418	247	1	247	3.38e-129	457	247
LLNU01000080.1	NC_009656.1	99.595	5566428	5566182	247	1	247	1.57e-127	451	246
LLNU01000080.1	NC_009656.1	99.187	4983112	4982868	246	1	246	9.47e-125	442	244
LLNU01000081.1	NC_009656.1	100.000	5104000	5104244	245	1	245	4.34e-128	453	245
LLNU01000081.1	NC_009656.1	100.000	5411965	5411721	245	1	245	4.34e-128	453	245
LLNU01000081.1	NC_009656.1	99.592	5285169	5284925	245	1	245	2.02e-126	448	244
LLNU01000081.1	NC_009656.1	99.592	6119981	6120225	245	1	245	2.02e-126	448	244
LLNU01000082.1	NC_009656.1	100.000	3175430	3175192	239	1	239	9.26e-125	442	239
LLNU01000082.1	NC_009656.1	100.000	6232243	6232481	239	1	239	9.26e-125	442	239
LLNU01000083.1	NC_009656.1	100.000	3176281	3176520	240	1	240	2.55e-125	444	240
LLNU01000083.1	NC_009656.1	100.000	6231392	6231153	240	1	240	2.55e-125	444	240
LLNU01000084.1	NC_009656.1	100.000	2887468	2887229	240	1	240	2.55e-125	444	240
LLNU01000084.1	NC_009656.1	100.000	4369755	4369994	240	1	240	2.55e-125	444	240
LLNU01000084.1	NC_009656.1	100.000	2430178	2430416	239	1	239	9.18e-125	442	239
LLNU01000084.1	NC_009656.1	100.000	2538618	2538380	239	1	239	9.18e-125	442	239
LLNU01000084.1	NC_009656.1	99.582	4563025	4563263	239	1	239	4.27e-123	436	238
LLNU01000084.1	NC_009656.1	99.582	4925634	4925396	239	1	239	4.27e-123	436	238
LLNU01000084.1	NC_009656.1	98.182	6228674	6228620	55	186	240	8.23e-21	97.1	54
LLNU01000085.1	NC_009656.1	99.998	744037	806807	62772	45077	107848	0.0	1.159e+05	62771
LLNU01000085.1	NC_009656.1	99.996	717950	744036	26087	16000	42086	0.0	48169	26086
LLNU01000085.1	NC_009656.1	100.000	5571912	5571674	239	107610	107848	4.52e-122	442	239
LLNU01000086.1	NC_009656.1	99.998	4826283	4925908	99626	1	99626	0.0	1.840e+05	99624
LLNU01000086.1	NC_009656.1	99.040	4370000	4369481	521	99107	99626	0.0	933	516
LLNU01000086.1	NC_009656.1	99.415	2887230	2887742	513	99114	99626	0.0	931	510
LLNU01000086.1	NC_009656.1	99.220	2430416	2429904	513	99114	99626	0.0	926	509
LLNU01000086.1	NC_009656.1	99.031	2538377	2538892	516	99111	99626	0.0	926	511
LLNU01000086.1	NC_009656.1	98.830	4563263	4562751	513	99114	99626	0.0	915	507
LLNU01000086.1	NC_009656.1	99.585	4926393	4926633	241	1	240	5.40e-121	438	240
LLNU01000086.1	NC_009656.1	99.582	2888227	2888465	239	1	239	1.94e-120	436	238
LLNU01000086.1	NC_009656.1	98.780	4368996	4368752	246	1	245	1.94e-120	436	243
LLNU01000086.1	NC_009656.1	99.163	2429419	2429181	239	1	239	9.03e-119	431	237
LLNU01000086.1	NC_009656.1	99.163	2539377	2539615	239	1	239	9.03e-119	431	237
LLNU01000086.1	NC_009656.1	98.148	6228621	6228674	54	99114	99167	1.35e-17	95.3	53
LLNU01000086.1	NC_009656.1	100.000	4880120	4880087	34	53805	53838	3.80e-08	63.9	34
LLNU01000087.1	NC_009656.1	99.997	4369013	3884850	484170	1	484170	0.0	8.940e+05	484157
LLNU01000087.1	NC_009656.1	99.999	3829578	3523780	305799	484163	789961	0.0	5.647e+05	305797
LLNU01000087.1	NC_009656.1	100.000	3523625	3503490	20136	789961	810096	0.0	37185	20136
LLNU01000087.1	NC_009656.1	99.611	2539360	2539616	257	1	257	1.56e-129	470	256
LLNU01000087.1	NC_009656.1	99.609	2429436	2429181	256	1	256	5.60e-129	468	255
LLNU01000087.1	NC_009656.1	99.609	4826266	4826521	256	1	256	5.60e-129	468	255
LLNU01000087.1	NC_009656.1	98.479	2888210	2888472	263	1	263	7.24e-128	464	259
LLNU01000087.1	NC_009656.1	99.222	4926376	4926632	257	1	256	2.61e-127	462	255
LLNU01000087.1	NC_009656.1	100.000	207191	207161	31	93136	93166	1.44e-05	58.4	31
LLNU01000087.1	NC_009656.1	100.000	2370378	2370349	30	729786	729815	5.17e-05	56.5	30
LLNU01000087.1	NC_009656.1	100.000	3725240	3725269	30	588472	588501	5.17e-05	56.5	30
LLNU01000087.1	NC_009656.1	100.000	5326162	5326191	30	729786	729815	5.17e-05	56.5	30
LLNU01000087.1	NC_009656.1	100.000	230191	230163	29	442014	442042	1.86e-04	54.7	29
LLNU01000087.1	NC_009656.1	100.000	4039138	4039165	28	329849	329876	6.68e-04	52.8	28
LLNU01000087.1	NC_009656.1	100.000	5295027	5295054	28	729787	729814	6.68e-04	52.8	28
LLNU01000087.1	NC_009656.1	100.000	5884670	5884643	28	540543	540570	6.68e-04	52.8	28
LLNU01000088.1	NC_009656.1	99.900	5199606	5104006	95601	1	95599	0.0	1.760e+05	95505
LLNU01000088.1	NC_009656.1	99.672	5411655	5411959	305	95295	95599	3.81e-157	558	304
LLNU01000088.1	NC_009656.1	99.671	5284860	5285163	304	95296	95599	1.37e-156	556	303
LLNU01000088.1	NC_009656.1	99.342	6120290	6119987	304	95296	95599	6.38e-155	551	302
LLNU01000088.1	NC_009656.1	100.000	5221132	5221098	35	95296	95330	1.01e-08	65.8	35
LLNU01000088.1	NC_009656.1	100.000	4443174	4443146	29	12686	12714	2.19e-05	54.7	29
LLNU01000089.1	NC_009656.1	99.995	5325750	5411959	86210	1701	87910	0.0	1.592e+05	86206
LLNU01000089.1	NC_009656.1	99.672	5104310	5104006	305	87606	87910	3.50e-157	558	304
LLNU01000089.1	NC_009656.1	99.671	6120290	6119987	304	87607	87910	1.26e-156	556	303
LLNU01000089.1	NC_009656.1	99.342	5284860	5285163	304	87607	87910	5.86e-155	551	302
LLNU01000089.1	NC_009656.1	98.795	2029210	2029292	83	1869	1951	8.99e-34	148	82
LLNU01000089.1	NC_009656.1	100.000	5221132	5221098	35	87607	87641	9.31e-09	65.8	35
LLNU01000089.1	NC_009656.1	100.000	3583955	3583926	30	2113	2142	5.60e-06	56.5	30
LLNU01000089.1	NC_009656.1	100.000	5110423	5110450	28	2114	2141	7.25e-05	52.8	28
LLNU01000090.1	NC_009656.1	99.999	3498716	3425007	73710	1	73710	0.0	1.361e+05	73709
LLNU01000090.1	NC_009656.1	98.588	1086386	1085962	425	73286	73710	0.0	752	419
LLNU01000090.1	NC_009656.1	98.833	879382	879126	257	1	257	3.07e-127	459	254
LLNU01000091.1	NC_009656.1	99.999	5103225	5033038	70188	1	70188	0.0	1.296e+05	70187
LLNU01000091.1	NC_009656.1	98.419	5412741	5412992	253	1	253	8.17e-123	444	249
LLNU01000091.1	NC_009656.1	98.621	5221089	5220945	145	95	239	1.14e-66	257	143
LLNU01000091.1	NC_009656.1	100.000	2359776	2359743	34	13558	13591	2.67e-08	63.9	34
LLNU01000092.1	NC_009656.1	99.978	5220395	5285284	64890	1	64890	0.0	1.198e+05	64876
LLNU01000092.1	NC_009656.1	99.765	5104309	5103885	425	64466	64890	0.0	780	424
LLNU01000092.1	NC_009656.1	99.296	5411656	5412081	426	64466	64890	0.0	769	423
LLNU01000092.1	NC_009656.1	99.294	6120290	6119866	425	64466	64890	0.0	769	422
LLNU01000092.1	NC_009656.1	98.621	5102987	5103131	145	551	695	1.06e-66	257	143
LLNU01000092.1	NC_009656.1	100.000	5104275	5104309	35	704	738	6.87e-09	65.8	35
LLNU01000092.1	NC_009656.1	100.000	5221132	5221098	35	64466	64500	6.87e-09	65.8	35
LLNU01000092.1	NC_009656.1	100.000	5284894	5284860	35	704	738	6.87e-09	65.8	35
LLNU01000092.1	NC_009656.1	100.000	5411690	5411656	35	704	738	6.87e-09	65.8	35
LLNU01000093.1	NC_009656.1	99.998	5453638	5497561	43924	240	44163	0.0	81107	43923
LLNU01000093.1	NC_009656.1	99.956	5509772	5503023	6750	47106	53855	0.0	12449	6747
LLNU01000093.1	NC_009656.1	100.000	5511660	5509771	1890	44155	46044	0.0	3491	1890
LLNU01000093.1	NC_009656.1	100.000	5498203	5498442	240	1	240	6.81e-123	444	240
LLNU01000093.1	NC_009656.1	100.000	5511898	5511659	240	1	240	6.81e-123	444	240
LLNU01000093.1	NC_009656.1	100.000	5498441	5498203	239	58293	58531	2.45e-122	442	239
LLNU01000093.1	NC_009656.1	100.000	5511660	5511898	239	58293	58531	2.45e-122	442	239
LLNU01000093.1	NC_009656.1	98.765	5504754	5504834	81	57433	57513	7.74e-33	145	80
LLNU01000094.1	NC_009656.1	99.998	4983112	4926221	56892	1	56892	0.0	1.051e+05	56891
LLNU01000094.1	NC_009656.1	99.758	4826522	4826111	413	56480	56892	0.0	756	412
LLNU01000094.1	NC_009656.1	99.515	2888465	2888055	412	56481	56892	0.0	749	410
LLNU01000094.1	NC_009656.1	99.272	2429181	2429591	412	56481	56892	0.0	743	409
LLNU01000094.1	NC_009656.1	99.272	2539615	2539205	412	56481	56892	0.0	743	409
LLNU01000094.1	NC_009656.1	99.029	4368758	4369168	412	56481	56892	0.0	737	408
LLNU01000094.1	NC_009656.1	99.187	812053	812298	246	1	245	2.38e-122	442	244
LLNU01000094.1	NC_009656.1	99.187	6353664	6353419	246	1	245	2.38e-122	442	244
LLNU01000094.1	NC_009656.1	98.780	5566428	5566183	246	1	245	1.11e-120	436	243
LLNU01000095.1	NC_009656.1	100.000	6358744	6408232	49489	1	49489	0.0	91389	49489
LLNU01000095.1	NC_009656.1	100.000	2497716	2497689	28	38528	38555	4.08e-05	52.8	28
LLNU01000096.1	NC_009656.1	99.998	832765	879382	46618	1	46618	0.0	86082	46617
LLNU01000096.1	NC_009656.1	98.833	3498460	3498716	257	46362	46618	1.94e-127	459	254
LLNU01000096.1	NC_009656.1	99.590	816260	816503	244	1	244	1.51e-123	446	243
LLNU01000096.1	NC_009656.1	100.000	1054741	1054776	36	46242	46277	1.37e-09	67.6	36
LLNU01000097.1	NC_009656.1	99.998	5520568	5566649	46083	240	46322	0.0	85092	46082
LLNU01000097.1	NC_009656.1	99.573	6353418	6353885	468	45855	46322	0.0	854	466
LLNU01000097.1	NC_009656.1	99.362	812301	811832	470	45853	46322	0.0	852	467
LLNU01000097.1	NC_009656.1	98.929	4982868	4983333	467	45856	46322	0.0	833	462
LLNU01000097.1	NC_009656.1	98.425	5498203	5498456	254	1	251	5.39e-123	444	250
LLNU01000097.1	NC_009656.1	100.000	5511898	5511660	239	1	239	1.94e-122	442	239
LLNU01000098.1	NC_009656.1	99.971	375792	688451	312679	233549	546213	0.0	5.769e+05	312588
LLNU01000098.1	NC_009656.1	99.999	168588	364203	195616	37944	233559	0.0	3.612e+05	195615
LLNU01000098.1	NC_009656.1	100.000	55603	76101	20499	1	20499	0.0	37855	20499
LLNU01000098.1	NC_009656.1	100.000	151107	168597	17491	20499	37989	0.0	32300	17491
LLNU01000098.1	NC_009656.1	98.288	2833983	2834566	584	102	685	0.0	1024	574
LLNU01000098.1	NC_009656.1	99.125	2813132	2813588	457	1	457	0.0	822	453
LLNU01000098.1	NC_009656.1	98.468	2831258	2831714	457	1	457	0.0	806	450
LLNU01000098.1	NC_009656.1	100.000	537658	537623	36	395387	395422	1.61e-08	67.6	36
LLNU01000098.1	NC_009656.1	100.000	2829715	2829748	34	651	684	2.08e-07	63.9	34
LLNU01000098.1	NC_009656.1	100.000	2813049	2813018	32	650	681	2.69e-06	60.2	32
LLNU01000098.1	NC_009656.1	100.000	4275848	4275878	31	76517	76547	9.69e-06	58.4	31
LLNU01000098.1	NC_009656.1	100.000	5798868	5798839	30	262131	262160	3.48e-05	56.5	30
LLNU01000098.1	NC_009656.1	100.000	509838	509810	29	364597	364625	1.25e-04	54.7	29
LLNU01000098.1	NC_009656.1	100.000	3926978	3927006	29	99519	99547	1.25e-04	54.7	29
LLNU01000098.1	NC_009656.1	100.000	405902	405929	28	263745	263772	4.51e-04	52.8	28
LLNU01000098.1	NC_009656.1	100.000	405988	406015	28	263659	263686	4.51e-04	52.8	28
LLNU01000099.1	NC_009656.1	99.990	2887467	2847854	39614	1	39614	0.0	73132	39610
LLNU01000099.1	NC_009656.1	100.000	4369756	4369994	239	1	239	1.66e-122	442	239
LLNU01000099.1	NC_009656.1	100.000	2430179	2430416	238	1	238	5.97e-122	440	238
LLNU01000099.1	NC_009656.1	100.000	2538617	2538380	238	1	238	5.97e-122	440	238
LLNU01000099.1	NC_009656.1	99.580	4563026	4563263	238	1	238	2.78e-120	435	237
LLNU01000099.1	NC_009656.1	99.580	4925633	4925396	238	1	238	2.78e-120	435	237
LLNU01000099.1	NC_009656.1	98.182	6228674	6228620	55	185	239	1.49e-18	97.1	54
LLNU01000099.1	NC_009656.1	100.000	893794	893766	29	26327	26355	9.08e-06	54.7	29
LLNU01000099.1	NC_009656.1	100.000	1204829	1204801	29	505	533	9.08e-06	54.7	29
LLNU01000099.1	NC_009656.1	100.000	2886963	2886935	29	265	293	9.08e-06	54.7	29
LLNU01000099.1	NC_009656.1	100.000	2887203	2887175	29	505	533	9.08e-06	54.7	29
LLNU01000099.1	NC_009656.1	100.000	1204768	1204741	28	506	533	3.27e-05	52.8	28
LLNU01000100.1	NC_009656.1	100.000	4988212	5026822	38611	1	38611	0.0	71302	38611
LLNU01000100.1	NC_009656.1	98.223	5571528	5571921	394	1	394	0.0	689	387
LLNU01000100.1	NC_009656.1	98.462	806953	806564	390	1	389	0.0	686	384
LLNU01000101.1	NC_009656.1	100.000	5322760	5305947	16814	1	16814	0.0	31050	16814
LLNU01000101.1	NC_009656.1	99.989	5295107	5286001	9107	16768	25874	0.0	16813	9106
LLNU01000101.1	NC_009656.1	98.901	5412979	5412798	182	25693	25874	1.14e-87	326	180
LLNU01000101.1	NC_009656.1	100.000	3583927	3583954	28	16821	16848	2.13e-05	52.8	28
LLNU01000103.1	NC_009656.1	100.000	5429700	5453645	23946	1	23946	0.0	44220	23946
LLNU01000103.1	NC_009656.1	100.000	5497562	5497800	239	23947	24185	1.01e-122	442	239
LLNU01000103.1	NC_009656.1	100.000	5512539	5512301	239	23947	24185	1.01e-122	442	239
LLNU01000103.1	NC_009656.1	100.000	2611896	2611866	31	17782	17812	4.28e-07	58.4	31
LLNU01000104.1	NC_009656.1	99.995	2888227	2910076	21850	1	21850	0.0	40344	21849
LLNU01000104.1	NC_009656.1	100.000	4826283	4826521	239	1	239	9.14e-123	442	239
LLNU01000104.1	NC_009656.1	98.394	4368996	4368748	249	1	249	1.18e-121	438	245
LLNU01000104.1	NC_009656.1	99.583	4926393	4926632	240	1	239	4.25e-121	436	239
LLNU01000104.1	NC_009656.1	99.167	2429419	2429180	240	1	240	5.50e-120	433	238
LLNU01000104.1	NC_009656.1	99.163	2539377	2539615	239	1	239	1.98e-119	431	237
LLNU01000106.1	NC_009656.1	99.419	5205330	5220633	15313	1807	17116	0.0	27774	15224
LLNU01000106.1	NC_009656.1	98.930	703809	689324	14486	1807	16292	0.0	25892	14331
LLNU01000106.1	NC_009656.1	98.333	688451	688392	60	17057	17116	1.07e-21	106	59
LLNU01000107.1	NC_009656.1	100.000	3175192	3176519	1328	1	1328	0.0	2453	1328
LLNU01000107.1	NC_009656.1	99.925	6232481	6231151	1331	1	1331	0.0	2453	1330
LLNU01000108.1	NC_009656.1	100.000	816260	832208	15949	1	15949	0.0	29453	15949
LLNU01000108.1	NC_009656.1	98.223	815310	815703	394	15556	15949	0.0	689	387
LLNU01000108.1	NC_009656.1	99.590	832765	833008	244	1	244	5.16e-124	446	243
LLNU01000109.1	NC_009656.1	99.995	2429419	1973891	455538	1	455537	0.0	8.411e+05	455516
LLNU01000109.1	NC_009656.1	99.602	3038688	3037435	1255	454283	455537	0.0	2289	1250
LLNU01000109.1	NC_009656.1	100.000	2539377	2539615	239	1	239	1.91e-121	442	239
LLNU01000109.1	NC_009656.1	99.582	4368996	4368758	239	1	239	8.88e-120	436	238
LLNU01000109.1	NC_009656.1	99.163	4826283	4826521	239	1	239	4.13e-118	431	237
LLNU01000109.1	NC_009656.1	98.750	2888227	2888466	240	1	240	5.34e-117	427	237
LLNU01000109.1	NC_009656.1	98.750	4926393	4926632	240	1	239	1.92e-116	425	237
LLNU01000109.1	NC_009656.1	99.010	1900405	1900204	202	351265	351466	1.53e-97	363	200
LLNU01000109.1	NC_009656.1	100.000	1900404	1900323	82	351075	351156	3.60e-34	152	82
LLNU01000109.1	NC_009656.1	100.000	2635974	2635895	80	38593	38672	4.66e-33	148	80
LLNU01000109.1	NC_009656.1	98.795	5326000	5325918	83	400137	400219	4.66e-33	148	82
LLNU01000109.1	NC_009656.1	100.000	2635977	2635899	79	38750	38828	1.68e-32	147	79
LLNU01000109.1	NC_009656.1	100.000	2038284	2038208	77	38831	38907	2.17e-31	143	77
LLNU01000109.1	NC_009656.1	100.000	2390589	2390513	77	391145	391221	2.17e-31	143	77
LLNU01000109.1	NC_009656.1	100.000	2038575	2038500	76	38831	38906	7.80e-31	141	76
LLNU01000109.1	NC_009656.1	100.000	2390589	2390514	76	390854	390929	7.80e-31	141	76
LLNU01000109.1	NC_009656.1	100.000	2390667	2390592	76	38593	38668	7.80e-31	141	76
LLNU01000109.1	NC_009656.1	100.000	2390827	2390752	76	38753	38828	7.80e-31	141	76
LLNU01000109.1	NC_009656.1	100.000	5089668	5089635	34	69653	69686	1.74e-07	63.9	34
LLNU01000109.1	NC_009656.1	100.000	2002653	2002682	30	426746	426775	2.90e-05	56.5	30
LLNU01000109.1	NC_009656.1	100.000	3583955	3583926	30	59042	59071	2.90e-05	56.5	30
LLNU01000109.1	NC_009656.1	100.000	3387614	3387642	29	107904	107932	1.04e-04	54.7	29
LLNU01000109.1	NC_009656.1	100.000	3043389	3043416	28	132533	132560	3.76e-04	52.8	28
LLNU01000109.1	NC_009656.1	100.000	5110423	5110450	28	59043	59070	3.76e-04	52.8	28
LLNU01000110.1	NC_009656.1	100.000	2847753	2832597	15157	1	15157	0.0	27990	15157
LLNU01000110.1	NC_009656.1	98.288	56287	55704	584	13188	13771	0.0	1024	574
LLNU01000110.1	NC_009656.1	98.310	2813587	2813233	355	13417	13771	2.11e-177	623	349
LLNU01000110.1	NC_009656.1	99.298	2815486	2815202	285	14873	15157	3.68e-145	516	283
LLNU01000110.1	NC_009656.1	98.456	2820875	2820619	259	14893	15151	8.14e-127	455	255
LLNU01000110.1	NC_009656.1	100.000	2829748	2829715	34	13189	13222	5.77e-09	63.9	34
LLNU01000110.1	NC_009656.1	100.000	2813018	2813049	32	13192	13223	7.46e-08	60.2	32
LLNU01000110.1	NC_009656.1	100.000	2831144	2831175	32	13192	13223	7.46e-08	60.2	32
LLNU01000111.1	NC_009656.1	99.925	5412741	5427500	14760	1	14760	0.0	27196	14749
LLNU01000111.1	NC_009656.1	98.419	5103225	5102973	253	1	252	1.72e-123	444	249
LLNU01000111.1	NC_009656.1	100.000	6119206	6118968	239	1	239	6.17e-123	442	239
LLNU01000111.1	NC_009656.1	98.745	5285944	5286182	239	1	239	6.22e-118	425	236
LLNU01000113.1	NC_009656.1	98.262	4600347	4601669	1323	1	1323	0.0	2316	1300
LLNU01000113.1	NC_009656.1	100.000	1204589	1204620	32	10941	10972	6.04e-08	60.2	32
LLNU01000114.1	NC_009656.1	99.954	110028	101385	8644	237	8880	0.0	15941	8640
LLNU01000114.1	NC_009656.1	100.000	3175427	3175192	236	1	236	2.12e-121	436	236
LLNU01000114.1	NC_009656.1	100.000	6232246	6232481	236	1	236	2.12e-121	436	236
LLNU01000115.1	NC_009656.1	99.901	2810184	2800038	10147	1	10147	0.0	18683	10137
LLNU01000115.1	NC_009656.1	99.901	51017	40872	10147	1	10147	0.0	18681	10137
LLNU01000115.1	NC_009656.1	99.649	2823035	2822751	285	1	285	5.29e-147	521	284
LLNU01000116.1	NC_009656.1	99.990	4562617	4572194	9578	1	9578	0.0	17682	9577
LLNU01000116.1	NC_009656.1	99.227	2887876	2887230	647	1	647	0.0	1168	642
LLNU01000116.1	NC_009656.1	99.227	4369347	4369993	647	1	647	0.0	1168	642
LLNU01000116.1	NC_009656.1	99.074	2539026	2538379	648	1	648	0.0	1164	642
LLNU01000116.1	NC_009656.1	99.073	2429770	2430416	647	1	647	0.0	1162	641
LLNU01000116.1	NC_009656.1	99.073	4926042	4925396	647	1	647	0.0	1162	641
LLNU01000116.1	NC_009656.1	98.609	4825932	4825286	647	1	647	0.0	1146	638
LLNU01000118.1	NC_009656.1	100.000	5512301	5520323	8023	1	8023	0.0	14816	8023
LLNU01000118.1	NC_009656.1	100.000	5497934	5498441	508	8259	8766	0.0	939	508
LLNU01000118.1	NC_009656.1	100.000	5512167	5511660	508	8259	8766	0.0	939	508
LLNU01000118.1	NC_009656.1	100.000	5497562	5497801	240	8020	8259	1.02e-123	444	240
LLNU01000118.1	NC_009656.1	100.000	5512539	5512300	240	8020	8259	1.02e-123	444	240
LLNU01000118.1	NC_009656.1	100.000	5497800	5497562	239	1	239	3.66e-123	442	239
LLNU01000120.1	NC_009656.1	99.990	5876023	5571674	304350	1	304333	0.0	5.619e+05	304321
LLNU01000120.1	NC_009656.1	100.000	806569	806807	239	304095	304333	1.27e-121	442	239
LLNU01000120.1	NC_009656.1	100.000	6517439	6517407	33	122901	122933	4.17e-07	62.1	33
LLNU01000120.1	NC_009656.1	100.000	2981593	2981623	31	276769	276799	5.40e-06	58.4	31
LLNU01000120.1	NC_009656.1	100.000	1009457	1009486	30	122220	122249	1.94e-05	56.5	30
LLNU01000120.1	NC_009656.1	100.000	5753091	5753120	30	75933	75962	1.94e-05	56.5	30
LLNU01000120.1	NC_009656.1	100.000	5838935	5838963	29	196405	196433	6.98e-05	54.7	29
LLNU01000122.1	NC_009656.1	99.172	4624644	4618002	6645	3	6646	0.0	11963	6590
LLNU01000125.1	NC_009656.1	100.000	4988430	4982874	5557	1	5557	0.0	10262	5557
LLNU01000125.1	NC_009656.1	99.982	806735	812291	5557	1	5557	0.0	10257	5556
LLNU01000125.1	NC_009656.1	99.910	6358982	6353426	5557	1	5557	0.0	10235	5552
LLNU01000125.1	NC_009656.1	99.892	5571746	5566190	5557	1	5557	0.0	10229	5551
LLNU01000126.1	NC_009656.1	99.943	879144	884370	5227	1	5227	0.0	9636	5224
LLNU01000126.1	NC_009656.1	99.770	3498478	3503704	5227	1	5227	0.0	9587	5215
LLNU01000127.1	NC_009656.1	98.936	4617865	4618240	376	4670	5045	0.0	673	372
LLNU01000128.1	NC_009656.1	100.000	2823035	2818043	4993	1	4993	0.0	9221	4993
LLNU01000128.1	NC_009656.1	99.063	52900	52581	320	4674	4993	1.97e-163	575	317
LLNU01000128.1	NC_009656.1	99.649	2810184	2809900	285	1	285	2.60e-147	521	284
LLNU01000128.1	NC_009656.1	98.456	2832861	2832603	259	2161	2417	2.67e-127	455	255
LLNU01000128.1	NC_009656.1	98.069	2815466	2815208	259	2161	2417	1.24e-125	449	254
LLNU01000130.1	NC_009656.1	100.000	2828220	2832782	4563	1	4563	0.0	8427	4563
LLNU01000130.1	NC_009656.1	98.807	2813012	2813597	587	2918	3504	0.0	1044	580
LLNU01000130.1	NC_009656.1	98.258	55486	56059	574	2922	3495	0.0	1005	564
LLNU01000130.1	NC_009656.1	98.142	2824636	2824958	323	1	323	3.89e-160	564	317
LLNU01000130.1	NC_009656.1	98.071	2811785	2812095	311	1	311	1.82e-153	542	305
LLNU01000130.1	NC_009656.1	100.000	56253	56286	34	1496	1529	1.73e-09	63.9	34
LLNU01000130.1	NC_009656.1	100.000	2834532	2834565	34	1496	1529	1.73e-09	63.9	34
LLNU01000130.1	NC_009656.1	100.000	2834562	2834531	32	2925	2956	2.24e-08	60.2	32
LLNU01000130.1	NC_009656.1	100.000	2813048	2813018	31	1496	1526	8.05e-08	58.4	31
LLNU01000130.1	NC_009656.1	100.000	2829745	2829715	31	2925	2955	8.05e-08	58.4	31
LLNU01000130.1	NC_009656.1	100.000	2831174	2831144	31	1496	1526	8.05e-08	58.4	31
LLNU01000131.1	NC_009656.1	99.996	2667940	2800276	132337	166335	298671	0.0	2.444e+05	132332
LLNU01000131.1	NC_009656.1	99.998	2539377	2667948	128572	1	128572	0.0	2.374e+05	128569
LLNU01000131.1	NC_009656.1	100.000	2429419	2429181	239	1	239	1.25e-121	442	239
LLNU01000131.1	NC_009656.1	99.583	4368996	4368757	240	1	240	1.62e-120	438	239
LLNU01000131.1	NC_009656.1	99.163	4826283	4826521	239	1	239	2.71e-118	431	237
LLNU01000131.1	NC_009656.1	98.745	2888227	2888465	239	1	239	1.26e-116	425	236
LLNU01000131.1	NC_009656.1	98.750	4926393	4926632	240	1	239	1.26e-116	425	237
LLNU01000131.1	NC_009656.1	100.000	2390748	2390827	80	96519	96598	3.05e-33	148	80
LLNU01000131.1	NC_009656.1	100.000	2390592	2390670	79	96523	96601	1.10e-32	147	79
LLNU01000131.1	NC_009656.1	100.000	3019654	3019622	33	278187	278219	4.09e-07	62.1	33
LLNU01000131.1	NC_009656.1	100.000	5447511	5447481	31	72490	72520	5.30e-06	58.4	31
LLNU01000132.1	NC_009656.1	98.446	4597519	4595075	2445	2057	4501	0.0	4305	2407
LLNU01000133.1	NC_009656.1	98.208	4600130	4604593	4464	1	4464	0.0	7801	4384
LLNU01000135.1	NC_009656.1	99.427	4590974	4592543	1570	538	2107	0.0	2850	1561
LLNU01000137.1	NC_009656.1	100.000	5027122	5030965	3844	1	3844	0.0	7099	3844
LLNU01000137.1	NC_009656.1	98.085	5031054	5031523	470	1	470	0.0	819	461
LLNU01000138.1	NC_009656.1	98.628	4614407	4610765	3643	1	3636	0.0	6444	3593
LLNU01000138.1	NC_009656.1	100.000	3610341	3610453	113	3637	3749	1.72e-53	209	113
LLNU01000140.1	NC_009656.1	98.012	4589874	4590376	503	3069	3571	0.0	874	493
LLNU01000141.1	NC_009656.1	100.000	812061	815616	3556	1	3556	0.0	6567	3556
LLNU01000141.1	NC_009656.1	98.371	831815	832121	307	3250	3556	5.10e-153	540	302
LLNU01000141.1	NC_009656.1	100.000	6353656	6353418	239	1	239	1.48e-123	442	239
LLNU01000141.1	NC_009656.1	99.585	5566420	5566180	241	1	241	5.32e-123	440	240
LLNU01000141.1	NC_009656.1	99.160	4983104	4982868	238	1	238	4.14e-119	427	236
LLNU01000142.1	NC_009656.1	99.992	3176282	3424200	247929	1	247929	0.0	4.577e+05	247910
LLNU01000142.1	NC_009656.1	99.234	1084895	1085155	261	247669	247929	1.32e-130	472	259
LLNU01000142.1	NC_009656.1	100.000	6231391	6231153	239	1	239	1.04e-121	442	239
LLNU01000142.1	NC_009656.1	100.000	2321525	2321497	29	211343	211371	5.69e-05	54.7	29
LLNU01000144.1	NC_009656.1	100.000	52581	55782	3202	1	3202	0.0	5914	3202
LLNU01000144.1	NC_009656.1	99.063	2818043	2818362	320	1	320	1.26e-163	575	317
LLNU01000144.1	NC_009656.1	99.327	2813015	2813311	297	2906	3202	1.65e-152	538	295
LLNU01000144.1	NC_009656.1	98.653	2831141	2831437	297	2906	3202	3.57e-149	527	293
LLNU01000144.1	NC_009656.1	98.734	2833983	2834061	79	3124	3202	5.44e-33	141	78
LLNU01000145.1	NC_009656.1	99.315	52181	50430	1753	1	1753	0.0	3169	1741
LLNU01000145.1	NC_009656.1	99.698	2817643	2817313	331	1	331	4.35e-173	606	330
LLNU01000145.1	NC_009656.1	99.054	2826712	2826396	317	2810	3126	5.71e-162	569	314
LLNU01000145.1	NC_009656.1	98.089	2812095	2811782	314	2813	3126	2.68e-155	547	308
LLNU01000148.1	NC_009656.1	99.964	705152	702367	2786	2	2787	0.0	5140	2785
LLNU01000149.1	NC_009656.1	99.923	5325799	5323213	2587	190	2776	0.0	4767	2585
LLNU01000150.1	NC_009656.1	100.000	2817643	2815202	2442	1	2442	0.0	4510	2442
LLNU01000150.1	NC_009656.1	99.698	52181	51851	331	1	331	3.39e-173	606	330
LLNU01000150.1	NC_009656.1	99.298	2832881	2832597	285	2158	2442	5.88e-146	516	283
LLNU01000150.1	NC_009656.1	98.069	2820875	2820619	259	2178	2436	6.05e-126	449	254
LLNU01000153.1	NC_009656.1	99.997	6119206	5876476	242731	1	242731	0.0	4.482e+05	242724
LLNU01000153.1	NC_009656.1	100.000	5412741	5412979	239	1	239	1.02e-121	442	239
LLNU01000153.1	NC_009656.1	100.000	3773198	3773171	28	234537	234564	2.00e-04	52.8	28
LLNU01000154.1	NC_009656.1	100.000	2815387	2813132	2256	1	2256	0.0	4167	2256
LLNU01000154.1	NC_009656.1	98.927	2831723	2831258	466	1791	2256	0.0	833	461
LLNU01000154.1	NC_009656.1	99.125	56059	55603	457	1800	2256	0.0	822	453
LLNU01000154.1	NC_009656.1	98.310	2834337	2833983	355	1801	2155	3.11e-178	623	349
LLNU01000155.1	NC_009656.1	98.000	5325799	5325750	50	2028	2077	4.64e-17	87.9	49
LLNU01000156.1	NC_009656.1	100.000	5030831	5032857	2027	1	2027	0.0	3744	2027
LLNU01000156.1	NC_009656.1	98.557	5026899	5027591	693	1	693	0.0	1225	683
LLNU01000157.1	NC_009656.1	100.000	2828392	2826423	1970	1	1970	0.0	3639	1970
LLNU01000157.1	NC_009656.1	98.943	2826571	2825817	757	1	757	0.0	1352	749
LLNU01000157.1	NC_009656.1	98.716	2824808	2824264	545	1	545	0.0	968	538
LLNU01000157.1	NC_009656.1	98.532	2811957	2811413	545	1	545	0.0	963	537
LLNU01000158.1	NC_009656.1	98.039	4583601	4584008	408	1	408	0.0	710	400
LLNU01000159.1	NC_009656.1	100.000	2811858	2809946	1913	1	1913	0.0	3533	1913
LLNU01000159.1	NC_009656.1	100.000	2824709	2822797	1913	1	1913	0.0	3533	1913
LLNU01000159.1	NC_009656.1	98.655	2826472	2826027	446	1	446	0.0	791	440
LLNU01000159.1	NC_009656.1	98.430	2828293	2827848	446	1	446	0.0	785	439
LLNU01000160.1	NC_009656.1	99.456	4577766	4577216	551	1322	1872	0.0	1002	548
LLNU01000162.1	NC_009656.1	100.000	2811782	2813311	1530	1	1530	0.0	2826	1530
LLNU01000162.1	NC_009656.1	98.726	2824633	2824945	314	1	313	2.16e-158	556	310
LLNU01000162.1	NC_009656.1	98.089	2828217	2828530	314	1	314	1.30e-155	547	308
LLNU01000162.1	NC_009656.1	99.327	55486	55782	297	1234	1530	7.82e-153	538	295
LLNU01000162.1	NC_009656.1	99.003	2831137	2831437	301	1231	1530	7.82e-153	538	298
LLNU01000162.1	NC_009656.1	98.734	2833983	2834061	79	1452	1530	2.58e-33	141	78
LLNU01000162.1	NC_009656.1	100.000	56283	56252	32	1237	1268	7.42e-09	60.2	32
LLNU01000162.1	NC_009656.1	100.000	2834562	2834531	32	1237	1268	7.42e-09	60.2	32
LLNU01000162.1	NC_009656.1	100.000	2829745	2829715	31	1237	1267	2.67e-08	58.4	31
LLNU01000163.1	NC_009656.1	100.000	2825032	2826281	1250	237	1486	0.0	2309	1250
LLNU01000163.1	NC_009656.1	98.287	2827636	2828102	467	1022	1486	0.0	817	459
LLNU01000163.1	NC_009656.1	98.431	2811413	2811667	255	1232	1486	3.66e-126	449	251
LLNU01000163.1	NC_009656.1	98.431	2824264	2824518	255	1232	1486	3.66e-126	449	251
LLNU01000163.1	NC_009656.1	100.000	3175427	3175192	236	1	236	2.85e-122	436	236
LLNU01000163.1	NC_009656.1	100.000	6232246	6232481	236	1	236	2.85e-122	436	236
LLNU01000164.1	NC_009656.1	99.998	6408234	6588339	180106	1	180106	0.0	3.326e+05	180103
LLNU01000164.1	NC_009656.1	99.998	1	41110	41110	180107	221216	0.0	75911	41109
LLNU01000164.1	NC_009656.1	100.000	5753091	5753123	33	109174	109206	3.03e-07	62.1	33
LLNU01000164.1	NC_009656.1	100.000	1791551	1791580	30	111797	111826	1.41e-05	56.5	30
LLNU01000167.1	NC_009656.1	100.000	1086179	1084917	1263	1	1263	0.0	2333	1263
LLNU01000167.1	NC_009656.1	99.683	3425224	3423962	1263	1	1263	0.0	2311	1259
LLNU01000168.1	NC_009656.1	98.000	5325750	5325799	50	970	1019	2.68e-17	87.9	49
LLNU01000170.1	NC_009656.1	99.807	815465	816498	1034	1	1034	0.0	1899	1032
LLNU01000170.1	NC_009656.1	99.710	831970	833003	1034	1	1034	0.0	1893	1031
LLNU01000171.1	NC_009656.1	99.650	4577216	4577501	286	1	286	1.45e-148	523	285
LLNU01000172.1	NC_009656.1	100.000	5322522	5323451	930	1	930	0.0	1718	930
LLNU01000172.1	NC_009656.1	99.462	5875785	5876714	930	1	930	0.0	1690	925
LLNU01000174.1	NC_009656.1	100.000	52819	51943	877	1	877	0.0	1620	877
LLNU01000174.1	NC_009656.1	100.000	2818281	2817405	877	1	877	0.0	1620	877
