NZ_CAADMV010000001.1	NC_009656.1	98.222	2549873	2540821	9055	2064	11116	0.0	15826	8894
NZ_CAADMV010000012.1	NC_009656.1	99.861	6260273	6267452	7181	12221	19401	0.0	13204	7171
NZ_CAADMV010000014.1	NC_009656.1	100.000	6526508	6526479	30	1	30	5.02e-07	56.5	30
NZ_CAADMV010000022.1	NC_009656.1	100.000	1254873	1254839	35	1	35	5.18e-10	65.8	35
NZ_CAADMV010000022.1	NC_009656.1	100.000	2768302	2768330	29	4884	4912	1.12e-06	54.7	29
NZ_CAADMV010000031.1	NC_009656.1	100.000	5325827	5325799	29	41763	41791	9.58e-06	54.7	29
NZ_CAADMV010000039.1	NC_009656.1	100.000	537623	537655	33	3148	3180	5.62e-09	62.1	33
NZ_CAADMV010000043.1	NC_009656.1	100.000	4659312	4659340	29	1492	1520	3.43e-07	54.7	29
NZ_CAADMV010000047.1	NC_009656.1	100.000	2888465	2888436	30	21462	21491	1.37e-06	56.5	30
NZ_CAADMV010000047.1	NC_009656.1	100.000	4368758	4368787	30	21462	21491	1.37e-06	56.5	30
NZ_CAADMV010000047.1	NC_009656.1	100.000	4826521	4826492	30	21462	21491	1.37e-06	56.5	30
NZ_CAADMV010000047.1	NC_009656.1	100.000	4926632	4926603	30	21462	21491	1.37e-06	56.5	30
NZ_CAADMV010000050.1	NC_009656.1	100.000	879007	879036	30	1	30	3.49e-07	56.5	30
NZ_CAADMV010000050.1	NC_009656.1	100.000	1054742	1054771	30	1	30	3.49e-07	56.5	30
NZ_CAADMV010000052.1	NC_009656.1	100.000	2497689	2497716	28	10596	10623	1.10e-05	52.8	28
NZ_CAADMV010000060.1	NC_009656.1	100.000	630179	630150	30	1	30	2.92e-07	56.5	30
NZ_CAADMV010000064.1	NC_009656.1	100.000	4826522	4826495	28	22515	22542	1.86e-05	52.8	28
NZ_CAADMV010000064.1	NC_009656.1	100.000	4926633	4926606	28	22515	22542	1.86e-05	52.8	28
NZ_CAADMV010000066.1	NC_009656.1	100.000	3631511	3631481	31	20261	20291	3.59e-07	58.4	31
NZ_CAADMV010000074.1	NC_009656.1	98.187	4835927	4830249	5680	47722	53399	0.0	9915	5577
NZ_CAADMV010000074.1	NC_009656.1	100.000	1203654	1203622	33	9120	9152	7.32e-08	62.1	33
NZ_CAADMV010000081.1	NC_009656.1	100.000	4728076	4728105	30	1	30	9.78e-07	56.5	30
NZ_CAADMV010000081.1	NC_009656.1	100.000	5587600	5587627	28	15339	15366	1.27e-05	52.8	28
NZ_CAADMV010000086.1	NC_009656.1	98.161	4577766	4576734	1033	4749	5781	0.0	1803	1014
NZ_CAADMV010000088.1	NC_009656.1	98.485	4150289	4150354	66	63	128	2.19e-25	117	65
NZ_CAADMV010000105.1	NC_009656.1	100.000	3226355	3226384	30	8494	8523	3.78e-06	56.5	30
NZ_CAADMV010000113.1	NC_009656.1	100.000	2635945	2635979	35	1	35	1.48e-09	65.8	35
NZ_CAADMV010000113.1	NC_009656.1	100.000	2390638	2390670	33	1	33	1.91e-08	62.1	33
NZ_CAADMV010000114.1	NC_009656.1	100.000	6520030	6520058	29	14097	14125	3.23e-06	54.7	29
NZ_CAADMV010000116.1	NC_009656.1	100.000	3794381	3794409	29	7698	7726	2.94e-06	54.7	29
NZ_CAADMV010000121.1	NC_009656.1	99.033	494147	492080	2068	1	2068	0.0	3709	2048
NZ_CAADMV010000133.1	NC_009656.1	100.000	2390591	2390620	30	7545	7574	4.81e-07	56.5	30
NZ_CAADMV010000133.1	NC_009656.1	100.000	2390752	2390780	29	7546	7574	1.73e-06	54.7	29
NZ_CAADMV010000139.1	NC_009656.1	100.000	509837	509810	28	11570	11597	2.29e-05	52.8	28
NZ_CAADMV010000144.1	NC_009656.1	100.000	3892265	3892237	29	12052	12080	4.28e-06	54.7	29
NZ_CAADMV010000145.1	NC_009656.1	100.000	352256	352228	29	1	29	3.04e-06	54.7	29
NZ_CAADMV010000145.1	NC_009656.1	100.000	2430416	2430388	29	13261	13289	3.04e-06	54.7	29
NZ_CAADMV010000145.1	NC_009656.1	100.000	2538380	2538408	29	13261	13289	3.04e-06	54.7	29
NZ_CAADMV010000145.1	NC_009656.1	100.000	4369993	4369965	29	13261	13289	3.04e-06	54.7	29
NZ_CAADMV010000145.1	NC_009656.1	100.000	4563263	4563235	29	13261	13289	3.04e-06	54.7	29
NZ_CAADMV010000145.1	NC_009656.1	100.000	6228621	6228649	29	13261	13289	3.04e-06	54.7	29
NZ_CAADMV010000151.1	NC_009656.1	100.000	878961	878990	30	1	30	1.38e-06	56.5	30
NZ_CAADMV010000151.1	NC_009656.1	100.000	1593803	1593776	28	1	28	1.78e-05	52.8	28
NZ_CAADMV010000151.1	NC_009656.1	100.000	2717945	2717918	28	1	28	1.78e-05	52.8	28
NZ_CAADMV010000151.1	NC_009656.1	100.000	2889340	2889313	28	1	28	1.78e-05	52.8	28
NZ_CAADMV010000153.1	NC_009656.1	100.000	1934654	1934683	30	1	30	4.80e-08	56.5	30
NZ_CAADMV010000153.1	NC_009656.1	100.000	5270194	5270165	30	2	31	4.80e-08	56.5	30
NZ_CAADMV010000160.1	NC_009656.1	98.387	816442	816503	62	1	62	1.20e-22	110	61
NZ_CAADMV010000171.1	NC_009656.1	100.000	21334	21361	28	20003	20030	3.30e-05	52.8	28
NZ_CAADMV010000172.1	NC_009656.1	100.000	3583926	3583955	30	5611	5640	3.58e-07	56.5	30
NZ_CAADMV010000172.1	NC_009656.1	100.000	3966418	3966447	30	1	30	3.58e-07	56.5	30
NZ_CAADMV010000172.1	NC_009656.1	100.000	5110450	5110423	28	5612	5639	4.63e-06	52.8	28
NZ_CAADMV010000178.1	NC_009656.1	100.000	5831026	5831053	28	22482	22509	1.85e-05	52.8	28
NZ_CAADMV010000181.1	NC_009656.1	100.000	1593807	1593779	29	712	740	1.64e-07	54.7	29
NZ_CAADMV010000181.1	NC_009656.1	100.000	2889344	2889316	29	712	740	1.64e-07	54.7	29
NZ_CAADMV010000183.1	NC_009656.1	100.000	4563265	4563235	31	37322	37352	6.62e-07	58.4	31
NZ_CAADMV010000183.1	NC_009656.1	100.000	2538379	2538408	30	37323	37352	2.38e-06	56.5	30
NZ_CAADMV010000183.1	NC_009656.1	100.000	2430416	2430388	29	37324	37352	8.56e-06	54.7	29
NZ_CAADMV010000183.1	NC_009656.1	100.000	2887230	2887258	29	37324	37352	8.56e-06	54.7	29
NZ_CAADMV010000183.1	NC_009656.1	100.000	4369993	4369965	29	37324	37352	8.56e-06	54.7	29
NZ_CAADMV010000183.1	NC_009656.1	100.000	4825286	4825314	29	37324	37352	8.56e-06	54.7	29
NZ_CAADMV010000183.1	NC_009656.1	100.000	4925396	4925424	29	37324	37352	8.56e-06	54.7	29
NZ_CAADMV010000183.1	NC_009656.1	100.000	6228621	6228649	29	37324	37352	8.56e-06	54.7	29
NZ_CAADMV010000189.1	NC_009656.1	99.923	5508471	5509772	1302	14986	16287	0.0	2399	1301
NZ_CAADMV010000190.1	NC_009656.1	100.000	6397298	6397271	28	14619	14646	1.52e-05	52.8	28
NZ_CAADMV010000191.1	NC_009656.1	99.113	5567412	5571904	4510	1	4510	0.0	8091	4470
NZ_CAADMV010000191.1	NC_009656.1	99.069	811069	806577	4510	1	4510	0.0	8080	4468
NZ_CAADMV010000191.1	NC_009656.1	99.069	4984096	4988588	4510	1	4510	0.0	8080	4468
NZ_CAADMV010000191.1	NC_009656.1	98.936	6354648	6359140	4510	1	4510	0.0	8046	4462
NZ_CAADMV010000192.1	NC_009656.1	100.000	2370356	2370383	28	1	28	7.60e-06	52.8	28
NZ_CAADMV010000198.1	NC_009656.1	98.171	4654191	4654029	164	10046	10208	1.21e-75	285	161
NZ_CAADMV010000215.1	NC_009656.1	100.000	6298926	6298955	30	1	30	6.71e-07	56.5	30
NZ_CAADMV010000220.1	NC_009656.1	100.000	1204620	1204589	32	15471	15502	1.36e-07	60.2	32
NZ_CAADMV010000221.1	NC_009656.1	100.000	1181196	1181161	36	12122	12157	4.52e-10	67.6	36
NZ_CAADMV010000237.1	NC_009656.1	100.000	4728240	4728212	29	1	29	3.69e-06	54.7	29
NZ_CAADMV010000240.1	NC_009656.1	98.608	1975112	1987819	12712	1	12710	0.0	22489	12535
NZ_CAADMV010000240.1	NC_009656.1	100.000	3038656	3038685	30	1	30	8.09e-07	56.5	30
NZ_CAADMV010000241.1	NC_009656.1	100.000	168582	168553	30	10253	10282	6.54e-07	56.5	30
NZ_CAADMV010000241.1	NC_009656.1	100.000	168588	168559	30	10253	10282	6.54e-07	56.5	30
NZ_CAADMV010000241.1	NC_009656.1	100.000	168594	168565	30	10253	10282	6.54e-07	56.5	30
NZ_CAADMV010000241.1	NC_009656.1	100.000	168600	168571	30	10253	10282	6.54e-07	56.5	30
NZ_CAADMV010000241.1	NC_009656.1	100.000	168606	168577	30	10253	10282	6.54e-07	56.5	30
NZ_CAADMV010000245.1	NC_009656.1	100.000	4223463	4223434	30	2029	2058	1.30e-07	56.5	30
NZ_CAADMV010000255.1	NC_009656.1	99.993	1987828	2029239	41412	1	41412	0.0	76457	41409
NZ_CAADMV010000255.1	NC_009656.1	100.000	2002682	2002653	30	14826	14855	2.64e-06	56.5	30
NZ_CAADMV010000277.1	NC_009656.1	100.000	879006	879035	30	6115	6144	3.90e-07	56.5	30
NZ_CAADMV010000278.1	NC_009656.1	100.000	3631598	3631627	30	1	30	2.28e-07	56.5	30
NZ_CAADMV010000290.1	NC_009656.1	100.000	1934655	1934683	29	4	32	1.59e-06	54.7	29
NZ_CAADMV010000292.1	NC_009656.1	100.000	4797757	4797728	30	1	30	3.21e-07	56.5	30
NZ_CAADMV010000295.1	NC_009656.1	100.000	630154	630183	30	1	30	4.69e-07	56.5	30
NZ_CAADMV010000297.1	NC_009656.1	100.000	5397323	5397294	30	1	30	1.45e-07	56.5	30
NZ_CAADMV010000304.1	NC_009656.1	100.000	5305947	5306029	83	6501	6583	2.33e-36	154	83
NZ_CAADMV010000304.1	NC_009656.1	100.000	5110422	5110450	29	6467	6495	2.43e-06	54.7	29
NZ_CAADMV010000304.1	NC_009656.1	100.000	3583954	3583927	28	6468	6495	8.74e-06	52.8	28
NZ_CAADMV010000311.1	NC_009656.1	100.000	1262272	1262302	31	1	31	2.07e-07	58.4	31
NZ_CAADMV010000318.1	NC_009656.1	100.000	103451	103479	29	13842	13870	4.71e-06	54.7	29
NZ_CAADMV010000319.1	NC_009656.1	100.000	2321525	2321497	29	4224	4252	1.10e-06	54.7	29
NZ_CAADMV010000324.1	NC_009656.1	100.000	4278434	4278405	30	15552	15581	9.92e-07	56.5	30
NZ_CAADMV010000331.1	NC_009656.1	100.000	1890531	1890504	28	9196	9223	7.59e-06	52.8	28
NZ_CAADMV010000334.1	NC_009656.1	100.000	2299174	2299145	30	1	30	7.26e-07	56.5	30
NZ_CAADMV010000339.1	NC_009656.1	100.000	3850068	3850041	28	650	677	1.44e-05	52.8	28
NZ_CAADMV010000342.1	NC_009656.1	98.186	6411433	6408953	2481	1	2481	0.0	4333	2436
NZ_CAADMV010000354.1	NC_009656.1	98.051	4180114	4182626	2514	1	2514	0.0	4370	2465
NZ_CAADMV010000354.1	NC_009656.1	100.000	1642315	1642287	29	2482	2510	5.71e-07	54.7	29
NZ_CAADMV010000360.1	NC_009656.1	98.269	1745154	1745673	520	1	520	0.0	911	511
NZ_CAADMV010000361.1	NC_009656.1	100.000	3582517	3582546	30	1	30	3.96e-08	56.5	30
NZ_CAADMV010000366.1	NC_009656.1	100.000	1567269	1567298	30	9115	9144	5.81e-07	56.5	30
NZ_CAADMV010000366.1	NC_009656.1	100.000	5753094	5753123	30	1	30	5.81e-07	56.5	30
NZ_CAADMV010000377.1	NC_009656.1	100.000	1558048	1558077	30	1	30	8.79e-08	56.5	30
NZ_CAADMV010000377.1	NC_009656.1	100.000	5798839	5798868	30	1186	1215	8.79e-08	56.5	30
NZ_CAADMV010000378.1	NC_009656.1	98.750	546382	545663	720	1	720	0.0	1280	711
NZ_CAADMV010000378.1	NC_009656.1	100.000	1254881	1254852	30	691	720	4.44e-08	56.5	30
NZ_CAADMV010000386.1	NC_009656.1	100.000	3583926	3583955	30	17586	17615	1.12e-06	56.5	30
NZ_CAADMV010000386.1	NC_009656.1	100.000	5326191	5326162	30	17586	17615	1.12e-06	56.5	30
NZ_CAADMV010000386.1	NC_009656.1	100.000	5295054	5295027	28	17587	17614	1.45e-05	52.8	28
NZ_CAADMV010000399.1	NC_009656.1	100.000	5270166	5270194	29	17034	17062	3.91e-06	54.7	29
NZ_CAADMV010000399.1	NC_009656.1	100.000	1763480	1763507	28	17033	17060	1.41e-05	52.8	28
NZ_CAADMV010000401.1	NC_009656.1	100.000	5663292	5663322	31	1	31	8.52e-08	58.4	31
NZ_CAADMV010000402.1	NC_009656.1	100.000	1193342	1193369	28	3	30	5.08e-06	52.8	28
NZ_CAADMV010000403.1	NC_009656.1	100.000	1900375	1900404	30	1	30	2.44e-07	56.5	30
NZ_CAADMV010000403.1	NC_009656.1	100.000	6411405	6411433	29	3830	3858	8.79e-07	54.7	29
NZ_CAADMV010000407.1	NC_009656.1	99.867	111843	116354	4512	85	4596	0.0	8299	4506
NZ_CAADMV010000416.1	NC_009656.1	98.219	2973430	2988248	14820	1	14819	0.0	25904	14556
NZ_CAADMV010000420.1	NC_009656.1	100.000	1730800	1730772	29	8170	8198	1.87e-06	54.7	29
NZ_CAADMV010000425.1	NC_009656.1	100.000	2359772	2359743	30	6511	6540	4.15e-07	56.5	30
NZ_CAADMV010000425.1	NC_009656.1	100.000	5089664	5089635	30	6511	6540	4.15e-07	56.5	30
NZ_CAADMV010000427.1	NC_009656.1	98.450	5079505	5078088	1419	1	1419	0.0	2497	1397
NZ_CAADMV010000431.1	NC_009656.1	98.246	2520274	2520330	57	1354	1410	4.03e-21	100	56
NZ_CAADMV010000440.1	NC_009656.1	100.000	251390	251363	28	5411	5438	4.47e-06	52.8	28
NZ_CAADMV010000443.1	NC_009656.1	98.173	831873	831053	821	1	821	0.0	1434	806
NZ_CAADMV010000465.1	NC_009656.1	100.000	5270177	5270206	30	1	30	3.82e-07	56.5	30
NZ_CAADMV010000466.1	NC_009656.1	99.116	490404	492100	1697	1	1697	0.0	3051	1682
NZ_CAADMV010000470.1	NC_009656.1	98.060	478431	481626	3196	1	3196	0.0	5559	3134
NZ_CAADMV010000470.1	NC_009656.1	100.000	1791551	1791580	30	1	30	2.58e-07	56.5	30
NZ_CAADMV010000473.1	NC_009656.1	100.000	5054936	5054907	30	573	602	3.70e-08	56.5	30
NZ_CAADMV010000474.1	NC_009656.1	100.000	2038287	2038258	30	23583	23612	1.50e-06	56.5	30
NZ_CAADMV010000474.1	NC_009656.1	100.000	1038095	1038123	29	17532	17560	5.41e-06	54.7	29
NZ_CAADMV010000477.1	NC_009656.1	99.759	3162507	3172451	9945	8121	18064	0.0	18231	9921
NZ_CAADMV010000480.1	NC_009656.1	100.000	3725240	3725269	30	3460	3489	2.59e-07	56.5	30
NZ_CAADMV010000482.1	NC_009656.1	100.000	3471885	3471854	32	2	33	6.00e-09	60.2	32
NZ_CAADMV010000482.1	NC_009656.1	100.000	5031107	5031135	29	2	30	2.79e-07	54.7	29
NZ_CAADMV010000494.1	NC_009656.1	100.000	2176434	2176467	34	11943	11976	4.56e-09	63.9	34
NZ_CAADMV010000498.1	NC_009656.1	100.000	5674245	5674214	32	1378	1409	7.18e-09	60.2	32
NZ_CAADMV010000498.1	NC_009656.1	100.000	630149	630178	30	1451	1480	9.29e-08	56.5	30
NZ_CAADMV010000501.1	NC_009656.1	98.066	2520269	2511856	8430	533	8957	0.0	14645	8267
NZ_CAADMV010000510.1	NC_009656.1	98.860	3023698	3021944	1755	1	1755	0.0	3131	1735
NZ_CAADMV010000524.1	NC_009656.1	100.000	3631567	3631596	30	6068	6097	3.87e-07	56.5	30
NZ_CAADMV010000524.1	NC_009656.1	100.000	2669935	2669908	28	1518	1545	5.01e-06	52.8	28
NZ_CAADMV010000530.1	NC_009656.1	100.000	454850	454882	33	1689	1721	2.42e-08	62.1	33
NZ_CAADMV010000531.1	NC_009656.1	100.000	1204650	1204622	29	5500	5528	1.26e-06	54.7	29
NZ_CAADMV010000531.1	NC_009656.1	100.000	1204770	1204742	29	5500	5528	1.26e-06	54.7	29
NZ_CAADMV010000531.1	NC_009656.1	100.000	1204589	1204562	28	5501	5528	4.54e-06	52.8	28
NZ_CAADMV010000542.1	NC_009656.1	100.000	207158	207193	36	2357	2392	1.49e-10	67.6	36
NZ_CAADMV010000542.1	NC_009656.1	100.000	4275848	4275878	31	2360	2390	8.95e-08	58.4	31
NZ_CAADMV010000545.1	NC_009656.1	100.000	5325971	5326000	30	1	30	5.63e-07	56.5	30
NZ_CAADMV010000550.1	NC_009656.1	100.000	2038208	2038237	30	14804	14833	9.44e-07	56.5	30
NZ_CAADMV010000550.1	NC_009656.1	100.000	2038500	2038528	29	14805	14833	3.40e-06	54.7	29
NZ_CAADMV010000551.1	NC_009656.1	98.228	5756988	5753094	3895	1	3895	0.0	6811	3826
NZ_CAADMV010000551.1	NC_009656.1	100.000	1009457	1009486	30	3185	3214	2.47e-07	56.5	30
NZ_CAADMV010000551.1	NC_009656.1	100.000	6517439	6517410	30	3866	3895	2.47e-07	56.5	30
NZ_CAADMV010000554.1	NC_009656.1	98.254	2883409	2882608	802	1	802	0.0	1404	788
NZ_CAADMV010000555.1	NC_009656.1	98.351	2319691	2321994	2304	1	2304	0.0	4045	2266
NZ_CAADMV010000555.1	NC_009656.1	100.000	3387642	3387614	29	1807	1835	7.87e-07	54.7	29
NZ_CAADMV010000561.1	NC_009656.1	99.395	1242136	1245934	3799	1	3799	0.0	6889	3776
NZ_CAADMV010000584.1	NC_009656.1	98.662	2811748	2810852	897	1	897	0.0	1591	885
NZ_CAADMV010000584.1	NC_009656.1	98.662	2824599	2823703	897	1	897	0.0	1591	885
NZ_CAADMV010000584.1	NC_009656.1	98.214	2826362	2826027	336	1	336	7.02e-168	588	330
NZ_CAADMV010000586.1	NC_009656.1	100.000	3189883	3189912	30	1	30	6.35e-07	56.5	30
NZ_CAADMV010000596.1	NC_009656.1	98.190	1727816	1728478	663	1	663	0.0	1158	651
NZ_CAADMV010000600.1	NC_009656.1	100.000	2813043	2813012	32	1	32	3.29e-09	60.2	32
NZ_CAADMV010000604.1	NC_009656.1	100.000	2359776	2359743	34	13413	13446	5.11e-09	63.9	34
NZ_CAADMV010000606.1	NC_009656.1	100.000	1890503	1890531	29	3133	3161	7.20e-07	54.7	29
NZ_CAADMV010000611.1	NC_009656.1	100.000	2888436	2888466	31	1	31	1.47e-07	58.4	31
NZ_CAADMV010000611.1	NC_009656.1	100.000	352261	352232	30	8273	8302	5.28e-07	56.5	30
NZ_CAADMV010000611.1	NC_009656.1	100.000	4926603	4926632	30	1	30	5.28e-07	56.5	30
NZ_CAADMV010000612.1	NC_009656.1	98.319	1593601	1593483	119	312	430	1.27e-53	209	117
NZ_CAADMV010000617.1	NC_009656.1	99.110	6231110	6230776	337	11262	11598	5.84e-172	604	334
NZ_CAADMV010000623.1	NC_009656.1	100.000	2993115	2993144	30	1	30	2.88e-07	56.5	30
NZ_CAADMV010000623.1	NC_009656.1	100.000	6056768	6056797	30	1	30	2.88e-07	56.5	30
NZ_CAADMV010000633.1	NC_009656.1	100.000	533592	533621	30	11847	11876	7.56e-07	56.5	30
NZ_CAADMV010000649.1	NC_009656.1	100.000	2572799	2572828	30	917	946	5.89e-08	56.5	30
NZ_CAADMV010000650.1	NC_009656.1	98.655	2993064	2991281	1785	1	1785	0.0	3162	1761
NZ_CAADMV010000655.1	NC_009656.1	100.000	5838935	5838963	29	1787	1815	7.79e-07	54.7	29
NZ_CAADMV010000670.1	NC_009656.1	100.000	4367247	4367277	31	342	372	8.22e-08	58.4	31
NZ_CAADMV010000672.1	NC_009656.1	99.015	4594503	4594705	203	3431	3633	1.08e-99	364	201
NZ_CAADMV010000676.1	NC_009656.1	100.000	4162871	4162900	30	1	30	1.03e-07	56.5	30
NZ_CAADMV010000701.1	NC_009656.1	100.000	3583926	3583958	33	1	33	2.88e-09	62.1	33
NZ_CAADMV010000701.1	NC_009656.1	100.000	2370349	2370378	30	1	30	1.34e-07	56.5	30
NZ_CAADMV010000701.1	NC_009656.1	100.000	5326191	5326162	30	1	30	1.34e-07	56.5	30
NZ_CAADMV010000701.1	NC_009656.1	100.000	5110450	5110423	28	2	29	1.73e-06	52.8	28
NZ_CAADMV010000701.1	NC_009656.1	100.000	5295054	5295027	28	2	29	1.73e-06	52.8	28
NZ_CAADMV010000707.1	NC_009656.1	98.080	5802872	5802300	573	1	573	0.0	998	562
NZ_CAADMV010000719.1	NC_009656.1	100.000	2768302	2768330	29	7536	7564	1.73e-06	54.7	29
NZ_CAADMV010000722.1	NC_009656.1	100.000	2269272	2269243	30	1	30	1.63e-07	56.5	30
NZ_CAADMV010000728.1	NC_009656.1	99.899	812056	811067	990	1	990	0.0	1823	989
NZ_CAADMV010000728.1	NC_009656.1	99.899	4983109	4984098	990	1	990	0.0	1823	989
NZ_CAADMV010000728.1	NC_009656.1	99.899	5566425	5567414	990	1	990	0.0	1823	989
NZ_CAADMV010000728.1	NC_009656.1	99.798	6353661	6354650	990	1	990	0.0	1818	988
NZ_CAADMV010000736.1	NC_009656.1	100.000	3927006	3926978	29	1528	1556	1.08e-06	54.7	29
NZ_CAADMV010000738.1	NC_009656.1	100.000	5782646	5782615	32	93	124	3.11e-08	60.2	32
NZ_CAADMV010000750.1	NC_009656.1	100.000	1054770	1054733	38	1	38	1.73e-12	71.3	38
NZ_CAADMV010000751.1	NC_009656.1	100.000	3793894	3793865	30	1851	1880	1.18e-07	56.5	30
NZ_CAADMV010000751.1	NC_009656.1	100.000	1730800	1730772	29	2	30	4.26e-07	54.7	29
NZ_CAADMV010000752.1	NC_009656.1	100.000	566112	566141	30	2978	3007	1.90e-07	56.5	30
NZ_CAADMV010000754.1	NC_009656.1	98.545	291125	292155	1031	1	1030	0.0	1820	1016
NZ_CAADMV010000755.1	NC_009656.1	98.447	2590087	2575532	14556	1	14555	0.0	25627	14330
NZ_CAADMV010000758.1	NC_009656.1	100.000	2370356	2370383	28	1	28	3.13e-06	52.8	28
NZ_CAADMV010000759.1	NC_009656.1	100.000	4826495	4826522	28	1	28	1.57e-06	52.8	28
NZ_CAADMV010000759.1	NC_009656.1	100.000	4926606	4926633	28	1	28	1.57e-06	52.8	28
NZ_CAADMV010000763.1	NC_009656.1	100.000	1706201	1706230	30	2720	2749	1.74e-07	56.5	30
NZ_CAADMV010000779.1	NC_009656.1	100.000	377639	377668	30	2725	2754	5.37e-07	56.5	30
NZ_CAADMV010000806.1	NC_009656.1	98.132	2809405	2810314	910	1	910	0.0	1587	893
NZ_CAADMV010000806.1	NC_009656.1	99.277	2822751	2823165	415	496	910	0.0	750	412
NZ_CAADMV010000806.1	NC_009656.1	98.095	2822667	2822771	105	1	105	2.49e-46	183	103
NZ_CAADMV010000817.1	NC_009656.1	98.434	3000395	2993121	7278	1	7276	0.0	12803	7164
NZ_CAADMV010000818.1	NC_009656.1	98.028	826940	816442	10499	1	10499	0.0	18242	10292
NZ_CAADMV010000825.1	NC_009656.1	100.000	5800091	5800062	30	5460	5489	3.48e-07	56.5	30
NZ_CAADMV010000825.1	NC_009656.1	100.000	6517407	6517436	30	5460	5489	3.48e-07	56.5	30
NZ_CAADMV010000828.1	NC_009656.1	98.527	216499	218738	2240	1	2240	0.0	3954	2207
NZ_CAADMV010000832.1	NC_009656.1	100.000	2813014	2813043	30	1105	1134	7.08e-08	56.5	30
NZ_CAADMV010000832.1	NC_009656.1	100.000	2831141	2831169	29	1106	1134	2.55e-07	54.7	29
NZ_CAADMV010000836.1	NC_009656.1	98.204	826911	830250	3340	1	3340	0.0	5836	3280
NZ_CAADMV010000839.1	NC_009656.1	100.000	1613976	1613945	32	1	32	1.79e-08	60.2	32
NZ_CAADMV010000842.1	NC_009656.1	98.727	2319719	2318777	943	1	943	0.0	1676	931
NZ_CAADMV010000844.1	NC_009656.1	100.000	4825284	4825314	31	2016	2046	3.59e-08	58.4	31
NZ_CAADMV010000844.1	NC_009656.1	100.000	2430417	2430388	30	2017	2046	1.29e-07	56.5	30
NZ_CAADMV010000844.1	NC_009656.1	100.000	2538380	2538408	29	2018	2046	4.64e-07	54.7	29
NZ_CAADMV010000844.1	NC_009656.1	100.000	4369993	4369965	29	2018	2046	4.64e-07	54.7	29
NZ_CAADMV010000844.1	NC_009656.1	100.000	4563263	4563235	29	2018	2046	4.64e-07	54.7	29
NZ_CAADMV010000844.1	NC_009656.1	100.000	4925396	4925424	29	2018	2046	4.64e-07	54.7	29
NZ_CAADMV010000844.1	NC_009656.1	100.000	6228621	6228649	29	2018	2046	4.64e-07	54.7	29
NZ_CAADMV010000854.1	NC_009656.1	98.818	4208718	4208127	592	1	592	0.0	1055	585
NZ_CAADMV010000866.1	NC_009656.1	100.000	1073829	1073856	28	728	755	1.47e-06	52.8	28
NZ_CAADMV010000868.1	NC_009656.1	100.000	2917956	2917918	39	954	992	1.63e-12	73.1	39
NZ_CAADMV010000898.1	NC_009656.1	99.064	1239571	1242134	2564	1	2564	0.0	4602	2540
NZ_CAADMV010000900.1	NC_009656.1	98.262	3515779	3518711	2934	1	2934	0.0	5134	2883
NZ_CAADMV010000902.1	NC_009656.1	99.118	2824869	2825775	907	1	907	0.0	1631	899
NZ_CAADMV010000912.1	NC_009656.1	100.000	540782	540811	30	1	30	1.09e-07	56.5	30
NZ_CAADMV010000918.1	NC_009656.1	98.076	3014122	3009656	4471	1559	6028	0.0	7775	4385
NZ_CAADMV010000921.1	NC_009656.1	98.119	584571	583881	691	1	691	0.0	1205	678
NZ_CAADMV010000930.1	NC_009656.1	100.000	545663	545692	30	1	30	2.01e-07	56.5	30
NZ_CAADMV010000930.1	NC_009656.1	100.000	857792	857764	29	1803	1831	7.23e-07	54.7	29
NZ_CAADMV010000939.1	NC_009656.1	100.000	6195251	6195222	30	1	30	5.40e-08	56.5	30
NZ_CAADMV010000944.1	NC_009656.1	100.000	2829749	2829716	34	623	656	2.41e-10	63.9	34
NZ_CAADMV010000944.1	NC_009656.1	100.000	56286	56254	33	624	656	8.68e-10	62.1	33
NZ_CAADMV010000944.1	NC_009656.1	100.000	2834565	2834533	33	624	656	8.68e-10	62.1	33
NZ_CAADMV010000944.1	NC_009656.1	100.000	2813018	2813047	30	627	656	4.04e-08	56.5	30
NZ_CAADMV010000944.1	NC_009656.1	100.000	2831144	2831173	30	627	656	4.04e-08	56.5	30
NZ_CAADMV010000950.1	NC_009656.1	98.860	477320	478459	1140	1	1140	0.0	2034	1127
NZ_CAADMV010000963.1	NC_009656.1	100.000	1730799	1730768	32	1	32	7.20e-09	60.2	32
NZ_CAADMV010000964.1	NC_009656.1	100.000	2078354	2078326	29	2248	2276	5.17e-07	54.7	29
NZ_CAADMV010000967.1	NC_009656.1	98.884	3914848	3913506	1344	4	1347	0.0	2398	1329
NZ_CAADMV010000969.1	NC_009656.1	98.444	198385	199284	900	1	900	0.0	1585	886
NZ_CAADMV010000970.1	NC_009656.1	98.044	2878820	2879688	869	1	869	0.0	1511	852
NZ_CAADMV010000971.1	NC_009656.1	98.740	2883408	2884042	635	1	635	0.0	1129	627
NZ_CAADMV010000971.1	NC_009656.1	100.000	1204621	1204650	30	2028	2057	1.30e-07	56.5	30
NZ_CAADMV010000971.1	NC_009656.1	100.000	1204741	1204770	30	2028	2057	1.30e-07	56.5	30
NZ_CAADMV010000971.1	NC_009656.1	100.000	2887115	2887144	30	2028	2057	1.30e-07	56.5	30
NZ_CAADMV010000971.1	NC_009656.1	100.000	1204561	1204589	29	2028	2056	4.66e-07	54.7	29
NZ_CAADMV010000971.1	NC_009656.1	100.000	2886994	2887022	29	2027	2055	4.66e-07	54.7	29
NZ_CAADMV010000971.1	NC_009656.1	100.000	2887054	2887082	29	2027	2055	4.66e-07	54.7	29
NZ_CAADMV010000971.1	NC_009656.1	100.000	1204801	1204828	28	2028	2055	1.68e-06	52.8	28
NZ_CAADMV010000971.1	NC_009656.1	100.000	2887175	2887202	28	2028	2055	1.68e-06	52.8	28
NZ_CAADMV010000972.1	NC_009656.1	98.785	2768331	2766603	1729	1	1729	0.0	3077	1708
NZ_CAADMV010000972.1	NC_009656.1	100.000	540787	540816	30	1	30	1.09e-07	56.5	30
NZ_CAADMV010000975.1	NC_009656.1	100.000	6228622	6228287	336	919	1254	6.17e-178	621	336
NZ_CAADMV010000982.1	NC_009656.1	98.341	319077	317390	1688	1	1688	0.0	2963	1660
NZ_CAADMV010000984.1	NC_009656.1	100.000	3934846	3934817	30	1	30	6.55e-08	56.5	30
NZ_CAADMV010000984.1	NC_009656.1	100.000	3934922	3934893	30	1021	1050	6.55e-08	56.5	30
NZ_CAADMV010000991.1	NC_009656.1	98.073	400179	397222	2958	1	2958	0.0	5147	2901
NZ_CAADMV010000992.1	NC_009656.1	98.648	400275	401901	1627	1	1627	0.0	2883	1605
NZ_CAADMV010000994.1	NC_009656.1	100.000	941385	941358	28	1012	1039	8.39e-07	52.8	28
NZ_CAADMV010000994.1	NC_009656.1	100.000	1088056	1088029	28	1012	1039	8.39e-07	52.8	28
NZ_CAADMV010000994.1	NC_009656.1	100.000	5609813	5609786	28	1012	1039	8.39e-07	52.8	28
NZ_CAADMV010000994.1	NC_009656.1	100.000	6056792	6056765	28	1012	1039	8.39e-07	52.8	28
NZ_CAADMV010000994.1	NC_009656.1	100.000	6498314	6498287	28	1012	1039	8.39e-07	52.8	28
NZ_CAADMV010001018.1	NC_009656.1	99.861	3172424	3173141	718	1	718	0.0	1321	717
NZ_CAADMV010001019.1	NC_009656.1	99.805	3174290	3173267	1024	1	1024	0.0	1881	1022
NZ_CAADMV010001020.1	NC_009656.1	100.000	2370352	2370381	30	778	807	5.00e-08	56.5	30
NZ_CAADMV010001026.1	NC_009656.1	100.000	5089631	5089659	29	1094	1122	2.52e-07	54.7	29
NZ_CAADMV010001032.1	NC_009656.1	100.000	3874022	3873989	34	660	693	2.55e-10	63.9	34
NZ_CAADMV010001033.1	NC_009656.1	100.000	3400277	3400305	29	2	30	2.00e-07	54.7	29
NZ_CAADMV010001038.1	NC_009656.1	100.000	2746768	2746739	30	973	1002	6.24e-08	56.5	30
NZ_CAADMV010001042.1	NC_009656.1	98.628	2991308	2988467	2842	1	2842	0.0	5033	2803
NZ_CAADMV010001045.1	NC_009656.1	100.000	6580599	6580569	31	604	634	1.56e-08	58.4	31
NZ_CAADMV010001046.1	NC_009656.1	100.000	3737626	3737655	30	1	30	6.06e-08	56.5	30
NZ_CAADMV010001051.1	NC_009656.1	100.000	2819329	2819293	37	683	719	6.36e-12	69.4	37
NZ_CAADMV010001052.1	NC_009656.1	100.000	6056792	6056765	28	1144	1171	9.48e-07	52.8	28
NZ_CAADMV010001052.1	NC_009656.1	100.000	6498314	6498287	28	1144	1171	9.48e-07	52.8	28
NZ_CAADMV010001058.1	NC_009656.1	99.785	3174263	3175191	929	1	929	0.0	1705	927
NZ_CAADMV010001058.1	NC_009656.1	100.000	3176518	3176557	40	920	959	1.82e-13	75.0	40
NZ_CAADMV010001058.1	NC_009656.1	100.000	3138595	3138631	37	957	993	8.46e-12	69.4	37
NZ_CAADMV010001067.1	NC_009656.1	100.000	478460	478431	30	1521	1550	9.73e-08	56.5	30
NZ_CAADMV010001067.1	NC_009656.1	100.000	6520059	6520030	30	1521	1550	9.73e-08	56.5	30
NZ_CAADMV010001071.1	NC_009656.1	100.000	5270168	5270197	30	587	616	3.79e-08	56.5	30
NZ_CAADMV010001078.1	NC_009656.1	98.920	6229954	6230785	833	1	833	0.0	1487	824
NZ_CAADMV010001085.1	NC_009656.1	100.000	1934652	1934681	30	1	30	4.80e-08	56.5	30
NZ_CAADMV010001091.1	NC_009656.1	100.000	2831141	2831170	30	739	768	4.75e-08	56.5	30
