NZ_CAADMM010000004.1	NC_009656.1	100.000	4728076	4728105	30	1	30	9.78e-07	56.5	30
NZ_CAADMM010000004.1	NC_009656.1	100.000	5587600	5587627	28	15339	15366	1.27e-05	52.8	28
NZ_CAADMM010000005.1	NC_009656.1	100.000	111880	111852	29	1442	1470	3.32e-07	54.7	29
NZ_CAADMM010000006.1	NC_009656.1	100.000	1113485	1113456	30	6530	6559	4.17e-07	56.5	30
NZ_CAADMM010000007.1	NC_009656.1	100.000	2029243	2004898	24346	1	24346	0.0	44959	24346
NZ_CAADMM010000008.1	NC_009656.1	100.000	5497562	5497591	30	11211	11240	7.15e-07	56.5	30
NZ_CAADMM010000008.1	NC_009656.1	100.000	5512539	5512510	30	11211	11240	7.15e-07	56.5	30
NZ_CAADMM010000014.1	NC_009656.1	100.000	2717949	2717918	32	62253	62284	3.07e-07	60.2	32
NZ_CAADMM010000014.1	NC_009656.1	100.000	2889342	2889313	30	62255	62284	3.97e-06	56.5	30
NZ_CAADMM010000014.1	NC_009656.1	100.000	878960	878988	29	62256	62284	1.43e-05	54.7	29
NZ_CAADMM010000016.1	NC_009656.1	100.000	878990	878961	30	3111	3140	1.99e-07	56.5	30
NZ_CAADMM010000016.1	NC_009656.1	100.000	1593776	1593803	28	3113	3140	2.57e-06	52.8	28
NZ_CAADMM010000016.1	NC_009656.1	100.000	2717918	2717945	28	3113	3140	2.57e-06	52.8	28
NZ_CAADMM010000016.1	NC_009656.1	100.000	2889313	2889340	28	3113	3140	2.57e-06	52.8	28
NZ_CAADMM010000017.1	NC_009656.1	100.000	4563265	4563236	30	4226	4255	2.70e-07	56.5	30
NZ_CAADMM010000017.1	NC_009656.1	100.000	2538379	2538407	29	4227	4255	9.70e-07	54.7	29
NZ_CAADMM010000017.1	NC_009656.1	100.000	2430416	2430389	28	4228	4255	3.49e-06	52.8	28
NZ_CAADMM010000017.1	NC_009656.1	100.000	2887230	2887257	28	4228	4255	3.49e-06	52.8	28
NZ_CAADMM010000017.1	NC_009656.1	100.000	4369993	4369966	28	4228	4255	3.49e-06	52.8	28
NZ_CAADMM010000017.1	NC_009656.1	100.000	4825286	4825313	28	4228	4255	3.49e-06	52.8	28
NZ_CAADMM010000017.1	NC_009656.1	100.000	4925396	4925423	28	4228	4255	3.49e-06	52.8	28
NZ_CAADMM010000019.1	NC_009656.1	100.000	3966418	3966447	30	1	30	2.24e-06	56.5	30
NZ_CAADMM010000019.1	NC_009656.1	100.000	5110450	5110423	28	5612	5639	2.89e-05	52.8	28
NZ_CAADMM010000020.1	NC_009656.1	100.000	4728212	4728240	29	16025	16053	3.68e-06	54.7	29
NZ_CAADMM010000021.1	NC_009656.1	99.988	6232487	6249358	16872	21950	38821	0.0	31146	16870
NZ_CAADMM010000021.1	NC_009656.1	100.000	6231111	6231152	42	21910	21951	5.28e-13	78.7	42
NZ_CAADMM010000022.1	NC_009656.1	100.000	4369964	4369994	31	1	31	9.06e-07	58.4	31
NZ_CAADMM010000022.1	NC_009656.1	100.000	6228650	6228620	31	1	31	9.06e-07	58.4	31
NZ_CAADMM010000022.1	NC_009656.1	100.000	2430387	2430416	30	1	30	3.26e-06	56.5	30
NZ_CAADMM010000022.1	NC_009656.1	100.000	2538409	2538380	30	1	30	3.26e-06	56.5	30
NZ_CAADMM010000022.1	NC_009656.1	100.000	4563234	4563263	30	1	30	3.26e-06	56.5	30
NZ_CAADMM010000022.1	NC_009656.1	100.000	4925425	4925396	30	1	30	3.26e-06	56.5	30
NZ_CAADMM010000029.1	NC_009656.1	98.485	4150289	4150354	66	5055	5120	2.12e-25	117	65
NZ_CAADMM010000032.1	NC_009656.1	100.000	1203654	1203624	31	11162	11192	1.98e-07	58.4	31
NZ_CAADMM010000032.1	NC_009656.1	100.000	4223434	4223463	30	1	30	7.12e-07	56.5	30
NZ_CAADMM010000035.1	NC_009656.1	100.000	1054791	1054820	30	1	30	1.08e-06	56.5	30
NZ_CAADMM010000040.1	NC_009656.1	100.000	3189912	3189883	30	8072	8101	5.15e-07	56.5	30
NZ_CAADMM010000043.1	NC_009656.1	100.000	5325799	5325827	29	1	29	9.28e-06	54.7	29
NZ_CAADMM010000044.1	NC_009656.1	100.000	1254881	1254852	30	17023	17052	1.09e-06	56.5	30
NZ_CAADMM010000047.1	NC_009656.1	100.000	21361	21334	28	8472	8499	2.35e-05	52.8	28
NZ_CAADMM010000048.1	NC_009656.1	100.000	2520161	2520132	30	1	30	1.05e-06	56.5	30
NZ_CAADMM010000054.1	NC_009656.1	100.000	377668	377639	30	28730	28759	2.50e-06	56.5	30
NZ_CAADMM010000055.1	NC_009656.1	100.000	139981	139953	29	37973	38001	8.71e-06	54.7	29
NZ_CAADMM010000056.1	NC_009656.1	100.000	533592	533621	30	49013	49042	3.13e-06	56.5	30
NZ_CAADMM010000056.1	NC_009656.1	100.000	3794409	3794381	29	5105	5133	1.12e-05	54.7	29
NZ_CAADMM010000058.1	NC_009656.1	100.000	251363	251390	28	1	28	4.58e-06	52.8	28
NZ_CAADMM010000059.1	NC_009656.1	100.000	2359776	2359747	30	13597	13626	8.67e-07	56.5	30
NZ_CAADMM010000065.1	NC_009656.1	100.000	3932484	3932511	28	1	28	8.76e-06	52.8	28
NZ_CAADMM010000068.1	NC_009656.1	100.000	2768302	2768330	29	64822	64850	1.49e-05	54.7	29
NZ_CAADMM010000076.1	NC_009656.1	100.000	5831055	5831026	30	1	30	1.43e-06	56.5	30
NZ_CAADMM010000081.1	NC_009656.1	100.000	2299174	2299145	30	1	30	1.84e-06	56.5	30
NZ_CAADMM010000082.1	NC_009656.1	100.000	2321497	2321525	29	3484	3512	1.77e-06	54.7	29
NZ_CAADMM010000083.1	NC_009656.1	99.296	4603271	4630107	26840	1	26840	0.0	48514	26651
NZ_CAADMM010000084.1	NC_009656.1	99.675	4592127	4601669	9546	1	9544	0.0	17451	9515
NZ_CAADMM010000084.1	NC_009656.1	98.333	4602956	4603015	60	9572	9631	6.00e-22	106	59
NZ_CAADMM010000094.1	NC_009656.1	100.000	1181161	1181194	34	3215	3248	2.94e-09	63.9	34
NZ_CAADMM010000103.1	NC_009656.1	100.000	3582517	3582546	30	1	30	1.45e-06	56.5	30
NZ_CAADMM010000106.1	NC_009656.1	100.000	381450	381421	30	20791	20820	1.33e-06	56.5	30
NZ_CAADMM010000108.1	NC_009656.1	100.000	4278405	4278434	30	1	30	5.35e-07	56.5	30
NZ_CAADMM010000109.1	NC_009656.1	98.283	832947	848608	15665	1	15661	0.0	27431	15396
NZ_CAADMM010000109.1	NC_009656.1	98.387	816442	816503	62	1	62	7.55e-23	110	61
NZ_CAADMM010000111.1	NC_009656.1	100.000	2882630	2882601	30	1	30	1.89e-07	56.5	30
NZ_CAADMM010000114.1	NC_009656.1	100.000	2078326	2078354	29	1	29	2.40e-06	54.7	29
NZ_CAADMM010000115.1	NC_009656.1	100.000	4646285	4644943	1343	1	1343	0.0	2481	1343
NZ_CAADMM010000118.1	NC_009656.1	100.000	5782646	5782615	32	11278	11309	8.62e-08	60.2	32
NZ_CAADMM010000118.1	NC_009656.1	100.000	2102715	2102744	30	1	30	1.12e-06	56.5	30
NZ_CAADMM010000120.1	NC_009656.1	100.000	103479	103451	29	6706	6734	4.26e-06	54.7	29
NZ_CAADMM010000123.1	NC_009656.1	100.000	1567269	1567298	30	9115	9144	5.81e-07	56.5	30
NZ_CAADMM010000123.1	NC_009656.1	100.000	5753094	5753123	30	1	30	5.81e-07	56.5	30
NZ_CAADMM010000128.1	NC_009656.1	100.000	5089639	5089668	30	1	30	6.78e-07	56.5	30
NZ_CAADMM010000129.1	NC_009656.1	99.987	6250886	6258565	7680	2382	10061	0.0	14177	7679
NZ_CAADMM010000129.1	NC_009656.1	100.000	6250416	6250889	474	893	1366	0.0	876	474
NZ_CAADMM010000129.1	NC_009656.1	100.000	6250105	6250417	313	1	313	3.08e-164	579	313
NZ_CAADMM010000129.1	NC_009656.1	100.000	94210	94238	29	10060	10088	2.31e-06	54.7	29
NZ_CAADMM010000131.1	NC_009656.1	99.971	4630902	4644712	13811	1	13811	0.0	25483	13807
NZ_CAADMM010000133.1	NC_009656.1	100.000	1593780	1593807	28	1	28	2.38e-05	52.8	28
NZ_CAADMM010000133.1	NC_009656.1	100.000	2889317	2889344	28	1	28	2.38e-05	52.8	28
NZ_CAADMM010000138.1	NC_009656.1	100.000	4563236	4563265	30	1	30	1.67e-06	56.5	30
NZ_CAADMM010000138.1	NC_009656.1	100.000	2538407	2538379	29	1	29	6.01e-06	54.7	29
NZ_CAADMM010000138.1	NC_009656.1	100.000	2430389	2430416	28	1	28	2.16e-05	52.8	28
NZ_CAADMM010000138.1	NC_009656.1	100.000	2887257	2887230	28	1	28	2.16e-05	52.8	28
NZ_CAADMM010000138.1	NC_009656.1	100.000	4369966	4369993	28	1	28	2.16e-05	52.8	28
NZ_CAADMM010000138.1	NC_009656.1	100.000	4825313	4825286	28	1	28	2.16e-05	52.8	28
NZ_CAADMM010000138.1	NC_009656.1	100.000	4925423	4925396	28	1	28	2.16e-05	52.8	28
NZ_CAADMM010000138.1	NC_009656.1	100.000	6228648	6228621	28	1	28	2.16e-05	52.8	28
NZ_CAADMM010000144.1	NC_009656.1	100.000	3447902	3447875	28	36670	36697	7.91e-05	52.8	28
NZ_CAADMM010000146.1	NC_009656.1	100.000	6397271	6397298	28	3788	3815	1.29e-05	52.8	28
NZ_CAADMM010000148.1	NC_009656.1	99.219	2833853	2833980	128	30	157	9.26e-61	231	127
NZ_CAADMM010000149.1	NC_009656.1	100.000	5270206	5270177	30	5671	5700	3.62e-07	56.5	30
NZ_CAADMM010000151.1	NC_009656.1	100.000	5838935	5838963	29	28398	28426	6.70e-06	54.7	29
NZ_CAADMM010000152.1	NC_009656.1	98.335	4835927	4830525	5404	9254	14655	0.0	9478	5314
NZ_CAADMM010000153.1	NC_009656.1	98.057	5103126	5104309	1184	5112	6295	0.0	2060	1161
NZ_CAADMM010000153.1	NC_009656.1	100.000	5221098	5221132	35	6261	6295	1.66e-09	65.8	35
NZ_CAADMM010000155.1	NC_009656.1	100.000	525172	525205	34	24442	24475	9.32e-09	63.9	34
NZ_CAADMM010000155.1	NC_009656.1	100.000	509837	509810	28	6538	6565	2.02e-05	52.8	28
NZ_CAADMM010000157.1	NC_009656.1	100.000	1593780	1593807	28	1	28	1.47e-05	52.8	28
NZ_CAADMM010000157.1	NC_009656.1	100.000	2889317	2889344	28	1	28	1.47e-05	52.8	28
NZ_CAADMM010000159.1	NC_009656.1	100.000	3927006	3926978	29	1567	1595	1.40e-06	54.7	29
NZ_CAADMM010000160.1	NC_009656.1	100.000	454851	454880	30	7170	7199	4.57e-07	56.5	30
NZ_CAADMM010000161.1	NC_009656.1	100.000	4825284	4825315	32	8911	8942	4.40e-08	60.2	32
NZ_CAADMM010000161.1	NC_009656.1	100.000	2430417	2430387	31	8912	8942	1.58e-07	58.4	31
NZ_CAADMM010000161.1	NC_009656.1	100.000	2538380	2538409	30	8913	8942	5.69e-07	56.5	30
NZ_CAADMM010000161.1	NC_009656.1	100.000	2887230	2887259	30	8913	8942	5.69e-07	56.5	30
NZ_CAADMM010000161.1	NC_009656.1	100.000	4369993	4369964	30	8913	8942	5.69e-07	56.5	30
NZ_CAADMM010000161.1	NC_009656.1	100.000	4563263	4563234	30	8913	8942	5.69e-07	56.5	30
NZ_CAADMM010000161.1	NC_009656.1	100.000	4925396	4925425	30	8913	8942	5.69e-07	56.5	30
NZ_CAADMM010000161.1	NC_009656.1	100.000	6228621	6228650	30	8913	8942	5.69e-07	56.5	30
NZ_CAADMM010000162.1	NC_009656.1	98.535	52900	51468	1433	805	2237	0.0	2531	1412
NZ_CAADMM010000162.1	NC_009656.1	98.032	2818378	2817313	1067	788	1854	0.0	1853	1046
NZ_CAADMM010000165.1	NC_009656.1	98.460	4858307	4852144	6169	14645	20813	0.0	10861	6074
NZ_CAADMM010000165.1	NC_009656.1	100.000	1203651	1203622	30	1	30	1.33e-06	56.5	30
NZ_CAADMM010000172.1	NC_009656.1	98.437	3021829	3019720	2111	1	2109	0.0	3712	2078
NZ_CAADMM010000172.1	NC_009656.1	100.000	3002256	3002227	30	1	30	1.34e-07	56.5	30
NZ_CAADMM010000173.1	NC_009656.1	100.000	5089631	5089660	30	20592	20621	1.31e-06	56.5	30
NZ_CAADMM010000181.1	NC_009656.1	100.000	2889345	2889318	28	6014	6041	4.96e-06	52.8	28
NZ_CAADMM010000189.1	NC_009656.1	100.000	4368757	4368786	30	7223	7252	4.61e-07	56.5	30
NZ_CAADMM010000189.1	NC_009656.1	100.000	2888465	2888437	29	7224	7252	1.66e-06	54.7	29
NZ_CAADMM010000189.1	NC_009656.1	100.000	4826521	4826493	29	7224	7252	1.66e-06	54.7	29
NZ_CAADMM010000189.1	NC_009656.1	100.000	4926632	4926604	29	7224	7252	1.66e-06	54.7	29
NZ_CAADMM010000190.1	NC_009656.1	98.715	2981575	2973717	7859	1	7858	0.0	13952	7758
NZ_CAADMM010000193.1	NC_009656.1	100.000	6298926	6298955	30	1	30	5.37e-07	56.5	30
NZ_CAADMM010000199.1	NC_009656.1	100.000	5800062	5800091	30	1	30	9.02e-07	56.5	30
NZ_CAADMM010000199.1	NC_009656.1	100.000	6517436	6517407	30	1	30	9.02e-07	56.5	30
NZ_CAADMM010000200.1	NC_009656.1	100.000	1763197	1763165	33	316	348	1.32e-08	62.1	33
NZ_CAADMM010000201.1	NC_009656.1	99.399	5566425	5571733	5326	1	5326	0.0	9642	5294
NZ_CAADMM010000201.1	NC_009656.1	99.380	4983109	4988417	5326	1	5326	0.0	9636	5293
NZ_CAADMM010000201.1	NC_009656.1	99.362	812056	806748	5326	1	5326	0.0	9631	5292
NZ_CAADMM010000201.1	NC_009656.1	99.362	6353661	6358969	5326	1	5326	0.0	9631	5292
NZ_CAADMM010000204.1	NC_009656.1	100.000	5326191	5326161	31	26694	26724	4.73e-07	58.4	31
NZ_CAADMM010000204.1	NC_009656.1	100.000	3583926	3583955	30	26694	26723	1.70e-06	56.5	30
NZ_CAADMM010000204.1	NC_009656.1	100.000	5295054	5295027	28	26695	26722	2.20e-05	52.8	28
NZ_CAADMM010000208.1	NC_009656.1	100.000	6526508	6526479	30	1	30	5.02e-07	56.5	30
NZ_CAADMM010000212.1	NC_009656.1	100.000	630183	630154	30	29324	29353	1.87e-06	56.5	30
NZ_CAADMM010000216.1	NC_009656.1	100.000	6580599	6580572	28	477	504	3.98e-07	52.8	28
NZ_CAADMM010000229.1	NC_009656.1	100.000	3631481	3631511	31	1	31	3.35e-07	58.4	31
NZ_CAADMM010000231.1	NC_009656.1	98.348	584571	583543	1029	1	1029	0.0	1807	1012
NZ_CAADMM010000250.1	NC_009656.1	100.000	6520030	6520058	29	10755	10783	2.47e-06	54.7	29
NZ_CAADMM010000256.1	NC_009656.1	100.000	566142	566114	29	13692	13720	4.62e-06	54.7	29
NZ_CAADMM010000262.1	NC_009656.1	100.000	55530	55501	30	1	30	5.43e-08	56.5	30
NZ_CAADMM010000262.1	NC_009656.1	100.000	2813059	2813030	30	1	30	5.43e-08	56.5	30
NZ_CAADMM010000262.1	NC_009656.1	100.000	2831185	2831156	30	1	30	5.43e-08	56.5	30
NZ_CAADMM010000263.1	NC_009656.1	100.000	2993144	2993115	30	13894	13923	8.86e-07	56.5	30
NZ_CAADMM010000263.1	NC_009656.1	100.000	6056797	6056768	30	13894	13923	8.86e-07	56.5	30
NZ_CAADMM010000265.1	NC_009656.1	98.134	2319691	2321994	2304	1	2304	0.0	4017	2261
NZ_CAADMM010000265.1	NC_009656.1	100.000	3387642	3387614	29	1807	1835	5.93e-06	54.7	29
NZ_CAADMM010000270.1	NC_009656.1	100.000	1730797	1730770	28	1	28	3.57e-06	52.8	28
NZ_CAADMM010000271.1	NC_009656.1	100.000	1254839	1254868	30	4878	4907	3.11e-07	56.5	30
NZ_CAADMM010000271.1	NC_009656.1	100.000	2768330	2768302	29	1	29	1.12e-06	54.7	29
NZ_CAADMM010000274.1	NC_009656.1	100.000	537655	537623	33	4028	4060	9.84e-09	62.1	33
NZ_CAADMM010000278.1	NC_009656.1	100.000	1890503	1890531	29	3133	3161	5.09e-06	54.7	29
NZ_CAADMM010000278.1	NC_009656.1	100.000	6498307	6498280	28	1	28	1.83e-05	52.8	28
NZ_CAADMM010000279.1	NC_009656.1	100.000	2004910	1981755	23156	1	23156	0.0	42762	23156
NZ_CAADMM010000279.1	NC_009656.1	100.000	2002653	2002682	30	2229	2258	1.47e-06	56.5	30
NZ_CAADMM010000284.1	NC_009656.1	98.147	5758867	5753094	5774	5017	10784	0.0	10065	5667
NZ_CAADMM010000284.1	NC_009656.1	100.000	1009457	1009486	30	10074	10103	6.86e-07	56.5	30
NZ_CAADMM010000284.1	NC_009656.1	100.000	6517439	6517410	30	10755	10784	6.86e-07	56.5	30
NZ_CAADMM010000284.1	NC_009656.1	100.000	1730773	1730800	28	1	28	8.87e-06	52.8	28
NZ_CAADMM010000295.1	NC_009656.1	100.000	3725240	3725269	30	12378	12407	8.28e-07	56.5	30
NZ_CAADMM010000297.1	NC_009656.1	98.041	2539747	2543320	3574	1	3574	0.0	6213	3504
NZ_CAADMM010000300.1	NC_009656.1	99.739	3175191	3170213	4979	24053	29031	0.0	9123	4966
NZ_CAADMM010000302.1	NC_009656.1	100.000	2892874	2892845	30	1	30	2.01e-06	56.5	30
NZ_CAADMM010000308.1	NC_009656.1	100.000	540782	540811	30	1	30	3.30e-07	56.5	30
NZ_CAADMM010000312.1	NC_009656.1	100.000	5587599	5587627	29	5694	5722	1.31e-06	54.7	29
NZ_CAADMM010000313.1	NC_009656.1	100.000	4659312	4659340	29	2947	2975	6.77e-07	54.7	29
NZ_CAADMM010000320.1	NC_009656.1	100.000	5089664	5089635	30	1	30	6.95e-07	56.5	30
NZ_CAADMM010000326.1	NC_009656.1	98.333	717949	717831	120	180	298	9.36e-53	209	118
NZ_CAADMM010000330.1	NC_009656.1	100.000	5169524	5169553	30	1075	1104	1.15e-06	56.5	30
NZ_CAADMM010000331.1	NC_009656.1	100.000	4111419	4111448	30	1	30	5.36e-07	56.5	30
NZ_CAADMM010000332.1	NC_009656.1	100.000	139952	139984	33	1	33	1.16e-08	62.1	33
NZ_CAADMM010000334.1	NC_009656.1	100.000	2497716	2497689	28	2337	2364	1.07e-05	52.8	28
NZ_CAADMM010000336.1	NC_009656.1	98.800	218738	216489	2250	1	2250	0.0	4006	2223
NZ_CAADMM010000339.1	NC_009656.1	100.000	1900404	1900375	30	17742	17771	1.13e-06	56.5	30
NZ_CAADMM010000343.1	NC_009656.1	100.000	6056792	6056765	28	1804	1831	1.49e-06	52.8	28
NZ_CAADMM010000343.1	NC_009656.1	100.000	6498314	6498287	28	1804	1831	1.49e-06	52.8	28
NZ_CAADMM010000348.1	NC_009656.1	98.387	488635	492100	3472	3216	6686	0.0	6095	3416
NZ_CAADMM010000348.1	NC_009656.1	98.029	478431	481626	3196	1	3196	0.0	5553	3133
NZ_CAADMM010000348.1	NC_009656.1	100.000	1791551	1791580	30	1	30	4.25e-07	56.5	30
NZ_CAADMM010000350.1	NC_009656.1	100.000	4589995	4589967	29	37	65	1.20e-06	54.7	29
NZ_CAADMM010000350.1	NC_009656.1	100.000	4590109	4590081	29	37	65	1.20e-06	54.7	29
NZ_CAADMM010000354.1	NC_009656.1	100.000	2781582	2781553	30	1316	1345	8.43e-08	56.5	30
NZ_CAADMM010000356.1	NC_009656.1	100.000	3038642	3038685	44	1	44	6.91e-15	82.4	44
NZ_CAADMM010000360.1	NC_009656.1	100.000	1934683	1934655	29	6917	6945	1.59e-06	54.7	29
NZ_CAADMM010000363.1	NC_009656.1	98.697	55668	56281	614	1	614	0.0	1090	606
NZ_CAADMM010000363.1	NC_009656.1	98.270	2833983	2834560	578	37	614	0.0	1013	568
NZ_CAADMM010000363.1	NC_009656.1	99.744	2813197	2813587	391	1	391	0.0	717	390
NZ_CAADMM010000363.1	NC_009656.1	98.721	2831323	2831713	391	1	391	0.0	695	386
NZ_CAADMM010000363.1	NC_009656.1	100.000	2813049	2813020	30	585	614	3.78e-08	56.5	30
NZ_CAADMM010000363.1	NC_009656.1	100.000	2831175	2831146	30	585	614	3.78e-08	56.5	30
NZ_CAADMM010000363.1	NC_009656.1	100.000	2829715	2829743	29	586	614	1.36e-07	54.7	29
NZ_CAADMM010000366.1	NC_009656.1	100.000	2390591	2390620	30	7062	7091	4.51e-07	56.5	30
NZ_CAADMM010000366.1	NC_009656.1	100.000	2390752	2390780	29	7063	7091	1.62e-06	54.7	29
NZ_CAADMM010000368.1	NC_009656.1	100.000	545692	545663	30	11134	11163	7.10e-07	56.5	30
NZ_CAADMM010000368.1	NC_009656.1	100.000	857764	857792	29	9333	9361	2.55e-06	54.7	29
NZ_CAADMM010000372.1	NC_009656.1	98.195	4059086	4055653	3434	1	3434	0.0	5999	3372
NZ_CAADMM010000374.1	NC_009656.1	98.612	2768331	2766603	1729	1	1729	0.0	3061	1705
NZ_CAADMM010000374.1	NC_009656.1	100.000	540787	540816	30	1	30	1.09e-07	56.5	30
NZ_CAADMM010000376.1	NC_009656.1	100.000	3471854	3471885	32	1208	1239	6.00e-09	60.2	32
NZ_CAADMM010000379.1	NC_009656.1	100.000	1262272	1262302	31	1	31	2.06e-07	58.4	31
NZ_CAADMM010000389.1	NC_009656.1	98.810	2546705	2543344	3362	1	3362	0.0	5987	3322
NZ_CAADMM010000391.1	NC_009656.1	98.035	830998	816442	14558	1	14557	0.0	25298	14272
NZ_CAADMM010000402.1	NC_009656.1	100.000	1558048	1558077	30	1	30	8.79e-08	56.5	30
NZ_CAADMM010000402.1	NC_009656.1	100.000	5798839	5798868	30	1186	1215	8.79e-08	56.5	30
NZ_CAADMM010000404.1	NC_009656.1	100.000	3490091	3490062	30	2947	2976	1.88e-07	56.5	30
NZ_CAADMM010000424.1	NC_009656.1	100.000	2889318	2889345	28	1	28	3.91e-06	52.8	28
NZ_CAADMM010000425.1	NC_009656.1	100.000	4775712	4775739	28	13426	13453	1.11e-05	52.8	28
NZ_CAADMM010000426.1	NC_009656.1	100.000	207193	207158	36	7427	7462	2.72e-10	67.6	36
NZ_CAADMM010000426.1	NC_009656.1	100.000	4275878	4275848	31	7429	7459	1.64e-07	58.4	31
NZ_CAADMM010000427.1	NC_009656.1	100.000	5306028	5305947	82	3207	3288	7.72e-36	152	82
NZ_CAADMM010000427.1	NC_009656.1	100.000	3583927	3583954	28	3295	3322	8.05e-06	52.8	28
NZ_CAADMM010000432.1	NC_009656.1	98.577	2993121	3002256	9137	1	9137	0.0	16151	9007
NZ_CAADMM010000434.1	NC_009656.1	100.000	478431	478460	30	1	30	8.78e-07	56.5	30
NZ_CAADMM010000434.1	NC_009656.1	100.000	6520030	6520059	30	1	30	8.78e-07	56.5	30
NZ_CAADMM010000437.1	NC_009656.1	99.737	3162495	3170112	7619	147	7763	0.0	13956	7599
NZ_CAADMM010000438.1	NC_009656.1	100.000	1699769	1699797	29	4452	4480	1.09e-06	54.7	29
NZ_CAADMM010000450.1	NC_009656.1	100.000	2038258	2038287	30	1	30	9.86e-07	56.5	30
NZ_CAADMM010000450.1	NC_009656.1	100.000	1038123	1038095	29	6053	6081	3.55e-06	54.7	29
NZ_CAADMM010000462.1	NC_009656.1	100.000	3189872	3189901	30	1	30	2.30e-07	56.5	30
NZ_CAADMM010000462.1	NC_009656.1	100.000	3309012	3308983	30	1	30	2.30e-07	56.5	30
NZ_CAADMM010000464.1	NC_009656.1	100.000	3934817	3934846	30	7769	7798	4.96e-07	56.5	30
NZ_CAADMM010000475.1	NC_009656.1	100.000	630156	630185	30	1	30	6.99e-07	56.5	30
NZ_CAADMM010000476.1	NC_009656.1	98.177	5738894	5735055	3840	96	3935	0.0	6704	3770
NZ_CAADMM010000480.1	NC_009656.1	98.592	5412979	5412909	71	2682	2752	3.36e-28	126	70
NZ_CAADMM010000483.1	NC_009656.1	100.000	2917918	2917956	39	2456	2494	2.40e-12	73.1	39
NZ_CAADMM010000483.1	NC_009656.1	100.000	865967	865996	30	3786	3815	2.42e-07	56.5	30
NZ_CAADMM010000485.1	NC_009656.1	100.000	4883991	4883962	30	1	30	3.70e-07	56.5	30
NZ_CAADMM010000488.1	NC_009656.1	98.107	397222	400179	2958	1	2958	0.0	5153	2902
NZ_CAADMM010000490.1	NC_009656.1	100.000	6230758	6230787	30	5071	5100	3.24e-07	56.5	30
NZ_CAADMM010000491.1	NC_009656.1	100.000	5054936	5054907	30	9110	9139	5.81e-07	56.5	30
NZ_CAADMM010000494.1	NC_009656.1	98.940	2319719	2318777	943	1	943	0.0	1687	933
NZ_CAADMM010000498.1	NC_009656.1	100.000	1593775	1593803	29	1763	1791	4.05e-07	54.7	29
NZ_CAADMM010000498.1	NC_009656.1	100.000	2717917	2717945	29	1763	1791	4.05e-07	54.7	29
NZ_CAADMM010000498.1	NC_009656.1	100.000	2889312	2889340	29	1763	1791	4.05e-07	54.7	29
NZ_CAADMM010000503.1	NC_009656.1	100.000	4926606	4926634	29	1	29	2.85e-06	54.7	29
NZ_CAADMM010000503.1	NC_009656.1	100.000	4826495	4826522	28	1	28	1.02e-05	52.8	28
NZ_CAADMM010000504.1	NC_009656.1	98.467	2884042	2882608	1435	2159	3593	0.0	2529	1413
NZ_CAADMM010000504.1	NC_009656.1	100.000	4162896	4162867	30	1	30	2.28e-07	56.5	30
NZ_CAADMM010000506.1	NC_009656.1	100.000	879009	879038	30	1	30	2.29e-07	56.5	30
NZ_CAADMM010000506.1	NC_009656.1	100.000	1054744	1054773	30	1	30	2.29e-07	56.5	30
NZ_CAADMM010000517.1	NC_009656.1	100.000	158619	158647	29	1	29	1.64e-07	54.7	29
NZ_CAADMM010000521.1	NC_009656.1	100.000	2370383	2370356	28	15414	15441	1.27e-05	52.8	28
NZ_CAADMM010000531.1	NC_009656.1	98.931	4651442	4650227	1216	7657	8871	0.0	2172	1203
NZ_CAADMM010000534.1	NC_009656.1	100.000	630150	630179	30	8026	8055	5.12e-07	56.5	30
NZ_CAADMM010000535.1	NC_009656.1	100.000	1593810	1593781	30	3223	3252	2.06e-07	56.5	30
NZ_CAADMM010000543.1	NC_009656.1	99.886	5498441	5497562	880	1	880	0.0	1620	879
NZ_CAADMM010000543.1	NC_009656.1	99.886	5511660	5512539	880	1	880	0.0	1620	879
NZ_CAADMM010000544.1	NC_009656.1	100.000	2390667	2390640	28	30118	30145	2.48e-05	52.8	28
NZ_CAADMM010000544.1	NC_009656.1	100.000	2635974	2635947	28	30118	30145	2.48e-05	52.8	28
NZ_CAADMM010000560.1	NC_009656.1	100.000	2538378	2538408	31	13415	13445	2.38e-07	58.4	31
NZ_CAADMM010000560.1	NC_009656.1	100.000	4563264	4563235	30	13416	13445	8.56e-07	56.5	30
NZ_CAADMM010000560.1	NC_009656.1	100.000	2430416	2430388	29	13417	13445	3.08e-06	54.7	29
NZ_CAADMM010000560.1	NC_009656.1	100.000	2887230	2887258	29	13417	13445	3.08e-06	54.7	29
NZ_CAADMM010000560.1	NC_009656.1	100.000	4369993	4369965	29	13417	13445	3.08e-06	54.7	29
NZ_CAADMM010000560.1	NC_009656.1	100.000	4825286	4825314	29	13417	13445	3.08e-06	54.7	29
NZ_CAADMM010000560.1	NC_009656.1	100.000	4925396	4925424	29	13417	13445	3.08e-06	54.7	29
NZ_CAADMM010000560.1	NC_009656.1	100.000	6228621	6228649	29	13417	13445	3.08e-06	54.7	29
NZ_CAADMM010000567.1	NC_009656.1	100.000	4659359	4659330	30	9067	9096	5.78e-07	56.5	30
NZ_CAADMM010000567.1	NC_009656.1	100.000	5325798	5325769	30	9067	9096	5.78e-07	56.5	30
NZ_CAADMM010000570.1	NC_009656.1	100.000	139953	139981	29	1	29	7.22e-07	54.7	29
NZ_CAADMM010000571.1	NC_009656.1	98.889	2539655	2539744	90	715	804	1.03e-39	161	89
NZ_CAADMM010000571.1	NC_009656.1	100.000	2888437	2888466	30	1	30	4.98e-08	56.5	30
NZ_CAADMM010000571.1	NC_009656.1	100.000	4368786	4368758	29	1	29	1.79e-07	54.7	29
NZ_CAADMM010000571.1	NC_009656.1	100.000	4826493	4826521	29	1	29	1.79e-07	54.7	29
NZ_CAADMM010000571.1	NC_009656.1	100.000	4926604	4926632	29	1	29	1.79e-07	54.7	29
NZ_CAADMM010000572.1	NC_009656.1	100.000	454882	454853	30	15961	15990	1.02e-06	56.5	30
NZ_CAADMM010000573.1	NC_009656.1	98.164	3021944	3029394	7460	1	7459	0.0	13008	7323
NZ_CAADMM010000580.1	NC_009656.1	100.000	2370356	2370383	28	1	28	1.55e-06	52.8	28
NZ_CAADMM010000581.1	NC_009656.1	98.421	478459	477320	1140	1	1140	0.0	2006	1122
NZ_CAADMM010000582.1	NC_009656.1	100.000	4590631	4590670	40	1	40	2.25e-13	75.0	40
NZ_CAADMM010000582.1	NC_009656.1	100.000	4590745	4590784	40	1	40	2.25e-13	75.0	40
NZ_CAADMM010000583.1	NC_009656.1	100.000	4368757	4368786	30	1683	1712	1.08e-07	56.5	30
NZ_CAADMM010000583.1	NC_009656.1	100.000	2888465	2888437	29	1684	1712	3.87e-07	54.7	29
NZ_CAADMM010000583.1	NC_009656.1	100.000	4826521	4826493	29	1684	1712	3.87e-07	54.7	29
NZ_CAADMM010000583.1	NC_009656.1	100.000	4926632	4926604	29	1684	1712	3.87e-07	54.7	29
NZ_CAADMM010000586.1	NC_009656.1	99.887	4649358	4646714	2645	1	2645	0.0	4868	2642
NZ_CAADMM010000596.1	NC_009656.1	98.006	4180121	4182626	2507	1	2506	0.0	4351	2457
NZ_CAADMM010000596.1	NC_009656.1	100.000	1642315	1642287	29	2474	2502	5.69e-07	54.7	29
NZ_CAADMM010000599.1	NC_009656.1	100.000	5270168	5270197	30	587	616	3.79e-08	56.5	30
NZ_CAADMM010000606.1	NC_009656.1	100.000	5674245	5674215	31	1355	1385	2.41e-08	58.4	31
NZ_CAADMM010000612.1	NC_009656.1	100.000	941358	941385	28	2	29	1.78e-06	52.8	28
NZ_CAADMM010000612.1	NC_009656.1	100.000	1088029	1088056	28	2	29	1.78e-06	52.8	28
NZ_CAADMM010000612.1	NC_009656.1	100.000	5609786	5609813	28	2	29	1.78e-06	52.8	28
NZ_CAADMM010000612.1	NC_009656.1	100.000	6056765	6056792	28	2	29	1.78e-06	52.8	28
NZ_CAADMM010000612.1	NC_009656.1	100.000	6498287	6498314	28	2	29	1.78e-06	52.8	28
NZ_CAADMM010000614.1	NC_009656.1	100.000	5397294	5397323	30	2351	2380	1.50e-07	56.5	30
NZ_CAADMM010000620.1	NC_009656.1	100.000	2572834	2572799	36	1	36	2.74e-11	67.6	36
NZ_CAADMM010000621.1	NC_009656.1	98.555	2831135	2829752	1384	20	1402	0.0	2444	1364
NZ_CAADMM010000622.1	NC_009656.1	100.000	6347719	6347752	34	2832	2865	2.90e-09	63.9	34
NZ_CAADMM010000627.1	NC_009656.1	100.000	4649330	4650252	923	1	923	0.0	1705	923
NZ_CAADMM010000632.1	NC_009656.1	100.000	4797728	4797757	30	9338	9367	5.96e-07	56.5	30
NZ_CAADMM010000639.1	NC_009656.1	98.502	2521061	2520528	534	449	982	0.0	942	526
NZ_CAADMM010000639.1	NC_009656.1	99.761	2521477	2521060	418	1	418	0.0	767	417
NZ_CAADMM010000644.1	NC_009656.1	99.404	3914848	3913506	1343	4	1346	0.0	2436	1335
NZ_CAADMM010000646.1	NC_009656.1	98.147	816471	815339	1133	1	1133	0.0	1977	1112
NZ_CAADMM010000648.1	NC_009656.1	100.000	4760165	4760196	32	294	325	3.59e-08	60.2	32
NZ_CAADMM010000650.1	NC_009656.1	100.000	5325971	5326000	30	1	30	5.63e-07	56.5	30
NZ_CAADMM010000651.1	NC_009656.1	98.672	2982977	2988248	5273	1	5273	0.0	9348	5203
NZ_CAADMM010000660.1	NC_009656.1	98.710	5511103	5510174	930	937	1866	0.0	1652	918
NZ_CAADMM010000660.1	NC_009656.1	100.000	116354	116188	167	770	936	8.31e-84	309	167
NZ_CAADMM010000660.1	NC_009656.1	100.000	5497562	5497591	30	1869	1898	1.20e-07	56.5	30
NZ_CAADMM010000660.1	NC_009656.1	100.000	5512539	5512510	30	1869	1898	1.20e-07	56.5	30
NZ_CAADMM010000661.1	NC_009656.1	99.842	2810852	2811485	634	332	965	0.0	1166	633
NZ_CAADMM010000661.1	NC_009656.1	99.842	2823703	2824336	634	332	965	0.0	1166	633
NZ_CAADMM010000675.1	NC_009656.1	100.000	5674244	5674214	31	1	31	3.93e-08	58.4	31
NZ_CAADMM010000676.1	NC_009656.1	99.386	3184990	3184177	814	1	814	0.0	1476	809
NZ_CAADMM010000679.1	NC_009656.1	100.000	4162900	4162872	29	2345	2373	5.39e-07	54.7	29
NZ_CAADMM010000687.1	NC_009656.1	100.000	5398199	5398170	30	2648	2677	1.69e-07	56.5	30
NZ_CAADMM010000688.1	NC_009656.1	100.000	4924243	4924165	79	3568	3646	1.33e-34	147	79
NZ_CAADMM010000694.1	NC_009656.1	98.606	1599551	1598691	861	1	861	0.0	1524	849
NZ_CAADMM010000697.1	NC_009656.1	98.179	2729326	2728778	549	1	549	0.0	959	539
NZ_CAADMM010000701.1	NC_009656.1	99.688	3860755	3861394	640	1953	2592	0.0	1171	638
NZ_CAADMM010000701.1	NC_009656.1	100.000	5498412	5498441	30	1	30	1.65e-07	56.5	30
NZ_CAADMM010000701.1	NC_009656.1	100.000	5511689	5511660	30	1	30	1.65e-07	56.5	30
NZ_CAADMM010000705.1	NC_009656.1	100.000	6195222	6195251	30	840	869	5.40e-08	56.5	30
NZ_CAADMM010000707.1	NC_009656.1	98.045	2815074	2814104	972	1	972	0.0	1688	953
NZ_CAADMM010000707.1	NC_009656.1	100.000	2827635	2827593	43	930	972	3.59e-15	80.5	43
NZ_CAADMM010000708.1	NC_009656.1	100.000	56257	56285	29	1	29	1.10e-07	54.7	29
NZ_CAADMM010000708.1	NC_009656.1	100.000	2829719	2829747	29	1	29	1.10e-07	54.7	29
NZ_CAADMM010000708.1	NC_009656.1	100.000	2834536	2834564	29	1	29	1.10e-07	54.7	29
NZ_CAADMM010000710.1	NC_009656.1	100.000	2390799	2390828	30	1	30	7.75e-07	56.5	30
NZ_CAADMM010000716.1	NC_009656.1	100.000	1934681	1934652	30	746	775	4.80e-08	56.5	30
NZ_CAADMM010000720.1	NC_009656.1	100.000	3874022	3873989	34	576	609	2.24e-10	63.9	34
NZ_CAADMM010000725.1	NC_009656.1	100.000	137377	137405	29	528	556	1.22e-07	54.7	29
NZ_CAADMM010000725.1	NC_009656.1	100.000	137405	137377	29	1	29	1.22e-07	54.7	29
NZ_CAADMM010000728.1	NC_009656.1	98.629	400151	401901	1751	1	1751	0.0	3101	1727
NZ_CAADMM010000729.1	NC_009656.1	98.182	3232651	3232705	55	454	508	1.83e-20	97.1	54
NZ_CAADMM010000732.1	NC_009656.1	100.000	4925395	4925425	31	702	732	1.26e-08	58.4	31
NZ_CAADMM010000732.1	NC_009656.1	100.000	2430416	2430387	30	703	732	4.52e-08	56.5	30
NZ_CAADMM010000732.1	NC_009656.1	100.000	2538380	2538409	30	703	732	4.52e-08	56.5	30
NZ_CAADMM010000732.1	NC_009656.1	100.000	2887230	2887259	30	703	732	4.52e-08	56.5	30
NZ_CAADMM010000732.1	NC_009656.1	100.000	4369993	4369964	30	703	732	4.52e-08	56.5	30
NZ_CAADMM010000732.1	NC_009656.1	100.000	4825286	4825315	30	703	732	4.52e-08	56.5	30
NZ_CAADMM010000750.1	NC_009656.1	100.000	3737655	3737627	29	945	973	2.18e-07	54.7	29
NZ_CAADMM010000757.1	NC_009656.1	99.730	2821180	2822289	1110	34	1142	0.0	2032	1107
NZ_CAADMM010000764.1	NC_009656.1	100.000	2370381	2370352	30	1	30	5.00e-08	56.5	30
NZ_CAADMM010000772.1	NC_009656.1	99.091	495159	492079	3081	1	3081	0.0	5535	3053
NZ_CAADMM010000775.1	NC_009656.1	98.726	2990936	2988426	2512	1	2512	0.0	4460	2480
NZ_CAADMM010000780.1	NC_009656.1	99.038	2826802	2826699	104	30	133	2.14e-47	187	103
NZ_CAADMM010000783.1	NC_009656.1	98.249	431930	432500	571	1	571	0.0	1000	561
NZ_CAADMM010000784.1	NC_009656.1	100.000	3400277	3400305	29	2	30	1.98e-07	54.7	29
NZ_CAADMM010000784.1	NC_009656.1	100.000	1113452	1113479	28	861	888	7.14e-07	52.8	28
NZ_CAADMM010000786.1	NC_009656.1	98.515	3884857	3884656	202	2452	2653	4.10e-98	357	199
NZ_CAADMM010000795.1	NC_009656.1	99.875	6249334	6250131	798	1	798	0.0	1469	797
NZ_CAADMM010000798.1	NC_009656.1	100.000	2269243	2269272	30	2550	2579	1.63e-07	56.5	30
NZ_CAADMM010000804.1	NC_009656.1	98.698	2991369	2993134	1767	1	1767	0.0	3134	1744
NZ_CAADMM010000807.1	NC_009656.1	98.039	1728539	1730680	2142	1	2141	0.0	3722	2100
NZ_CAADMM010000808.1	NC_009656.1	98.431	3909975	3910675	701	1	701	0.0	1234	690
NZ_CAADMM010000811.1	NC_009656.1	98.122	2982896	2981566	1331	2	1332	0.0	2320	1306
NZ_CAADMM010000825.1	NC_009656.1	100.000	2038237	2038208	30	1	30	2.81e-07	56.5	30
NZ_CAADMM010000825.1	NC_009656.1	100.000	2038528	2038500	29	1	29	1.01e-06	54.7	29
NZ_CAADMM010000827.1	NC_009656.1	98.198	2828456	2829452	999	1	999	0.0	1744	981
NZ_CAADMM010000828.1	NC_009656.1	98.282	1600418	1599546	873	1	873	0.0	1530	858
NZ_CAADMM010000831.1	NC_009656.1	98.119	831873	830970	904	1	904	0.0	1576	887
NZ_CAADMM010000835.1	NC_009656.1	100.000	2819293	2819327	35	21	55	1.26e-10	65.8	35
NZ_CAADMM010000836.1	NC_009656.1	100.000	1934683	1934654	30	747	776	4.80e-08	56.5	30
NZ_CAADMM010000836.1	NC_009656.1	100.000	5270165	5270194	30	746	775	4.80e-08	56.5	30
NZ_CAADMM010000840.1	NC_009656.1	100.000	4630929	4630425	505	1	505	0.0	933	505
NZ_CAADMM010000843.1	NC_009656.1	98.693	5881906	5881448	459	1	459	0.0	815	453
NZ_CAADMM010000847.1	NC_009656.1	100.000	56285	56257	29	770	798	1.78e-07	54.7	29
NZ_CAADMM010000847.1	NC_009656.1	100.000	2829747	2829719	29	770	798	1.78e-07	54.7	29
NZ_CAADMM010000847.1	NC_009656.1	100.000	2834564	2834536	29	770	798	1.78e-07	54.7	29
NZ_CAADMM010000855.1	NC_009656.1	100.000	454850	454880	31	538	568	9.68e-09	58.4	31
NZ_CAADMM010000867.1	NC_009656.1	100.000	2343639	2343610	30	928	957	5.96e-08	56.5	30
