JTMG01000001.1	NC_009656.1	100.000	2717917	2717949	33	51820	51852	1.82e-07	62.1	33
JTMG01000001.1	NC_009656.1	100.000	5753091	5753123	33	18711	18743	1.82e-07	62.1	33
JTMG01000001.1	NC_009656.1	100.000	2889312	2889342	31	51820	51850	2.36e-06	58.4	31
JTMG01000010.1	NC_009656.1	100.000	2917918	2917956	39	32342	32380	4.08e-11	73.1	39
JTMG01000010.1	NC_009656.1	100.000	454850	454882	33	12890	12922	8.84e-08	62.1	33
JTMG01000010.1	NC_009656.1	100.000	1704354	1704385	32	37282	37313	3.18e-07	60.2	32
JTMG01000103.1	NC_009656.1	98.032	2817313	2818378	1067	779	1845	0.0	1853	1046
JTMG01000103.1	NC_009656.1	98.174	2813627	2814062	438	4291	4728	0.0	763	430
JTMG01000103.1	NC_009656.1	98.780	2813011	2813092	82	6206	6287	2.30e-34	147	81
JTMG01000103.1	NC_009656.1	98.718	2831141	2831218	78	6210	6287	3.85e-32	139	77
JTMG01000103.1	NC_009656.1	100.000	56283	56252	32	6213	6244	3.09e-08	60.2	32
JTMG01000103.1	NC_009656.1	100.000	2834562	2834531	32	6213	6244	3.09e-08	60.2	32
JTMG01000103.1	NC_009656.1	100.000	2829745	2829715	31	6213	6243	1.11e-07	58.4	31
JTMG01000104.1	NC_009656.1	99.012	139577	139981	405	1	405	0.0	726	401
JTMG01000011.1	NC_009656.1	100.000	1113485	1113452	34	169737	169770	2.56e-07	63.9	34
JTMG01000011.1	NC_009656.1	100.000	1730800	1730768	33	581432	581464	9.22e-07	62.1	33
JTMG01000011.1	NC_009656.1	100.000	1763165	1763197	33	232750	232782	9.22e-07	62.1	33
JTMG01000011.1	NC_009656.1	100.000	6517439	6517407	33	483597	483629	9.22e-07	62.1	33
JTMG01000011.1	NC_009656.1	100.000	1730770	1730800	31	472840	472870	1.19e-05	58.4	31
JTMG01000011.1	NC_009656.1	100.000	1009457	1009486	30	482916	482945	4.29e-05	56.5	30
JTMG01000011.1	NC_009656.1	100.000	5753091	5753120	30	435003	435032	4.29e-05	56.5	30
JTMG01000011.1	NC_009656.1	100.000	1890503	1890531	29	638216	638244	1.54e-04	54.7	29
JTMG01000011.1	NC_009656.1	100.000	5838935	5838963	29	565060	565088	1.54e-04	54.7	29
JTMG01000112.1	NC_009656.1	98.803	2823703	2824955	1253	3793	5045	0.0	2231	1238
JTMG01000112.1	NC_009656.1	98.874	2810852	2812094	1243	3793	5035	0.0	2218	1229
JTMG01000112.1	NC_009656.1	99.038	2826699	2826802	104	5875	5978	2.21e-46	187	103
JTMG01000112.1	NC_009656.1	100.000	2834533	2834565	33	7043	7075	1.40e-08	62.1	33
JTMG01000112.1	NC_009656.1	100.000	56254	56285	32	8610	8641	5.03e-08	60.2	32
JTMG01000112.1	NC_009656.1	100.000	2834562	2834531	32	6849	6880	5.03e-08	60.2	32
JTMG01000112.1	NC_009656.1	100.000	2834533	2834564	32	8610	8641	5.03e-08	60.2	32
JTMG01000112.1	NC_009656.1	100.000	2829745	2829715	31	6849	6879	1.81e-07	58.4	31
JTMG01000112.1	NC_009656.1	100.000	2829745	2829715	31	5984	6014	1.81e-07	58.4	31
JTMG01000113.1	NC_009656.1	98.555	2829752	2831135	1384	790	2172	0.0	2444	1364
JTMG01000113.1	NC_009656.1	98.701	2813011	2813240	231	2752	2982	1.26e-113	409	228
JTMG01000113.1	NC_009656.1	98.696	2831137	2831366	230	2753	2982	1.26e-113	409	227
JTMG01000113.1	NC_009656.1	99.115	55486	55711	226	2757	2982	4.52e-113	407	224
JTMG01000113.1	NC_009656.1	100.000	56283	56252	32	2760	2791	1.46e-08	60.2	32
JTMG01000113.1	NC_009656.1	100.000	2834562	2834531	32	2760	2791	1.46e-08	60.2	32
JTMG01000113.1	NC_009656.1	100.000	2829745	2829715	31	2760	2790	5.24e-08	58.4	31
JTMG01000117.1	NC_009656.1	98.257	2824945	2824315	631	3991	4621	0.0	1105	620
JTMG01000117.1	NC_009656.1	98.104	2826710	2826078	633	3989	4621	0.0	1103	621
JTMG01000117.1	NC_009656.1	98.101	2828530	2827899	632	3990	4621	0.0	1101	620
JTMG01000117.1	NC_009656.1	100.000	2819327	2819293	35	1244	1278	4.87e-10	65.8	35
JTMG01000117.1	NC_009656.1	100.000	56285	56252	34	2145	2178	1.75e-09	63.9	34
JTMG01000117.1	NC_009656.1	100.000	2834564	2834531	34	2145	2178	1.75e-09	63.9	34
JTMG01000117.1	NC_009656.1	100.000	2813018	2813050	33	2147	2179	6.30e-09	62.1	33
JTMG01000117.1	NC_009656.1	100.000	2831144	2831176	33	2147	2179	6.30e-09	62.1	33
JTMG01000117.1	NC_009656.1	100.000	2829715	2829745	31	3291	3321	8.15e-08	58.4	31
JTMG01000121.1	NC_009656.1	98.822	2848172	2847579	594	9	602	0.0	1059	587
JTMG01000121.1	NC_009656.1	98.007	6408775	6408174	602	1	602	0.0	1046	590
JTMG01000126.1	NC_009656.1	99.219	2833980	2833853	128	1447	1574	1.55e-60	231	127
JTMG01000126.1	NC_009656.1	98.750	2813092	2813013	80	1	80	7.47e-34	143	79
JTMG01000126.1	NC_009656.1	100.000	56252	56283	32	44	75	7.73e-09	60.2	32
JTMG01000126.1	NC_009656.1	100.000	2834531	2834562	32	44	75	7.73e-09	60.2	32
JTMG01000126.1	NC_009656.1	100.000	2829715	2829745	31	45	75	2.78e-08	58.4	31
JTMG01000013.1	NC_009656.1	100.000	2829745	2829715	31	5014	5044	1.13e-07	58.4	31
JTMG01000134.1	NC_009656.1	98.387	3953029	3953214	186	430	615	7.26e-90	327	183
JTMG01000014.1	NC_009656.1	99.001	2821180	2822580	1401	229	1628	0.0	2508	1387
JTMG01000014.1	NC_009656.1	99.099	50407	50628	222	1623	1844	4.65e-111	399	220
JTMG01000014.1	NC_009656.1	99.099	2809574	2809795	222	1623	1844	4.65e-111	399	220
JTMG01000014.1	NC_009656.1	98.387	49966	50151	186	1443	1628	2.23e-89	327	183
JTMG01000014.1	NC_009656.1	98.387	2809133	2809318	186	1443	1628	2.23e-89	327	183
JTMG01000014.1	NC_009656.1	100.000	2813049	2813018	32	191	222	8.97e-09	60.2	32
JTMG01000014.1	NC_009656.1	100.000	2829715	2829746	32	192	223	8.97e-09	60.2	32
JTMG01000014.1	NC_009656.1	100.000	2831175	2831144	32	191	222	8.97e-09	60.2	32
JTMG01000015.1	NC_009656.1	99.167	2822751	2823110	360	579	938	0.0	649	357
JTMG01000017.1	NC_009656.1	100.000	5674214	5674245	32	41657	41688	2.06e-07	60.2	32
JTMG01000002.1	NC_009656.1	98.855	2044628	1974940	69701	166748	236442	0.0	1.243e+05	68903
JTMG01000002.1	NC_009656.1	99.029	1900405	1900200	206	133727	133932	4.74e-100	370	204
JTMG01000002.1	NC_009656.1	100.000	1900404	1900323	82	133537	133618	1.87e-34	152	82
JTMG01000002.1	NC_009656.1	98.795	5326000	5325918	83	182088	182170	2.42e-33	148	82
JTMG01000002.1	NC_009656.1	100.000	2390589	2390513	77	173093	173169	1.12e-31	143	77
JTMG01000002.1	NC_009656.1	100.000	2390589	2390514	76	172802	172877	4.05e-31	141	76
JTMG01000002.1	NC_009656.1	100.000	2002653	2002682	30	208698	208727	1.51e-05	56.5	30
JTMG01000002.1	NC_009656.1	100.000	1038095	1038123	29	166748	166776	5.42e-05	54.7	29
JTMG01000020.1	NC_009656.1	100.000	4825286	4825480	195	204879	205073	2.47e-97	361	195
JTMG01000020.1	NC_009656.1	98.469	2538379	2538574	196	204878	205073	6.93e-93	346	193
JTMG01000020.1	NC_009656.1	98.462	2430416	2430222	195	204879	205073	2.49e-92	344	192
JTMG01000020.1	NC_009656.1	98.462	2887230	2887424	195	204879	205073	2.49e-92	344	192
JTMG01000020.1	NC_009656.1	98.462	4369993	4369799	195	204879	205073	2.49e-92	344	192
JTMG01000020.1	NC_009656.1	100.000	5270206	5270168	39	97322	97360	1.30e-10	73.1	39
JTMG01000021.1	NC_009656.1	98.268	2539655	2549873	10221	745	10963	0.0	17891	10044
JTMG01000021.1	NC_009656.1	98.333	2888407	2888466	60	1	60	8.67e-21	106	59
JTMG01000021.1	NC_009656.1	98.305	4368816	4368758	59	1	59	3.12e-20	104	58
JTMG01000021.1	NC_009656.1	98.305	4826463	4826521	59	1	59	3.12e-20	104	58
JTMG01000021.1	NC_009656.1	98.305	4926574	4926632	59	1	59	3.12e-20	104	58
JTMG01000022.1	NC_009656.1	98.485	4150289	4150354	66	234198	234263	6.82e-24	117	65
JTMG01000022.1	NC_009656.1	100.000	6580569	6580599	31	140666	140696	4.19e-06	58.4	31
JTMG01000022.1	NC_009656.1	100.000	3725269	3725240	30	2163	2192	1.51e-05	56.5	30
JTMG01000023.1	NC_009656.1	98.057	5104309	5103126	1184	124412	125595	0.0	2060	1161
JTMG01000023.1	NC_009656.1	100.000	5221132	5221098	35	124412	124446	1.38e-08	65.8	35
JTMG01000024.1	NC_009656.1	98.450	4851989	4858307	6324	1	6324	0.0	11130	6226
JTMG01000024.1	NC_009656.1	100.000	1203622	1203654	33	20939	20971	1.31e-07	62.1	33
JTMG01000025.1	NC_009656.1	100.000	3926978	3927006	29	60584	60612	1.42e-05	54.7	29
JTMG01000026.1	NC_009656.1	100.000	21334	21361	28	27522	27549	1.29e-04	52.8	28
JTMG01000027.1	NC_009656.1	98.086	2078171	2077963	209	32168	32376	2.08e-98	364	205
JTMG01000027.1	NC_009656.1	100.000	2078354	2078273	82	32176	32257	1.77e-34	152	82
JTMG01000027.1	NC_009656.1	100.000	5674215	5674245	31	223336	223366	3.96e-06	58.4	31
JTMG01000027.1	NC_009656.1	100.000	6520059	6520030	30	164815	164844	1.42e-05	56.5	30
JTMG01000028.1	NC_009656.1	98.411	2829452	2828196	1259	13739	14997	0.0	2213	1239
JTMG01000029.1	NC_009656.1	100.000	4760196	4760165	32	65595	65626	3.51e-07	60.2	32
JTMG01000003.1	NC_009656.1	100.000	879042	879006	37	25694	25730	1.48e-09	69.4	37
JTMG01000003.1	NC_009656.1	100.000	630183	630150	34	172860	172893	6.87e-08	63.9	34
JTMG01000031.1	NC_009656.1	100.000	5326159	5326191	33	1873	1905	4.05e-07	62.1	33
JTMG01000031.1	NC_009656.1	100.000	3583955	3583926	30	1876	1905	1.89e-05	56.5	30
JTMG01000032.1	NC_009656.1	99.771	3162507	3175191	12685	1	12684	0.0	23263	12656
JTMG01000032.1	NC_009656.1	100.000	3176518	3176557	40	12675	12714	2.23e-12	75.0	40
JTMG01000033.1	NC_009656.1	98.834	5203492	5220638	17159	1	17150	0.0	30559	16959
JTMG01000033.1	NC_009656.1	98.812	705647	689324	16326	1	16321	0.0	29067	16132
JTMG01000034.1	NC_009656.1	100.000	1593776	1593807	32	58419	58450	2.88e-07	60.2	32
JTMG01000034.1	NC_009656.1	100.000	2889313	2889344	32	58419	58450	2.88e-07	60.2	32
JTMG01000034.1	NC_009656.1	100.000	2717918	2717947	30	58419	58448	3.73e-06	56.5	30
JTMG01000034.1	NC_009656.1	100.000	5110450	5110423	28	25873	25900	4.82e-05	52.8	28
JTMG01000035.1	NC_009656.1	98.765	2390591	2390671	81	25329	25408	1.79e-32	143	80
JTMG01000035.1	NC_009656.1	100.000	2390752	2390828	77	25330	25406	1.79e-32	143	77
JTMG01000036.1	NC_009656.1	100.000	94211	94238	28	89717	89744	7.58e-05	52.8	28
JTMG01000038.1	NC_009656.1	98.005	815702	816503	802	1	802	0.0	1393	786
JTMG01000038.1	NC_009656.1	100.000	1054741	1054776	36	48389	48424	1.58e-09	67.6	36
JTMG01000039.1	NC_009656.1	100.000	5306028	5305947	82	34578	34659	8.50e-35	152	82
JTMG01000039.1	NC_009656.1	100.000	4659359	4659312	48	15327	15374	6.76e-16	89.8	48
JTMG01000039.1	NC_009656.1	98.000	4573802	4573753	50	15330	15379	2.43e-15	87.9	49
JTMG01000039.1	NC_009656.1	100.000	566142	566114	29	85693	85721	2.47e-05	54.7	29
JTMG01000039.1	NC_009656.1	100.000	4590109	4590081	29	187	215	2.47e-05	54.7	29
JTMG01000039.1	NC_009656.1	100.000	3583927	3583954	28	34666	34693	8.87e-05	52.8	28
JTMG01000004.1	NC_009656.1	98.127	2520274	2520967	694	161916	162609	0.0	1210	681
JTMG01000004.1	NC_009656.1	98.744	2887230	2887627	398	155385	155782	0.0	708	393
JTMG01000004.1	NC_009656.1	98.744	4369993	4369596	398	155385	155782	0.0	708	393
JTMG01000004.1	NC_009656.1	98.496	4925395	4925793	399	155384	155782	0.0	704	393
JTMG01000004.1	NC_009656.1	98.492	2430416	2430019	398	155385	155782	0.0	702	392
JTMG01000004.1	NC_009656.1	98.492	2538380	2538777	398	155385	155782	0.0	702	392
JTMG01000004.1	NC_009656.1	98.492	4825286	4825683	398	155385	155782	0.0	702	392
JTMG01000004.1	NC_009656.1	98.010	4563267	4562866	402	155381	155782	0.0	699	394
JTMG01000004.1	NC_009656.1	100.000	4728105	4728025	81	85667	85747	4.62e-34	150	81
JTMG01000004.1	NC_009656.1	100.000	4728291	4728212	80	85855	85934	1.66e-33	148	80
JTMG01000004.1	NC_009656.1	100.000	5325827	5325750	78	154550	154627	2.15e-32	145	78
JTMG01000040.1	NC_009656.1	98.144	4835927	4827739	8190	17087	25274	0.0	14279	8038
JTMG01000041.1	NC_009656.1	100.000	1054822	1054789	34	40131	40164	3.40e-08	63.9	34
JTMG01000041.1	NC_009656.1	100.000	1054822	1054789	34	40010	40043	3.40e-08	63.9	34
JTMG01000041.1	NC_009656.1	100.000	1699797	1699769	29	32817	32845	2.05e-05	54.7	29
JTMG01000043.1	NC_009656.1	100.000	6397271	6397298	28	52678	52705	7.99e-05	52.8	28
JTMG01000044.1	NC_009656.1	100.000	2390752	2390829	78	41463	41540	6.73e-33	145	78
JTMG01000044.1	NC_009656.1	100.000	2038208	2038284	77	41384	41460	2.42e-32	143	77
JTMG01000044.1	NC_009656.1	100.000	2038500	2038575	76	41385	41460	8.70e-32	141	76
JTMG01000044.1	NC_009656.1	100.000	2390592	2390667	76	41623	41698	8.70e-32	141	76
JTMG01000044.1	NC_009656.1	98.734	2635896	2635974	79	41620	41698	8.70e-32	141	78
JTMG01000044.1	NC_009656.1	100.000	2635899	2635974	76	41463	41538	8.70e-32	141	76
JTMG01000044.1	NC_009656.1	100.000	5089635	5089668	34	10800	10833	1.94e-08	63.9	34
JTMG01000047.1	NC_009656.1	98.827	494167	488635	5539	378	5915	0.0	9862	5474
JTMG01000047.1	NC_009656.1	98.187	494615	494231	386	1	386	0.0	676	379
JTMG01000047.1	NC_009656.1	100.000	5798839	5798868	30	87274	87303	6.25e-06	56.5	30
JTMG01000048.1	NC_009656.1	99.509	4651442	4602956	48490	108149	156637	0.0	88222	48252
JTMG01000048.1	NC_009656.1	99.298	4601669	4590856	10820	156665	167481	0.0	19551	10744
JTMG01000048.1	NC_009656.1	98.795	2029292	2029210	83	100186	100268	1.71e-33	148	82
JTMG01000048.1	NC_009656.1	98.780	4659389	4659308	82	100358	100439	6.16e-33	147	81
JTMG01000048.1	NC_009656.1	100.000	4590670	4590626	45	167440	167484	4.90e-14	84.2	45
JTMG01000048.1	NC_009656.1	100.000	4590784	4590740	45	167440	167484	4.90e-14	84.2	45
JTMG01000048.1	NC_009656.1	100.000	2370352	2370383	32	99975	100006	8.26e-07	60.2	32
JTMG01000049.1	NC_009656.1	100.000	1054741	1054773	33	34450	34482	9.54e-08	62.1	33
JTMG01000049.1	NC_009656.1	100.000	1730770	1730800	31	34270	34300	1.23e-06	58.4	31
JTMG01000005.1	NC_009656.1	100.000	2497716	2497689	28	38218	38245	4.05e-05	52.8	28
JTMG01000051.1	NC_009656.1	100.000	3387642	3387614	29	99159	99187	2.60e-05	54.7	29
JTMG01000052.1	NC_009656.1	100.000	2359776	2359743	34	110425	110458	8.04e-08	63.9	34
JTMG01000052.1	NC_009656.1	100.000	3447902	3447875	28	30064	30091	1.74e-04	52.8	28
JTMG01000053.1	NC_009656.1	100.000	4926574	4926634	61	1	61	6.87e-24	113	61
JTMG01000053.1	NC_009656.1	100.000	4826463	4826522	60	1	60	2.47e-23	111	60
JTMG01000053.1	NC_009656.1	100.000	2888407	2888465	59	1	59	8.89e-23	110	59
JTMG01000053.1	NC_009656.1	100.000	4368816	4368758	59	1	59	8.89e-23	110	59
JTMG01000053.1	NC_009656.1	98.305	2429239	2429181	59	1	59	4.14e-21	104	58
JTMG01000053.1	NC_009656.1	98.305	2539557	2539615	59	1	59	4.14e-21	104	58
JTMG01000055.1	NC_009656.1	98.676	5532577	5529406	3172	13667	16837	0.0	5624	3130
JTMG01000055.1	NC_009656.1	98.340	5536147	5534884	1265	10086	11350	0.0	2218	1244
JTMG01000055.1	NC_009656.1	100.000	111843	111880	38	27451	27488	2.45e-10	71.3	38
JTMG01000055.1	NC_009656.1	100.000	111880	111843	38	33877	33914	2.45e-10	71.3	38
JTMG01000057.1	NC_009656.1	100.000	6347719	6347752	34	24955	24988	1.67e-08	63.9	34
JTMG01000057.1	NC_009656.1	100.000	1730770	1730800	31	34372	34402	7.79e-07	58.4	31
JTMG01000059.1	NC_009656.1	100.000	207193	207158	36	7650	7685	8.03e-10	67.6	36
JTMG01000059.1	NC_009656.1	100.000	5782646	5782615	32	20734	20765	1.34e-07	60.2	32
JTMG01000059.1	NC_009656.1	100.000	4275878	4275848	31	7652	7682	4.83e-07	58.4	31
JTMG01000062.1	NC_009656.1	98.561	2521339	2521477	139	1	139	6.07e-64	246	137
JTMG01000063.1	NC_009656.1	100.000	1181194	1181161	34	18660	18693	2.20e-08	63.9	34
JTMG01000063.1	NC_009656.1	100.000	103479	103451	29	45471	45499	1.32e-05	54.7	29
JTMG01000063.1	NC_009656.1	100.000	2321497	2321525	29	34546	34574	1.32e-05	54.7	29
JTMG01000064.1	NC_009656.1	98.378	546381	546012	370	1	370	0.0	651	364
JTMG01000064.1	NC_009656.1	100.000	1254881	1254839	43	764	806	1.94e-13	80.5	43
JTMG01000064.1	NC_009656.1	100.000	537623	537655	33	8813	8845	7.03e-08	62.1	33
JTMG01000064.1	NC_009656.1	100.000	509810	509837	28	39656	39683	4.23e-05	52.8	28
JTMG01000065.1	NC_009656.1	98.008	831863	815702	16163	1	16162	0.0	28062	15841
JTMG01000066.1	NC_009656.1	98.846	2814146	2813627	520	42122	42641	0.0	928	514
JTMG01000066.1	NC_009656.1	100.000	56253	56283	31	42070	42100	7.58e-07	58.4	31
JTMG01000066.1	NC_009656.1	100.000	2834532	2834562	31	42070	42100	7.58e-07	58.4	31
JTMG01000068.1	NC_009656.1	99.230	5566209	5571904	5713	1	5713	0.0	10290	5669
JTMG01000068.1	NC_009656.1	99.159	812269	806577	5710	4	5713	0.0	10262	5662
JTMG01000068.1	NC_009656.1	99.142	4982893	4988588	5713	1	5713	0.0	10262	5664
JTMG01000068.1	NC_009656.1	99.125	6353445	6359140	5713	1	5713	0.0	10257	5663
JTMG01000069.1	NC_009656.1	99.183	1239592	1239226	367	1	367	0.0	662	364
JTMG01000069.1	NC_009656.1	100.000	377668	377639	30	13532	13561	4.16e-06	56.5	30
JTMG01000007.1	NC_009656.1	99.983	6232487	6250417	17931	22030	39960	0.0	33096	17928
JTMG01000007.1	NC_009656.1	99.987	6250886	6258565	7680	42029	49708	0.0	14177	7679
JTMG01000007.1	NC_009656.1	100.000	6250416	6250889	474	40540	41013	0.0	876	474
JTMG01000007.1	NC_009656.1	100.000	6231111	6231152	42	21990	22031	6.76e-13	78.7	42
JTMG01000071.1	NC_009656.1	100.000	3794381	3794409	29	82210	82238	2.13e-05	54.7	29
JTMG01000074.1	NC_009656.1	100.000	5508623	5509772	1150	20	1169	0.0	2124	1150
JTMG01000074.1	NC_009656.1	99.688	3860755	3861394	640	3521	4160	0.0	1171	638
JTMG01000074.1	NC_009656.1	100.000	116188	116354	167	5512	5678	1.77e-82	309	167
JTMG01000076.1	NC_009656.1	99.286	2521339	2521478	140	1	140	1.65e-66	254	139
JTMG01000077.1	NC_009656.1	99.820	4826016	4825461	556	1	556	0.0	1022	555
JTMG01000077.1	NC_009656.1	98.921	4562533	4563088	556	1	556	0.0	994	550
JTMG01000077.1	NC_009656.1	98.561	2887960	2887405	556	1	556	0.0	983	548
JTMG01000077.1	NC_009656.1	98.561	4369263	4369818	556	1	556	0.0	983	548
JTMG01000077.1	NC_009656.1	98.561	4926126	4925571	556	1	556	0.0	983	548
JTMG01000077.1	NC_009656.1	98.381	2429686	2430241	556	1	556	0.0	977	547
JTMG01000077.1	NC_009656.1	98.381	2539110	2538555	556	1	556	0.0	977	547
JTMG01000081.1	NC_009656.1	98.137	3014127	2971839	42304	12153	54448	0.0	73734	41516
JTMG01000082.1	NC_009656.1	99.886	5498441	5497562	880	1	880	0.0	1620	879
JTMG01000082.1	NC_009656.1	99.886	5511660	5512539	880	1	880	0.0	1620	879
JTMG01000083.1	NC_009656.1	100.000	857792	857764	29	17075	17103	9.25e-06	54.7	29
JTMG01000092.1	NC_009656.1	98.066	6475340	6474979	362	1744	2105	2.37e-180	630	355
JTMG01000093.1	NC_009656.1	100.000	5169553	5169524	30	22877	22906	2.96e-06	56.5	30
JTMG01000097.1	NC_009656.1	98.624	6481122	6481775	654	1194	1847	0.0	1158	645
