NZ_CAADQL010000005.1	NC_009656.1	100.000	5397323	5397294	30	1	30	1.50e-07	56.5	30
NZ_CAADQL010000006.1	NC_009656.1	100.000	3582546	3582517	30	6748	6777	4.31e-07	56.5	30
NZ_CAADQL010000009.1	NC_009656.1	98.775	205428	203797	1632	1	1632	0.0	2904	1612
NZ_CAADQL010000010.1	NC_009656.1	98.765	2973430	2975697	2268	1	2268	0.0	4034	2240
NZ_CAADQL010000011.1	NC_009656.1	100.000	5679590	5679619	30	1	30	4.06e-07	56.5	30
NZ_CAADQL010000012.1	NC_009656.1	100.000	3387642	3387614	29	997	1025	5.35e-06	54.7	29
NZ_CAADQL010000018.1	NC_009656.1	100.000	1262272	1262302	31	1	31	1.89e-07	58.4	31
NZ_CAADQL010000023.1	NC_009656.1	100.000	566114	566142	29	9365	9393	3.38e-06	54.7	29
NZ_CAADQL010000028.1	NC_009656.1	99.208	3184177	3184807	631	703	1333	0.0	1138	626
NZ_CAADQL010000031.1	NC_009656.1	98.456	4617049	4625461	8421	15034	23439	0.0	14809	8291
NZ_CAADQL010000031.1	NC_009656.1	100.000	1204589	1204620	32	9247	9278	1.15e-07	60.2	32
NZ_CAADQL010000043.1	NC_009656.1	100.000	103451	103479	29	11863	11891	4.26e-06	54.7	29
NZ_CAADQL010000046.1	NC_009656.1	98.485	4150354	4150289	66	2253	2318	2.13e-25	117	65
NZ_CAADQL010000048.1	NC_009656.1	100.000	1934683	1934655	29	4047	4075	9.30e-07	54.7	29
NZ_CAADQL010000058.1	NC_009656.1	99.978	6244898	6249358	4461	1	4461	0.0	8233	4460
NZ_CAADQL010000062.1	NC_009656.1	98.354	1600335	1599546	790	1	790	0.0	1387	777
NZ_CAADQL010000081.1	NC_009656.1	98.709	401901	400275	1627	1	1627	0.0	2889	1606
NZ_CAADQL010000084.1	NC_009656.1	100.000	630179	630150	30	1	30	2.10e-07	56.5	30
NZ_CAADQL010000085.1	NC_009656.1	100.000	1997190	2029243	32054	1	32054	0.0	59193	32054
NZ_CAADQL010000085.1	NC_009656.1	100.000	2002682	2002653	30	5464	5493	2.04e-06	56.5	30
NZ_CAADQL010000090.1	NC_009656.1	100.000	3932484	3932511	28	1	28	3.33e-06	52.8	28
NZ_CAADQL010000093.1	NC_009656.1	98.203	830998	828551	2448	1	2448	0.0	4277	2404
NZ_CAADQL010000096.1	NC_009656.1	100.000	5089639	5089668	30	1	30	6.78e-07	56.5	30
NZ_CAADQL010000097.1	NC_009656.1	99.343	5566425	5571733	5326	1	5326	0.0	9625	5291
NZ_CAADQL010000097.1	NC_009656.1	99.324	4983109	4988417	5326	1	5326	0.0	9620	5290
NZ_CAADQL010000097.1	NC_009656.1	99.305	812056	806748	5326	1	5326	0.0	9614	5289
NZ_CAADQL010000097.1	NC_009656.1	99.305	6353661	6358969	5326	1	5326	0.0	9614	5289
NZ_CAADQL010000100.1	NC_009656.1	100.000	5831055	5831026	30	1	30	1.32e-06	56.5	30
NZ_CAADQL010000101.1	NC_009656.1	100.000	495568	495597	30	1	30	5.68e-08	56.5	30
NZ_CAADQL010000113.1	NC_009656.1	100.000	1699769	1699797	29	4448	4476	2.34e-06	54.7	29
NZ_CAADQL010000114.1	NC_009656.1	100.000	878962	878990	29	1	29	2.28e-07	54.7	29
NZ_CAADQL010000119.1	NC_009656.1	100.000	6397298	6397271	28	15146	15173	1.27e-05	52.8	28
NZ_CAADQL010000127.1	NC_009656.1	98.220	1293818	1296794	2977	5474	8450	0.0	5204	2924
NZ_CAADQL010000129.1	NC_009656.1	100.000	4278434	4278405	30	8688	8717	5.54e-07	56.5	30
NZ_CAADQL010000130.1	NC_009656.1	100.000	4775739	4775712	28	1	28	1.35e-05	52.8	28
NZ_CAADQL010000136.1	NC_009656.1	99.976	6239106	6243266	4161	1	4161	0.0	7679	4160
NZ_CAADQL010000140.1	NC_009656.1	98.115	5104239	5103126	1114	3	1116	0.0	1941	1093
NZ_CAADQL010000142.1	NC_009656.1	100.000	2520161	2520132	30	1	30	1.05e-06	56.5	30
NZ_CAADQL010000144.1	NC_009656.1	99.923	5509772	5508471	1302	381	1682	0.0	2399	1301
NZ_CAADQL010000144.1	NC_009656.1	100.000	5512540	5512691	152	4479	4630	5.83e-75	281	152
NZ_CAADQL010000152.1	NC_009656.1	100.000	377639	377668	30	10401	10430	6.63e-07	56.5	30
NZ_CAADQL010000156.1	NC_009656.1	99.346	5220942	5218649	2295	7702	9992	0.0	4150	2280
NZ_CAADQL010000157.1	NC_009656.1	99.223	5218678	5216627	2058	1	2058	0.0	3707	2042
NZ_CAADQL010000157.1	NC_009656.1	99.072	690466	692512	2047	12	2058	0.0	3675	2028
NZ_CAADQL010000160.1	NC_009656.1	100.000	454880	454851	30	1	30	2.93e-07	56.5	30
NZ_CAADQL010000186.1	NC_009656.1	100.000	139981	139953	29	13062	13090	3.00e-06	54.7	29
NZ_CAADQL010000203.1	NC_009656.1	98.039	1730680	1728539	2142	69	2209	0.0	3722	2100
NZ_CAADQL010000213.1	NC_009656.1	98.151	1617638	1622987	5354	2	5351	0.0	9332	5255
NZ_CAADQL010000221.1	NC_009656.1	100.000	2269243	2269272	30	2550	2579	1.63e-07	56.5	30
NZ_CAADQL010000225.1	NC_009656.1	100.000	1203622	1203654	33	10259	10291	2.42e-08	62.1	33
NZ_CAADQL010000228.1	NC_009656.1	98.055	5761844	5763170	1337	1	1337	0.0	2316	1311
NZ_CAADQL010000228.1	NC_009656.1	100.000	1730800	1730773	28	1314	1341	1.09e-06	52.8	28
NZ_CAADQL010000234.1	NC_009656.1	98.738	2993121	2999856	6737	1	6737	0.0	11969	6652
NZ_CAADQL010000238.1	NC_009656.1	100.000	2497716	2497689	28	4596	4623	4.13e-06	52.8	28
NZ_CAADQL010000241.1	NC_009656.1	100.000	5753123	5753094	30	2010	2039	1.28e-07	56.5	30
NZ_CAADQL010000242.1	NC_009656.1	100.000	6512659	6512630	30	4664	4693	2.98e-07	56.5	30
NZ_CAADQL010000250.1	NC_009656.1	98.112	65876	67517	1642	1	1642	0.0	2861	1611
NZ_CAADQL010000251.1	NC_009656.1	100.000	3926978	3927006	29	5281	5309	1.28e-06	54.7	29
NZ_CAADQL010000256.1	NC_009656.1	100.000	2299145	2299174	30	28857	28886	1.84e-06	56.5	30
NZ_CAADQL010000258.1	NC_009656.1	100.000	2892874	2892845	30	1	30	2.24e-06	56.5	30
NZ_CAADQL010000259.1	NC_009656.1	98.249	431930	432500	571	1	571	0.0	1000	561
NZ_CAADQL010000260.1	NC_009656.1	100.000	3189883	3189912	30	1	30	3.66e-07	56.5	30
NZ_CAADQL010000267.1	NC_009656.1	98.091	4644718	4630425	14298	1	14285	0.0	24875	14025
NZ_CAADQL010000274.1	NC_009656.1	100.000	1593803	1593775	29	1	29	1.10e-06	54.7	29
NZ_CAADQL010000274.1	NC_009656.1	100.000	2717945	2717917	29	1	29	1.10e-06	54.7	29
NZ_CAADQL010000274.1	NC_009656.1	100.000	2889340	2889312	29	1	29	1.10e-06	54.7	29
NZ_CAADQL010000278.1	NC_009656.1	100.000	6580569	6580599	31	271	301	1.48e-08	58.4	31
NZ_CAADQL010000294.1	NC_009656.1	98.942	4367211	4365795	1418	3542	4958	0.0	2534	1403
NZ_CAADQL010000297.1	NC_009656.1	100.000	381421	381450	30	1	30	7.80e-07	56.5	30
NZ_CAADQL010000304.1	NC_009656.1	100.000	879038	879009	30	18306	18335	1.17e-06	56.5	30
NZ_CAADQL010000304.1	NC_009656.1	100.000	1054773	1054744	30	18306	18335	1.17e-06	56.5	30
NZ_CAADQL010000306.1	NC_009656.1	100.000	6347719	6347752	34	2046	2079	4.37e-09	63.9	34
NZ_CAADQL010000306.1	NC_009656.1	100.000	1730770	1730797	28	11463	11490	9.46e-06	52.8	28
NZ_CAADQL010000312.1	NC_009656.1	100.000	2889345	2889318	28	6014	6041	4.96e-06	52.8	28
NZ_CAADQL010000313.1	NC_009656.1	100.000	2359776	2359747	30	13108	13137	8.36e-07	56.5	30
NZ_CAADQL010000317.1	NC_009656.1	100.000	1989122	1996947	7826	1	7826	0.0	14453	7826
NZ_CAADQL010000318.1	NC_009656.1	100.000	3873989	3874022	34	1	34	1.94e-10	63.9	34
NZ_CAADQL010000324.1	NC_009656.1	100.000	2829718	2829749	32	1	32	6.60e-09	60.2	32
NZ_CAADQL010000324.1	NC_009656.1	100.000	2834535	2834565	31	1	31	2.37e-08	58.4	31
NZ_CAADQL010000324.1	NC_009656.1	100.000	2813045	2813018	28	1	28	1.10e-06	52.8	28
NZ_CAADQL010000324.1	NC_009656.1	100.000	2831171	2831144	28	1	28	1.10e-06	52.8	28
NZ_CAADQL010000327.1	NC_009656.1	100.000	545692	545663	30	11134	11163	7.10e-07	56.5	30
NZ_CAADQL010000327.1	NC_009656.1	100.000	857764	857792	29	9333	9361	2.55e-06	54.7	29
NZ_CAADQL010000336.1	NC_009656.1	100.000	1593807	1593780	28	7436	7463	6.14e-06	52.8	28
NZ_CAADQL010000336.1	NC_009656.1	100.000	2889344	2889317	28	7436	7463	6.14e-06	52.8	28
NZ_CAADQL010000340.1	NC_009656.1	100.000	454882	454853	30	12566	12595	8.02e-07	56.5	30
NZ_CAADQL010000343.1	NC_009656.1	100.000	2078326	2078354	29	1	29	4.66e-06	54.7	29
NZ_CAADQL010000353.1	NC_009656.1	100.000	3934817	3934846	30	7772	7801	4.96e-07	56.5	30
NZ_CAADQL010000358.1	NC_009656.1	100.000	6520058	6520030	29	1	29	3.23e-06	54.7	29
NZ_CAADQL010000362.1	NC_009656.1	100.000	6235540	6238486	2947	1	2947	0.0	5443	2947
NZ_CAADQL010000366.1	NC_009656.1	98.000	6418649	6408953	9700	1	9697	0.0	16833	9506
NZ_CAADQL010000381.1	NC_009656.1	100.000	4111448	4111419	30	5470	5499	3.49e-07	56.5	30
NZ_CAADQL010000382.1	NC_009656.1	98.194	5880562	5888922	8362	1	8361	0.0	14604	8211
NZ_CAADQL010000384.1	NC_009656.1	100.000	1181194	1181161	34	4494	4527	2.94e-09	63.9	34
NZ_CAADQL010000397.1	NC_009656.1	100.000	137406	137377	30	1	30	2.90e-07	56.5	30
NZ_CAADQL010000401.1	NC_009656.1	98.276	899414	899471	58	1	58	4.56e-22	102	57
NZ_CAADQL010000409.1	NC_009656.1	100.000	4760165	4760196	32	294	325	5.15e-09	60.2	32
NZ_CAADQL010000412.1	NC_009656.1	100.000	630156	630185	30	1	30	1.34e-07	56.5	30
NZ_CAADQL010000413.1	NC_009656.1	98.832	639684	637288	2397	1	2397	0.0	4272	2369
NZ_CAADQL010000417.1	NC_009656.1	98.268	2549873	2539655	10221	5445	15663	0.0	17891	10044
NZ_CAADQL010000417.1	NC_009656.1	100.000	2888466	2888437	30	16348	16377	1.04e-06	56.5	30
NZ_CAADQL010000417.1	NC_009656.1	100.000	4368758	4368786	29	16349	16377	3.75e-06	54.7	29
NZ_CAADQL010000417.1	NC_009656.1	100.000	4826521	4826493	29	16349	16377	3.75e-06	54.7	29
NZ_CAADQL010000417.1	NC_009656.1	100.000	4926632	4926604	29	16349	16377	3.75e-06	54.7	29
NZ_CAADQL010000418.1	NC_009656.1	100.000	2370356	2370383	28	1	28	3.13e-06	52.8	28
NZ_CAADQL010000421.1	NC_009656.1	99.730	116355	117464	1110	2234	3343	0.0	2034	1107
NZ_CAADQL010000422.1	NC_009656.1	100.000	509837	509810	28	4187	4214	6.46e-06	52.8	28
NZ_CAADQL010000423.1	NC_009656.1	99.683	4182626	4181680	947	1	947	0.0	1733	944
NZ_CAADQL010000423.1	NC_009656.1	100.000	1642287	1642315	29	5	33	2.12e-07	54.7	29
NZ_CAADQL010000446.1	NC_009656.1	100.000	5800062	5800091	30	1	30	9.31e-07	56.5	30
NZ_CAADQL010000446.1	NC_009656.1	100.000	6517436	6517407	30	1	30	9.31e-07	56.5	30
NZ_CAADQL010000448.1	NC_009656.1	100.000	1986133	1989001	2869	1	2869	0.0	5299	2869
NZ_CAADQL010000457.1	NC_009656.1	99.106	3022021	3023698	1678	1	1678	0.0	3016	1663
NZ_CAADQL010000458.1	NC_009656.1	100.000	4563236	4563265	30	1	30	2.70e-07	56.5	30
NZ_CAADQL010000458.1	NC_009656.1	100.000	2538407	2538379	29	1	29	9.70e-07	54.7	29
NZ_CAADQL010000458.1	NC_009656.1	100.000	2430389	2430416	28	1	28	3.49e-06	52.8	28
NZ_CAADQL010000458.1	NC_009656.1	100.000	2887257	2887230	28	1	28	3.49e-06	52.8	28
NZ_CAADQL010000458.1	NC_009656.1	100.000	4369966	4369993	28	1	28	3.49e-06	52.8	28
NZ_CAADQL010000458.1	NC_009656.1	100.000	4825313	4825286	28	1	28	3.49e-06	52.8	28
NZ_CAADQL010000458.1	NC_009656.1	100.000	4925423	4925396	28	1	28	3.49e-06	52.8	28
NZ_CAADQL010000462.1	NC_009656.1	100.000	3447902	3447875	28	8584	8611	7.08e-06	52.8	28
NZ_CAADQL010000463.1	NC_009656.1	100.000	4162872	4162900	29	1	29	5.65e-07	54.7	29
NZ_CAADQL010000468.1	NC_009656.1	100.000	207193	207158	36	7427	7462	2.72e-10	67.6	36
NZ_CAADQL010000468.1	NC_009656.1	100.000	4275878	4275848	31	7429	7459	1.64e-07	58.4	31
NZ_CAADQL010000472.1	NC_009656.1	100.000	4926634	4926606	29	5498	5526	1.26e-06	54.7	29
NZ_CAADQL010000472.1	NC_009656.1	100.000	4826522	4826495	28	5499	5526	4.54e-06	52.8	28
NZ_CAADQL010000474.1	NC_009656.1	100.000	2781553	2781582	30	1	30	1.57e-07	56.5	30
NZ_CAADQL010000485.1	NC_009656.1	100.000	1254839	1254868	30	4878	4907	3.11e-07	56.5	30
NZ_CAADQL010000485.1	NC_009656.1	100.000	2768330	2768302	29	1	29	1.12e-06	54.7	29
NZ_CAADQL010000486.1	NC_009656.1	98.903	5530408	5529406	1003	1	1002	0.0	1790	992
NZ_CAADQL010000486.1	NC_009656.1	100.000	5528609	5528538	72	1520	1591	4.49e-31	134	72
NZ_CAADQL010000491.1	NC_009656.1	98.045	2814104	2815074	972	1	972	0.0	1688	953
NZ_CAADQL010000491.1	NC_009656.1	100.000	2827593	2827635	43	1	43	3.59e-15	80.5	43
NZ_CAADQL010000494.1	NC_009656.1	100.000	5221098	5221132	35	46	80	4.20e-10	65.8	35
NZ_CAADQL010000495.1	NC_009656.1	100.000	139953	139981	29	1	29	9.26e-07	54.7	29
NZ_CAADQL010000502.1	NC_009656.1	98.940	2319719	2318777	943	1	943	0.0	1687	933
NZ_CAADQL010000503.1	NC_009656.1	98.730	2988248	2983684	4566	1	4566	0.0	8109	4508
NZ_CAADQL010000509.1	NC_009656.1	99.080	709777	706843	2935	1	2935	0.0	5271	2908
NZ_CAADQL010000509.1	NC_009656.1	99.080	5199362	5202296	2935	1	2935	0.0	5271	2908
NZ_CAADQL010000511.1	NC_009656.1	100.000	1038095	1038123	29	12604	12632	3.51e-06	54.7	29
NZ_CAADQL010000520.1	NC_009656.1	100.000	169411	169382	30	1	30	3.44e-08	56.5	30
NZ_CAADQL010000522.1	NC_009656.1	98.387	492100	488635	3472	1	3471	0.0	6095	3416
NZ_CAADQL010000522.1	NC_009656.1	100.000	1791580	1791551	30	6657	6686	4.25e-07	56.5	30
NZ_CAADQL010000527.1	NC_009656.1	99.491	4577349	4579706	2358	1	2358	0.0	4289	2346
NZ_CAADQL010000527.1	NC_009656.1	100.000	4580670	4580699	30	2329	2358	1.49e-07	56.5	30
NZ_CAADQL010000528.1	NC_009656.1	99.891	4580618	4579701	918	1	918	0.0	1690	917
NZ_CAADQL010000531.1	NC_009656.1	100.000	1254852	1254881	30	1	30	6.67e-07	56.5	30
NZ_CAADQL010000535.1	NC_009656.1	100.000	4563237	4563265	29	1	29	7.84e-07	54.7	29
NZ_CAADQL010000535.1	NC_009656.1	100.000	2538406	2538379	28	1	28	2.82e-06	52.8	28
NZ_CAADQL010000536.1	NC_009656.1	100.000	1890503	1890531	29	1006	1034	1.93e-06	54.7	29
NZ_CAADQL010000538.1	NC_009656.1	98.323	665189	663401	1789	1	1789	0.0	3138	1759
NZ_CAADQL010000539.1	NC_009656.1	98.540	663403	662856	548	1	546	0.0	966	540
NZ_CAADQL010000539.1	NC_009656.1	100.000	5110450	5110423	28	519	546	4.32e-07	52.8	28
NZ_CAADQL010000542.1	NC_009656.1	100.000	2917918	2917956	39	2456	2494	2.40e-12	73.1	39
NZ_CAADQL010000542.1	NC_009656.1	100.000	865967	865996	30	3786	3815	2.42e-07	56.5	30
NZ_CAADQL010000545.1	NC_009656.1	100.000	21334	21361	28	15529	15556	1.60e-05	52.8	28
NZ_CAADQL010000551.1	NC_009656.1	98.465	6390451	6385695	4757	1	4757	0.0	8381	4684
NZ_CAADQL010000555.1	NC_009656.1	98.592	5412979	5412909	71	1352	1422	2.74e-28	126	70
NZ_CAADQL010000560.1	NC_009656.1	98.310	1601594	1605676	4083	1095	5177	0.0	7158	4014
NZ_CAADQL010000562.1	NC_009656.1	99.126	3019875	3020904	1030	1	1030	0.0	1853	1021
NZ_CAADQL010000565.1	NC_009656.1	100.000	5089664	5089635	30	1	30	6.92e-07	56.5	30
NZ_CAADQL010000570.1	NC_009656.1	100.000	630183	630154	30	5754	5783	3.67e-07	56.5	30
NZ_CAADQL010000575.1	NC_009656.1	100.000	5501865	5501837	29	1	29	3.15e-06	54.7	29
NZ_CAADQL010000576.1	NC_009656.1	99.730	2822289	2821180	1110	1	1109	0.0	2032	1107
NZ_CAADQL010000581.1	NC_009656.1	100.000	137375	137405	31	2779	2809	4.94e-08	58.4	31
NZ_CAADQL010000581.1	NC_009656.1	100.000	94211	94238	28	2780	2807	2.30e-06	52.8	28
NZ_CAADQL010000583.1	NC_009656.1	98.186	5737536	5733457	4080	1	4080	0.0	7125	4006
NZ_CAADQL010000592.1	NC_009656.1	100.000	5270177	5270206	30	1	30	3.62e-07	56.5	30
NZ_CAADQL010000601.1	NC_009656.1	98.148	1625829	1624698	1134	1	1134	0.0	1977	1113
NZ_CAADQL010000605.1	NC_009656.1	100.000	1559587	1559558	30	3507	3536	2.24e-07	56.5	30
NZ_CAADQL010000605.1	NC_009656.1	100.000	377668	377641	28	3509	3536	2.90e-06	52.8	28
NZ_CAADQL010000610.1	NC_009656.1	100.000	2889345	2889318	28	5478	5505	4.52e-06	52.8	28
NZ_CAADQL010000613.1	NC_009656.1	98.741	2982113	2975762	6352	1	6351	0.0	11285	6272
NZ_CAADQL010000614.1	NC_009656.1	98.007	828580	816442	12140	1	12139	0.0	21076	11898
NZ_CAADQL010000617.1	NC_009656.1	100.000	4797757	4797728	30	1	30	1.82e-07	56.5	30
NZ_CAADQL010000620.1	NC_009656.1	100.000	4162896	4162867	30	1	30	1.35e-07	56.5	30
NZ_CAADQL010000622.1	NC_009656.1	100.000	3583927	3583958	32	3	34	2.89e-08	60.2	32
NZ_CAADQL010000622.1	NC_009656.1	100.000	5295056	5295027	30	1	30	3.74e-07	56.5	30
NZ_CAADQL010000622.1	NC_009656.1	100.000	2370350	2370378	29	3	31	1.35e-06	54.7	29
NZ_CAADQL010000622.1	NC_009656.1	100.000	5326190	5326162	29	3	31	1.35e-06	54.7	29
NZ_CAADQL010000622.1	NC_009656.1	100.000	5110450	5110423	28	3	30	4.84e-06	52.8	28
NZ_CAADQL010000627.1	NC_009656.1	98.354	4857518	4858307	790	1	790	0.0	1387	777
NZ_CAADQL010000637.1	NC_009656.1	100.000	2038237	2038208	30	1	30	7.91e-07	56.5	30
NZ_CAADQL010000637.1	NC_009656.1	100.000	2038528	2038500	29	1	29	2.84e-06	54.7	29
NZ_CAADQL010000639.1	NC_009656.1	100.000	1593810	1593781	30	3223	3252	2.06e-07	56.5	30
NZ_CAADQL010000648.1	NC_009656.1	98.629	4854940	4852023	2918	1	2918	0.0	5168	2878
NZ_CAADQL010000656.1	NC_009656.1	98.231	4857516	4855091	2431	1	2431	0.0	4246	2388
NZ_CAADQL010000661.1	NC_009656.1	99.749	3171207	3174794	3588	1	3588	0.0	6577	3579
NZ_CAADQL010000672.1	NC_009656.1	98.726	2988426	2990936	2512	1	2512	0.0	4460	2480
NZ_CAADQL010000678.1	NC_009656.1	98.467	2884042	2882608	1435	15	1449	0.0	2529	1413
NZ_CAADQL010000679.1	NC_009656.1	98.275	5758867	5756260	2608	3627	6228	0.0	4562	2563
NZ_CAADQL010000681.1	NC_009656.1	100.000	1113485	1113456	30	5463	5492	3.49e-07	56.5	30
NZ_CAADQL010000701.1	NC_009656.1	100.000	2390620	2390591	30	1	30	4.54e-07	56.5	30
NZ_CAADQL010000701.1	NC_009656.1	100.000	2390780	2390752	29	1	29	1.63e-06	54.7	29
NZ_CAADQL010000704.1	NC_009656.1	100.000	3966418	3966447	30	1	30	1.74e-07	56.5	30
NZ_CAADQL010000714.1	NC_009656.1	100.000	6235486	6234953	534	1	534	0.0	987	534
NZ_CAADQL010000726.1	NC_009656.1	98.649	3021829	3021016	814	1	814	0.0	1443	803
NZ_CAADQL010000726.1	NC_009656.1	100.000	3002256	3002227	30	1	30	5.04e-08	56.5	30
NZ_CAADQL010000728.1	NC_009656.1	98.298	5459844	5457553	2292	1	2292	0.0	4017	2253
NZ_CAADQL010000732.1	NC_009656.1	100.000	2102744	2102715	30	4826	4855	3.08e-07	56.5	30
NZ_CAADQL010000733.1	NC_009656.1	100.000	5541365	5541336	30	1	30	1.21e-07	56.5	30
NZ_CAADQL010000735.1	NC_009656.1	100.000	4883991	4883962	30	1	30	3.71e-07	56.5	30
NZ_CAADQL010000742.1	NC_009656.1	99.038	2826802	2826699	104	30	133	2.18e-47	187	103
NZ_CAADQL010000743.1	NC_009656.1	100.000	3038642	3038685	44	1	44	6.98e-15	82.4	44
NZ_CAADQL010000745.1	NC_009656.1	98.177	3725240	3734784	9545	1	9536	0.0	16654	9371
NZ_CAADQL010000745.1	NC_009656.1	100.000	3725269	3725240	30	1	30	6.07e-07	56.5	30
NZ_CAADQL010000749.1	NC_009656.1	99.982	704372	698966	5407	1	5407	0.0	9980	5406
NZ_CAADQL010000749.1	NC_009656.1	98.964	5204772	5210173	5406	6	5407	0.0	9666	5350
NZ_CAADQL010000754.1	NC_009656.1	100.000	5619561	5619532	30	1	30	2.14e-07	56.5	30
NZ_CAADQL010000767.1	NC_009656.1	98.421	478459	477320	1140	1	1140	0.0	2006	1122
NZ_CAADQL010000768.1	NC_009656.1	100.000	2993115	2993144	30	1	30	3.69e-07	56.5	30
NZ_CAADQL010000768.1	NC_009656.1	100.000	6056768	6056797	30	1	30	3.69e-07	56.5	30
NZ_CAADQL010000773.1	NC_009656.1	98.861	4581964	4583807	1844	1	1844	0.0	3290	1823
NZ_CAADQL010000773.1	NC_009656.1	100.000	4580590	4580619	30	1	30	1.16e-07	56.5	30
NZ_CAADQL010000779.1	NC_009656.1	98.297	2032432	2029263	3170	1	3170	0.0	5555	3116
NZ_CAADQL010000779.1	NC_009656.1	100.000	5326000	5325971	30	3141	3170	2.01e-07	56.5	30
NZ_CAADQL010000787.1	NC_009656.1	100.000	4659327	4659356	30	1	30	1.71e-07	56.5	30
NZ_CAADQL010000787.1	NC_009656.1	100.000	5325766	5325795	30	1	30	1.71e-07	56.5	30
NZ_CAADQL010000789.1	NC_009656.1	98.272	2829452	2828471	984	49	1032	0.0	1722	967
NZ_CAADQL010000796.1	NC_009656.1	98.586	4831882	4835698	3818	1	3816	0.0	6748	3764
NZ_CAADQL010000801.1	NC_009656.1	100.000	899441	899412	30	1661	1690	1.06e-07	56.5	30
NZ_CAADQL010000805.1	NC_009656.1	99.705	698995	692565	6431	1	6431	0.0	11771	6412
NZ_CAADQL010000805.1	NC_009656.1	99.611	5210144	5216574	6431	1	6431	0.0	11738	6406
NZ_CAADQL010000806.1	NC_009656.1	98.221	5561255	5560694	562	1	562	0.0	983	552
NZ_CAADQL010000808.1	NC_009656.1	100.000	4369964	4369994	31	1	31	1.49e-07	58.4	31
NZ_CAADQL010000808.1	NC_009656.1	100.000	6228650	6228620	31	1	31	1.49e-07	58.4	31
NZ_CAADQL010000808.1	NC_009656.1	100.000	2430387	2430416	30	1	30	5.36e-07	56.5	30
NZ_CAADQL010000808.1	NC_009656.1	100.000	2538409	2538380	30	1	30	5.36e-07	56.5	30
NZ_CAADQL010000808.1	NC_009656.1	100.000	4563234	4563263	30	1	30	5.36e-07	56.5	30
NZ_CAADQL010000808.1	NC_009656.1	100.000	4925425	4925396	30	1	30	5.36e-07	56.5	30
NZ_CAADQL010000815.1	NC_009656.1	98.575	400179	399338	842	1	842	0.0	1489	830
NZ_CAADQL010000816.1	NC_009656.1	98.207	583785	584565	781	1	781	0.0	1365	767
NZ_CAADQL010000819.1	NC_009656.1	99.586	492079	494254	2176	1	2176	0.0	3969	2167
NZ_CAADQL010000821.1	NC_009656.1	98.241	157639	158718	1080	2	1081	0.0	1890	1061
NZ_CAADQL010000829.1	NC_009656.1	100.000	2538406	2538378	29	1	29	1.53e-06	54.7	29
NZ_CAADQL010000829.1	NC_009656.1	100.000	4563237	4563264	28	1	28	5.49e-06	52.8	28
NZ_CAADQL010000831.1	NC_009656.1	100.000	5587600	5587627	28	2536	2563	2.10e-06	52.8	28
NZ_CAADQL010000835.1	NC_009656.1	98.800	218738	216489	2250	1	2250	0.0	4006	2223
NZ_CAADQL010000855.1	NC_009656.1	100.000	2717949	2717918	32	6786	6817	3.35e-08	60.2	32
NZ_CAADQL010000855.1	NC_009656.1	100.000	2889342	2889313	30	6788	6817	4.33e-07	56.5	30
NZ_CAADQL010000855.1	NC_009656.1	100.000	878960	878988	29	6789	6817	1.56e-06	54.7	29
NZ_CAADQL010000859.1	NC_009656.1	98.842	5532752	5531458	1295	1	1295	0.0	2309	1280
NZ_CAADQL010000860.1	NC_009656.1	98.160	2728772	2724805	3968	1	3968	0.0	6924	3895
NZ_CAADQL010000876.1	NC_009656.1	99.836	4601059	4601669	611	1	611	0.0	1123	610
NZ_CAADQL010000876.1	NC_009656.1	98.333	4602956	4603015	60	639	698	4.21e-23	106	59
NZ_CAADQL010000883.1	NC_009656.1	100.000	4223434	4223463	30	1	30	2.04e-07	56.5	30
NZ_CAADQL010000888.1	NC_009656.1	98.336	265089	264489	601	1	601	0.0	1055	591
NZ_CAADQL010000895.1	NC_009656.1	100.000	1900375	1900404	30	1	30	2.13e-07	56.5	30
NZ_CAADQL010000898.1	NC_009656.1	98.319	4649330	4649686	357	1	357	7.95e-179	627	351
NZ_CAADQL010000898.1	NC_009656.1	98.010	4654029	4654228	201	3442	3641	6.93e-95	348	197
NZ_CAADQL010000898.1	NC_009656.1	100.000	5325751	5325780	30	7374	7403	4.71e-07	56.5	30
NZ_CAADQL010000906.1	NC_009656.1	98.131	3002256	2999849	2408	1	2408	0.0	4198	2363
NZ_CAADQL010000908.1	NC_009656.1	99.210	1245934	1241758	4177	1	4177	0.0	7531	4144
NZ_CAADQL010000912.1	NC_009656.1	100.000	6258565	6255820	2746	30	2775	0.0	5072	2746
NZ_CAADQL010000912.1	NC_009656.1	100.000	94238	94210	29	3	31	6.31e-07	54.7	29
NZ_CAADQL010000918.1	NC_009656.1	98.101	6100857	6099752	1106	1	1106	0.0	1927	1085
NZ_CAADQL010000920.1	NC_009656.1	100.000	111880	111852	29	1442	1470	3.32e-07	54.7	29
NZ_CAADQL010000922.1	NC_009656.1	98.029	5753094	5756289	3196	1	3196	0.0	5553	3133
NZ_CAADQL010000922.1	NC_009656.1	100.000	1009486	1009457	30	682	711	2.02e-07	56.5	30
NZ_CAADQL010000922.1	NC_009656.1	100.000	6517410	6517439	30	1	30	2.02e-07	56.5	30
NZ_CAADQL010000923.1	NC_009656.1	100.000	1934681	1934652	30	746	775	4.80e-08	56.5	30
NZ_CAADQL010000925.1	NC_009656.1	100.000	3490091	3490062	30	2947	2976	1.88e-07	56.5	30
NZ_CAADQL010000933.1	NC_009656.1	100.000	4625432	4626746	1315	1	1315	0.0	2429	1315
NZ_CAADQL010000938.1	NC_009656.1	99.959	6250886	6255747	4862	2382	7243	0.0	8968	4860
NZ_CAADQL010000938.1	NC_009656.1	100.000	6250416	6250889	474	893	1366	0.0	876	474
NZ_CAADQL010000938.1	NC_009656.1	100.000	6250105	6250417	313	1	313	2.21e-164	579	313
NZ_CAADQL010000941.1	NC_009656.1	100.000	630150	630178	29	657	685	1.52e-07	54.7	29
NZ_CAADQL010000946.1	NC_009656.1	100.000	2768329	2768302	28	1	28	3.87e-06	52.8	28
NZ_CAADQL010000953.1	NC_009656.1	100.000	1986144	1982188	3957	1	3957	0.0	7308	3957
NZ_CAADQL010000967.1	NC_009656.1	100.000	454880	454850	31	1	31	7.56e-08	58.4	31
NZ_CAADQL010000969.1	NC_009656.1	100.000	4728212	4728240	29	7600	7628	1.74e-06	54.7	29
NZ_CAADQL010000978.1	NC_009656.1	98.836	4577204	4576432	773	1	773	0.0	1378	764
NZ_CAADQL010000982.1	NC_009656.1	98.142	4592154	4591186	969	1	969	0.0	1690	951
NZ_CAADQL010000984.1	NC_009656.1	98.179	2729326	2728778	549	1	549	0.0	959	539
NZ_CAADQL010000987.1	NC_009656.1	100.000	3189872	3189901	30	1	30	1.30e-07	56.5	30
NZ_CAADQL010000987.1	NC_009656.1	100.000	3309012	3308983	30	1	30	1.30e-07	56.5	30
NZ_CAADQL010000992.1	NC_009656.1	98.535	51468	52900	1433	1	1433	0.0	2531	1412
NZ_CAADQL010000992.1	NC_009656.1	98.032	2817313	2818378	1067	384	1450	0.0	1853	1046
NZ_CAADQL010000995.1	NC_009656.1	100.000	5674214	5674244	31	2212	2242	3.93e-08	58.4	31
NZ_CAADQL010000996.1	NC_009656.1	100.000	5674245	5674215	31	728	758	1.30e-08	58.4	31
NZ_CAADQL010000999.1	NC_009656.1	98.182	3232705	3232651	55	1	55	1.83e-20	97.1	54
NZ_CAADQL010001000.1	NC_009656.1	98.010	1181164	1182319	1156	1	1156	0.0	2008	1133
NZ_CAADQL010001007.1	NC_009656.1	100.000	6232487	6234982	2496	3576	6071	0.0	4610	2496
NZ_CAADQL010001007.1	NC_009656.1	100.000	6231111	6231152	42	3536	3577	8.23e-14	78.7	42
NZ_CAADQL010001009.1	NC_009656.1	100.000	5325799	5325827	29	1	29	2.67e-07	54.7	29
NZ_CAADQL010001010.1	NC_009656.1	98.370	1728106	1726941	1166	1	1166	0.0	2049	1147
NZ_CAADQL010001018.1	NC_009656.1	100.000	56257	56285	29	1	29	1.10e-07	54.7	29
NZ_CAADQL010001018.1	NC_009656.1	100.000	2829719	2829747	29	1	29	1.10e-07	54.7	29
NZ_CAADQL010001018.1	NC_009656.1	100.000	2834536	2834564	29	1	29	1.10e-07	54.7	29
NZ_CAADQL010001020.1	NC_009656.1	100.000	6526508	6526479	30	1	30	1.11e-07	56.5	30
NZ_CAADQL010001022.1	NC_009656.1	100.000	5838963	5838935	29	2	30	4.06e-07	54.7	29
NZ_CAADQL010001025.1	NC_009656.1	100.000	1567298	1567269	30	1	30	1.88e-07	56.5	30
NZ_CAADQL010001029.1	NC_009656.1	100.000	478460	478431	30	2704	2733	1.73e-07	56.5	30
NZ_CAADQL010001029.1	NC_009656.1	100.000	6520059	6520030	30	2704	2733	1.73e-07	56.5	30
NZ_CAADQL010001033.1	NC_009656.1	98.129	495568	497649	2084	1	2084	0.0	3631	2045
NZ_CAADQL010001049.1	NC_009656.1	100.000	533621	533592	30	1	30	5.34e-08	56.5	30
NZ_CAADQL010001053.1	NC_009656.1	100.000	1730770	1730797	28	4511	4538	3.72e-06	52.8	28
NZ_CAADQL010001056.1	NC_009656.1	98.333	717831	717949	120	5296	5414	2.52e-53	209	118
NZ_CAADQL010001069.1	NC_009656.1	99.322	841206	832947	8260	1	8259	0.0	14942	8204
NZ_CAADQL010001069.1	NC_009656.1	98.387	816503	816442	62	8198	8259	3.97e-23	110	61
NZ_CAADQL010001071.1	NC_009656.1	100.000	5587627	5587599	29	3	31	1.31e-06	54.7	29
NZ_CAADQL010001074.1	NC_009656.1	100.000	4925395	4925425	31	787	817	1.41e-08	58.4	31
NZ_CAADQL010001074.1	NC_009656.1	100.000	2430416	2430387	30	788	817	5.06e-08	56.5	30
NZ_CAADQL010001074.1	NC_009656.1	100.000	2538380	2538409	30	788	817	5.06e-08	56.5	30
NZ_CAADQL010001074.1	NC_009656.1	100.000	2887230	2887259	30	788	817	5.06e-08	56.5	30
NZ_CAADQL010001074.1	NC_009656.1	100.000	4369993	4369964	30	788	817	5.06e-08	56.5	30
NZ_CAADQL010001074.1	NC_009656.1	100.000	4825286	4825315	30	788	817	5.06e-08	56.5	30
NZ_CAADQL010001074.1	NC_009656.1	100.000	5325779	5325750	30	1	30	5.06e-08	56.5	30
NZ_CAADQL010001083.1	NC_009656.1	98.555	2829752	2831135	1384	407	1789	0.0	2444	1364
NZ_CAADQL010001089.1	NC_009656.1	100.000	4825284	4825315	32	19390	19421	9.56e-08	60.2	32
NZ_CAADQL010001089.1	NC_009656.1	100.000	2430417	2430387	31	19391	19421	3.44e-07	58.4	31
NZ_CAADQL010001089.1	NC_009656.1	100.000	2538380	2538409	30	19392	19421	1.24e-06	56.5	30
NZ_CAADQL010001089.1	NC_009656.1	100.000	2887230	2887259	30	19392	19421	1.24e-06	56.5	30
NZ_CAADQL010001089.1	NC_009656.1	100.000	4369993	4369964	30	19392	19421	1.24e-06	56.5	30
NZ_CAADQL010001089.1	NC_009656.1	100.000	4563263	4563234	30	19392	19421	1.24e-06	56.5	30
NZ_CAADQL010001089.1	NC_009656.1	100.000	4925396	4925425	30	19392	19421	1.24e-06	56.5	30
NZ_CAADQL010001089.1	NC_009656.1	100.000	6228621	6228650	30	19392	19421	1.24e-06	56.5	30
NZ_CAADQL010001091.1	NC_009656.1	100.000	6298955	6298926	30	4985	5014	3.18e-07	56.5	30
NZ_CAADQL010001095.1	NC_009656.1	100.000	5782615	5782646	32	2125	2156	4.15e-08	60.2	32
NZ_CAADQL010001097.1	NC_009656.1	99.875	6249334	6250131	798	1	798	0.0	1469	797
NZ_CAADQL010001102.1	NC_009656.1	100.000	1558077	1558048	30	1372	1401	8.79e-08	56.5	30
NZ_CAADQL010001102.1	NC_009656.1	100.000	5798868	5798839	30	187	216	8.79e-08	56.5	30
NZ_CAADQL010001103.1	NC_009656.1	100.000	5528485	5528514	30	2916	2945	1.86e-07	56.5	30
NZ_CAADQL010001107.1	NC_009656.1	99.923	4581992	4580694	1299	1	1299	0.0	2394	1298
NZ_CAADQL010001108.1	NC_009656.1	100.000	6056765	6056792	28	2	29	1.49e-06	52.8	28
NZ_CAADQL010001108.1	NC_009656.1	100.000	6498287	6498314	28	2	29	1.49e-06	52.8	28
NZ_CAADQL010001110.1	NC_009656.1	100.000	5169553	5169524	30	1	30	6.89e-08	56.5	30
NZ_CAADQL010001114.1	NC_009656.1	98.869	665777	665160	619	1	619	0.0	1103	612
NZ_CAADQL010001116.1	NC_009656.1	98.756	1240914	1241717	804	1	804	0.0	1430	794
NZ_CAADQL010001118.1	NC_009656.1	100.000	3725269	3725240	30	606	635	3.90e-08	56.5	30
NZ_CAADQL010001122.1	NC_009656.1	100.000	5054936	5054907	30	568	597	3.67e-08	56.5	30
NZ_CAADQL010001125.1	NC_009656.1	100.000	1054792	1054820	29	1	29	3.33e-07	54.7	29
NZ_CAADQL010001136.1	NC_009656.1	100.000	6244762	6243348	1415	1	1415	0.0	2614	1415
NZ_CAADQL010001146.1	NC_009656.1	100.000	3794409	3794381	29	881	909	5.01e-07	54.7	29
NZ_CAADQL010001147.1	NC_009656.1	100.000	540811	540784	28	1689	1716	1.40e-06	52.8	28
NZ_CAADQL010001155.1	NC_009656.1	100.000	4728076	4728105	30	1	30	8.08e-07	56.5	30
NZ_CAADQL010001161.1	NC_009656.1	99.522	2521060	2521477	418	359	776	0.0	761	416
NZ_CAADQL010001161.1	NC_009656.1	98.780	2520734	2521061	328	1	328	4.95e-167	584	324
NZ_CAADQL010001163.1	NC_009656.1	100.000	2390828	2390799	30	2858	2887	1.83e-07	56.5	30
NZ_CAADQL010001168.1	NC_009656.1	99.404	3914848	3913506	1343	4	1346	0.0	2436	1335
NZ_CAADQL010001170.1	NC_009656.1	98.284	5738514	5737641	874	1	874	0.0	1531	859
NZ_CAADQL010001188.1	NC_009656.1	100.000	137639	138138	500	1	500	0.0	924	500
NZ_CAADQL010001192.1	NC_009656.1	100.000	6498280	6498307	28	2099	2126	1.73e-06	52.8	28
NZ_CAADQL010001212.1	NC_009656.1	100.000	4659312	4659340	29	2913	2941	6.69e-07	54.7	29
NZ_CAADQL010001222.1	NC_009656.1	100.000	2882630	2882601	30	1	30	1.77e-07	56.5	30
NZ_CAADQL010001223.1	NC_009656.1	99.756	3171083	3162495	8590	1	8588	0.0	15743	8569
NZ_CAADQL010001224.1	NC_009656.1	100.000	4368786	4368757	30	1	30	1.91e-07	56.5	30
NZ_CAADQL010001224.1	NC_009656.1	100.000	2888437	2888465	29	1	29	6.86e-07	54.7	29
NZ_CAADQL010001224.1	NC_009656.1	100.000	4826493	4826521	29	1	29	6.86e-07	54.7	29
NZ_CAADQL010001224.1	NC_009656.1	100.000	4926604	4926632	29	1	29	6.86e-07	54.7	29
NZ_CAADQL010001231.1	NC_009656.1	100.000	5306028	5305947	82	456	537	4.34e-37	152	82
NZ_CAADQL010001231.1	NC_009656.1	100.000	5295107	5295027	81	491	571	1.56e-36	150	81
NZ_CAADQL010001231.1	NC_009656.1	100.000	3583927	3583954	28	544	571	4.53e-07	52.8	28
NZ_CAADQL010001231.1	NC_009656.1	100.000	5110450	5110423	28	544	571	4.53e-07	52.8	28
NZ_CAADQL010001233.1	NC_009656.1	99.115	706432	704513	1920	1	1920	0.0	3452	1903
NZ_CAADQL010001233.1	NC_009656.1	98.750	5202707	5204626	1920	1	1920	0.0	3413	1896
NZ_CAADQL010001243.1	NC_009656.1	100.000	1763197	1763165	33	316	348	3.32e-09	62.1	33
NZ_CAADQL010001249.1	NC_009656.1	100.000	5089631	5089660	30	2384	2413	1.52e-07	56.5	30
NZ_CAADQL010001255.1	NC_009656.1	100.000	958466	958495	30	921	950	5.91e-08	56.5	30
NZ_CAADQL010001258.1	NC_009656.1	100.000	6195222	6195251	30	840	869	5.40e-08	56.5	30
NZ_CAADQL010001267.1	NC_009656.1	98.235	816471	815339	1133	1	1133	0.0	1982	1113
NZ_CAADQL010001272.1	NC_009656.1	98.567	5535581	5534884	698	1	698	0.0	1234	688
NZ_CAADQL010001277.1	NC_009656.1	100.000	2321497	2321525	29	3484	3512	1.55e-06	54.7	29
NZ_CAADQL010001295.1	NC_009656.1	98.068	4816493	4817993	1501	1	1501	0.0	2612	1472
NZ_CAADQL010001298.1	NC_009656.1	98.698	2991369	2993134	1767	1	1767	0.0	3134	1744
NZ_CAADQL010001316.1	NC_009656.1	99.245	4598029	4600941	2913	1	2913	0.0	5258	2891
NZ_CAADQL010001321.1	NC_009656.1	99.908	1892081	1894243	2163	1	2163	0.0	3984	2161
NZ_CAADQL010001333.1	NC_009656.1	100.000	5838935	5838963	29	1	29	1.94e-07	54.7	29
NZ_CAADQL010001345.1	NC_009656.1	98.119	830970	831873	904	1	904	0.0	1576	887
NZ_CAADQL010001353.1	NC_009656.1	100.000	3447902	3447875	28	3	30	1.86e-06	52.8	28
NZ_CAADQL010001362.1	NC_009656.1	100.000	2819327	2819293	35	1156	1190	1.26e-10	65.8	35
NZ_CAADQL010001365.1	NC_009656.1	98.419	3577568	3576620	949	1	949	0.0	1670	934
NZ_CAADQL010001367.1	NC_009656.1	100.000	2038287	2038258	30	913	942	5.86e-08	56.5	30
NZ_CAADQL010001372.1	NC_009656.1	98.276	558424	556743	1682	1	1682	0.0	2946	1653
NZ_CAADQL010001393.1	NC_009656.1	100.000	56257	56285	29	1	29	1.63e-07	54.7	29
NZ_CAADQL010001393.1	NC_009656.1	100.000	2829719	2829747	29	1	29	1.63e-07	54.7	29
NZ_CAADQL010001393.1	NC_009656.1	100.000	2834536	2834564	29	1	29	1.63e-07	54.7	29
NZ_CAADQL010001400.1	NC_009656.1	98.981	6575920	6578961	3042	1	3041	0.0	5445	3011
NZ_CAADQL010001403.1	NC_009656.1	100.000	5270168	5270197	30	587	616	3.79e-08	56.5	30
NZ_CAADQL010001405.1	NC_009656.1	99.099	6575395	6575949	555	1	555	0.0	998	550
NZ_CAADQL010001406.1	NC_009656.1	98.621	5536147	5535859	290	406	695	2.12e-145	512	286
NZ_CAADQL010001409.1	NC_009656.1	98.610	2768329	2766603	1727	1	1727	0.0	3057	1703
NZ_CAADQL010001409.1	NC_009656.1	100.000	540789	540816	28	1	28	1.40e-06	52.8	28
NZ_CAADQL010001420.1	NC_009656.1	100.000	2370356	2370383	28	1	28	6.10e-07	52.8	28
NZ_CAADQL010001440.1	NC_009656.1	98.124	2982084	2983682	1599	1	1599	0.0	2787	1569
NZ_CAADQL010001447.1	NC_009656.1	100.000	55501	55528	28	845	872	7.00e-07	52.8	28
NZ_CAADQL010001447.1	NC_009656.1	100.000	2813030	2813057	28	845	872	7.00e-07	52.8	28
NZ_CAADQL010001447.1	NC_009656.1	100.000	2831156	2831183	28	845	872	7.00e-07	52.8	28
NZ_CAADQL010001449.1	NC_009656.1	100.000	6238457	6239135	679	1	679	0.0	1254	679
NZ_CAADQL010001453.1	NC_009656.1	98.167	198363	200108	1746	1	1746	0.0	3048	1714
NZ_CAADQL010001464.1	NC_009656.1	100.000	2888437	2888466	30	1	30	7.43e-08	56.5	30
NZ_CAADQL010001464.1	NC_009656.1	100.000	4368786	4368758	29	1	29	2.67e-07	54.7	29
NZ_CAADQL010001464.1	NC_009656.1	100.000	4826493	4826521	29	1	29	2.67e-07	54.7	29
NZ_CAADQL010001464.1	NC_009656.1	100.000	4926604	4926632	29	1	29	2.67e-07	54.7	29
NZ_CAADQL010001471.1	NC_009656.1	99.219	2833853	2833980	128	30	157	9.26e-61	231	127
NZ_CAADQL010001481.1	NC_009656.1	98.046	3459825	3461666	1842	1	1841	0.0	3201	1806
NZ_CAADQL010001483.1	NC_009656.1	100.000	5169524	5169553	30	1	30	2.18e-07	56.5	30
NZ_CAADQL010001483.1	NC_009656.1	100.000	3447875	3447902	28	1	28	2.82e-06	52.8	28
NZ_CAADQL010001487.1	NC_009656.1	99.842	2811485	2810852	634	1	634	0.0	1166	633
NZ_CAADQL010001487.1	NC_009656.1	99.842	2824336	2823703	634	1	634	0.0	1166	633
NZ_CAADQL010001489.1	NC_009656.1	100.000	3400277	3400305	29	2	30	1.98e-07	54.7	29
NZ_CAADQL010001489.1	NC_009656.1	100.000	1113452	1113479	28	861	888	7.14e-07	52.8	28
NZ_CAADQL010001495.1	NC_009656.1	100.000	2390640	2390667	28	1	28	9.38e-07	52.8	28
NZ_CAADQL010001495.1	NC_009656.1	100.000	2635947	2635974	28	1	28	9.38e-07	52.8	28
NZ_CAADQL010001501.1	NC_009656.1	98.323	3910749	3909975	775	1	775	0.0	1360	762
NZ_CAADQL010001507.1	NC_009656.1	100.000	1934654	1934683	30	1	30	4.80e-08	56.5	30
NZ_CAADQL010001507.1	NC_009656.1	100.000	5270194	5270165	30	2	31	4.80e-08	56.5	30
NZ_CAADQL010001511.1	NC_009656.1	100.000	3631481	3631511	31	1	31	1.57e-08	58.4	31
NZ_CAADQL010001519.1	NC_009656.1	100.000	139952	139982	31	1	31	1.04e-08	58.4	31
NZ_CAADQL010001520.1	NC_009656.1	98.629	4851074	4852021	948	1	948	0.0	1679	935
NZ_CAADQL010001523.1	NC_009656.1	100.000	2343639	2343610	30	1078	1107	6.91e-08	56.5	30
NZ_CAADQL010001528.1	NC_009656.1	98.710	2320465	2319691	775	1	775	0.0	1376	765
NZ_CAADQL010001537.1	NC_009656.1	100.000	5501837	5501865	29	614	642	1.42e-07	54.7	29
