JTYI01000001.1	NC_009656.1	100.000	5270168	5270206	39	69692	69730	1.69e-10	73.1	39
JTYI01000001.1	NC_009656.1	100.000	1262302	1262269	34	266192	266225	1.01e-07	63.9	34
JTYI01000010.1	NC_009656.1	100.000	1254881	1254839	43	89779	89821	8.92e-13	80.5	43
JTYI01000010.1	NC_009656.1	100.000	1054789	1054822	34	49370	49403	8.98e-08	63.9	34
JTYI01000010.1	NC_009656.1	100.000	537623	537655	33	97828	97860	3.23e-07	62.1	33
JTYI01000010.1	NC_009656.1	100.000	5798839	5798868	30	228257	228286	1.50e-05	56.5	30
JTYI01000010.1	NC_009656.1	100.000	1699769	1699797	29	56304	56332	5.40e-05	54.7	29
JTYI01000010.1	NC_009656.1	100.000	509810	509837	28	128689	128716	1.94e-04	52.8	28
JTYI01000012.1	NC_009656.1	99.029	1900200	1900405	206	102982	103187	5.63e-100	370	204
JTYI01000012.1	NC_009656.1	100.000	1900323	1900404	82	103296	103377	2.22e-34	152	82
JTYI01000012.1	NC_009656.1	98.795	5325918	5326000	83	54739	54821	2.87e-33	148	82
JTYI01000012.1	NC_009656.1	100.000	2390513	2390591	79	63740	63818	1.03e-32	147	79
JTYI01000012.1	NC_009656.1	100.000	2390514	2390589	76	64032	64107	4.80e-31	141	76
JTYI01000012.1	NC_009656.1	100.000	2002682	2002653	30	28170	28199	1.79e-05	56.5	30
JTYI01000012.1	NC_009656.1	100.000	1038123	1038095	29	70132	70160	6.43e-05	54.7	29
JTYI01000013.1	NC_009656.1	100.000	879098	879131	34	53537	53570	4.70e-08	63.9	34
JTYI01000013.1	NC_009656.1	100.000	879098	879131	34	53642	53675	4.70e-08	63.9	34
JTYI01000013.1	NC_009656.1	100.000	6517439	6517407	33	47913	47945	1.69e-07	62.1	33
JTYI01000013.1	NC_009656.1	100.000	1730770	1730800	31	37150	37180	2.19e-06	58.4	31
JTYI01000013.1	NC_009656.1	100.000	1009457	1009486	30	47232	47261	7.86e-06	56.5	30
JTYI01000014.1	NC_009656.1	98.095	4835927	4827739	8190	227812	235998	0.0	14257	8034
JTYI01000014.1	NC_009656.1	100.000	4924245	4924198	48	57542	57589	1.65e-15	89.8	48
JTYI01000014.1	NC_009656.1	100.000	1203654	1203622	33	189772	189804	3.60e-07	62.1	33
JTYI01000015.1	NC_009656.1	100.000	4728025	4728105	81	69744	69824	4.42e-34	150	81
JTYI01000015.1	NC_009656.1	100.000	5325750	5325827	78	788	865	2.06e-32	145	78
JTYI01000017.1	NC_009656.1	100.000	21361	21334	28	146181	146208	1.49e-04	52.8	28
JTYI01000018.1	NC_009656.1	98.699	2829752	2831135	1384	1740	3122	0.0	2455	1366
JTYI01000018.1	NC_009656.1	98.031	2809256	2810271	1016	1	1016	0.0	1766	996
JTYI01000018.1	NC_009656.1	98.925	2822751	2823122	372	645	1016	0.0	665	368
JTYI01000018.1	NC_009656.1	98.442	51193	51513	321	1059	1379	8.86e-161	566	316
JTYI01000002.1	NC_009656.1	100.000	2497716	2497689	28	38358	38385	4.05e-05	52.8	28
JTYI01000021.1	NC_009656.1	100.000	2717949	2717917	33	80915	80947	2.89e-07	62.1	33
JTYI01000021.1	NC_009656.1	100.000	5753123	5753091	33	112808	112840	2.89e-07	62.1	33
JTYI01000021.1	NC_009656.1	100.000	2889342	2889312	31	80917	80947	3.73e-06	58.4	31
JTYI01000022.1	NC_009656.1	100.000	6520059	6520030	30	94903	94932	1.19e-05	56.5	30
JTYI01000024.1	NC_009656.1	98.272	689324	716962	27663	194237	221864	0.0	48381	27185
JTYI01000024.1	NC_009656.1	100.000	5306028	5305947	82	120495	120576	3.01e-34	152	82
JTYI01000024.1	NC_009656.1	98.795	2029292	2029210	83	102391	102473	3.89e-33	148	82
JTYI01000024.1	NC_009656.1	100.000	4659389	4659312	78	102563	102640	5.04e-32	145	78
JTYI01000024.1	NC_009656.1	98.000	4573802	4573753	50	102596	102645	8.61e-15	87.9	49
JTYI01000024.1	NC_009656.1	100.000	2359776	2359743	34	324856	324889	1.45e-07	63.9	34
JTYI01000024.1	NC_009656.1	100.000	2370352	2370383	32	102180	102211	1.88e-06	60.2	32
JTYI01000024.1	NC_009656.1	100.000	566142	566114	29	171610	171638	8.73e-05	54.7	29
JTYI01000024.1	NC_009656.1	100.000	3447902	3447875	28	244501	244528	3.14e-04	52.8	28
JTYI01000024.1	NC_009656.1	100.000	3583927	3583954	28	120583	120610	3.14e-04	52.8	28
JTYI01000025.1	NC_009656.1	98.142	5104309	5103126	1184	226116	227299	0.0	2065	1162
JTYI01000025.1	NC_009656.1	98.654	2813627	2814146	520	376	895	0.0	922	513
JTYI01000025.1	NC_009656.1	100.000	5221132	5221098	35	226116	226150	2.50e-08	65.8	35
JTYI01000025.1	NC_009656.1	100.000	2813049	2813018	32	200	231	1.16e-06	60.2	32
JTYI01000025.1	NC_009656.1	100.000	2831175	2831144	32	200	231	1.16e-06	60.2	32
JTYI01000025.1	NC_009656.1	100.000	56283	56253	31	917	947	4.18e-06	58.4	31
JTYI01000025.1	NC_009656.1	100.000	2834562	2834532	31	917	947	4.18e-06	58.4	31
JTYI01000025.1	NC_009656.1	100.000	3926978	3927006	29	104041	104069	5.41e-05	54.7	29
JTYI01000025.1	NC_009656.1	100.000	1704361	1704388	28	202109	202136	1.94e-04	52.8	28
JTYI01000026.1	NC_009656.1	98.182	6228674	6228620	55	323	377	1.37e-17	97.1	54
JTYI01000027.1	NC_009656.1	100.000	630183	630150	34	35150	35183	2.59e-08	63.9	34
JTYI01000029.1	NC_009656.1	98.220	2539652	2549873	10225	173528	183750	0.0	17869	10043
JTYI01000029.1	NC_009656.1	100.000	2390752	2390829	78	337767	337844	5.98e-32	145	78
JTYI01000029.1	NC_009656.1	100.000	2390591	2390667	77	337766	337842	2.15e-31	143	77
JTYI01000029.1	NC_009656.1	100.000	4138763	4138717	47	186482	186528	1.02e-14	87.9	47
JTYI01000029.1	NC_009656.1	100.000	604664	604691	28	102756	102783	3.73e-04	52.8	28
JTYI01000029.1	NC_009656.1	100.000	6397298	6397271	28	34460	34487	3.73e-04	52.8	28
JTYI01000003.1	NC_009656.1	99.697	101388	111288	9903	83516	93416	0.0	18118	9873
JTYI01000030.1	NC_009656.1	100.000	630183	630150	34	102692	102725	4.53e-08	63.9	34
JTYI01000030.1	NC_009656.1	100.000	1890531	1890503	29	35037	35065	2.73e-05	54.7	29
JTYI01000030.1	NC_009656.1	100.000	5838963	5838935	29	108090	108118	2.73e-05	54.7	29
JTYI01000031.1	NC_009656.1	100.000	879042	879006	37	24840	24876	7.77e-10	69.4	37
JTYI01000032.1	NC_009656.1	100.000	1054741	1054773	33	106163	106195	1.94e-07	62.1	33
JTYI01000032.1	NC_009656.1	100.000	3180128	3180100	29	34350	34378	3.24e-05	54.7	29
JTYI01000033.1	NC_009656.1	100.000	5674215	5674245	31	1	31	2.29e-08	58.4	31
JTYI01000034.1	NC_009656.1	100.000	5169553	5169525	29	66648	66676	1.83e-05	54.7	29
JTYI01000035.1	NC_009656.1	100.000	1181161	1181196	36	38110	38145	1.67e-09	67.6	36
JTYI01000035.1	NC_009656.1	100.000	103451	103479	29	11306	11334	1.30e-05	54.7	29
JTYI01000035.1	NC_009656.1	100.000	2321525	2321497	29	22229	22257	1.30e-05	54.7	29
JTYI01000036.1	NC_009656.1	100.000	2917918	2917956	39	32294	32332	4.29e-11	73.1	39
JTYI01000036.1	NC_009656.1	100.000	2427846	2427813	34	47246	47279	2.58e-08	63.9	34
JTYI01000036.1	NC_009656.1	100.000	1704353	1704385	33	49302	49334	9.28e-08	62.1	33
JTYI01000036.1	NC_009656.1	100.000	1704354	1704385	32	49188	49219	3.34e-07	60.2	32
JTYI01000036.1	NC_009656.1	100.000	4592156	4592125	32	37506	37537	3.34e-07	60.2	32
JTYI01000036.1	NC_009656.1	100.000	1204801	1204831	31	36457	36487	1.20e-06	58.4	31
JTYI01000036.1	NC_009656.1	100.000	1204800	1204828	29	36696	36724	1.55e-05	54.7	29
JTYI01000036.1	NC_009656.1	100.000	2886934	2886962	29	36516	36544	1.55e-05	54.7	29
JTYI01000036.1	NC_009656.1	100.000	1204501	1204528	28	37478	37505	5.59e-05	52.8	28
JTYI01000036.1	NC_009656.1	100.000	1204561	1204588	28	36457	36484	5.59e-05	52.8	28
JTYI01000036.1	NC_009656.1	100.000	1204801	1204828	28	37418	37445	5.59e-05	52.8	28
JTYI01000036.1	NC_009656.1	100.000	2886935	2886962	28	36877	36904	5.59e-05	52.8	28
JTYI01000037.1	NC_009656.1	100.000	2390829	2390752	78	73977	74054	2.08e-32	145	78
JTYI01000037.1	NC_009656.1	100.000	2038284	2038208	77	74057	74133	7.49e-32	143	77
JTYI01000037.1	NC_009656.1	100.000	2038575	2038500	76	74057	74132	2.69e-31	141	76
JTYI01000037.1	NC_009656.1	100.000	2390667	2390592	76	73819	73894	2.69e-31	141	76
JTYI01000037.1	NC_009656.1	98.734	2635974	2635896	79	73819	73897	2.69e-31	141	78
JTYI01000037.1	NC_009656.1	100.000	2635974	2635899	76	73979	74054	2.69e-31	141	76
JTYI01000037.1	NC_009656.1	100.000	5089668	5089635	34	104683	104716	6.00e-08	63.9	34
JTYI01000037.1	NC_009656.1	100.000	3387614	3387642	29	143005	143033	3.61e-05	54.7	29
JTYI01000038.1	NC_009656.1	98.086	2077963	2078171	209	36881	37089	1.03e-98	364	205
JTYI01000038.1	NC_009656.1	100.000	2078273	2078354	82	37000	37081	8.76e-35	152	82
JTYI01000039.1	NC_009656.1	100.000	1593807	1593776	32	42	73	6.69e-07	60.2	32
JTYI01000039.1	NC_009656.1	100.000	2889344	2889313	32	42	73	6.69e-07	60.2	32
JTYI01000039.1	NC_009656.1	100.000	2717947	2717918	30	44	73	8.66e-06	56.5	30
JTYI01000039.1	NC_009656.1	100.000	5110423	5110450	28	32718	32745	1.12e-04	52.8	28
JTYI01000004.1	NC_009656.1	98.078	1249937	1235116	14830	51450	66264	0.0	25785	14545
JTYI01000004.1	NC_009656.1	100.000	377668	377639	30	75237	75266	7.75e-06	56.5	30
JTYI01000004.1	NC_009656.1	100.000	857764	857792	29	38355	38383	2.79e-05	54.7	29
JTYI01000041.1	NC_009656.1	100.000	3794381	3794409	29	95359	95387	2.43e-05	54.7	29
JTYI01000043.1	NC_009656.1	98.406	2995611	2971839	23779	4671	28434	0.0	41792	23400
JTYI01000043.1	NC_009656.1	98.504	5510168	5511103	936	1	936	0.0	1652	922
JTYI01000044.1	NC_009656.1	100.000	5498441	5497561	881	1406	2286	0.0	1628	881
JTYI01000044.1	NC_009656.1	99.887	5511660	5512543	884	1406	2289	0.0	1628	883
JTYI01000044.1	NC_009656.1	99.874	5509266	5508471	796	1	796	0.0	1465	795
JTYI01000044.1	NC_009656.1	100.000	5512691	5512569	123	1283	1405	8.56e-58	228	123
JTYI01000044.1	NC_009656.1	100.000	6347752	6347719	34	42026	42059	2.55e-08	63.9	34
JTYI01000044.1	NC_009656.1	100.000	2779824	2779792	33	22680	22712	9.19e-08	62.1	33
JTYI01000044.1	NC_009656.1	100.000	1730800	1730770	31	32717	32747	1.19e-06	58.4	31
JTYI01000044.1	NC_009656.1	100.000	1730800	1730770	31	32586	32616	1.19e-06	58.4	31
JTYI01000044.1	NC_009656.1	100.000	1730800	1730770	31	32454	32484	1.19e-06	58.4	31
JTYI01000005.1	NC_009656.1	100.000	207193	207158	36	9129	9164	8.37e-10	67.6	36
JTYI01000005.1	NC_009656.1	100.000	5782646	5782615	32	22227	22258	1.40e-07	60.2	32
JTYI01000005.1	NC_009656.1	100.000	4275878	4275848	31	9131	9161	5.04e-07	58.4	31
JTYI01000050.1	NC_009656.1	100.000	2827635	2827570	66	1033	1098	3.29e-27	122	66
JTYI01000050.1	NC_009656.1	100.000	2834565	2834533	33	4072	4104	7.27e-09	62.1	33
JTYI01000050.1	NC_009656.1	100.000	56285	56254	32	1552	1583	2.62e-08	60.2	32
JTYI01000050.1	NC_009656.1	100.000	2834564	2834533	32	1552	1583	2.62e-08	60.2	32
JTYI01000056.1	NC_009656.1	99.091	2824896	2825775	880	1	880	0.0	1581	872
JTYI01000056.1	NC_009656.1	100.000	2829745	2829715	31	1111	1141	2.24e-08	58.4	31
JTYI01000057.1	NC_009656.1	98.174	2813627	2814062	438	2385	2822	0.0	763	430
JTYI01000058.1	NC_009656.1	98.917	2812273	2813011	739	1657	2395	0.0	1321	731
JTYI01000058.1	NC_009656.1	100.000	2829745	2829715	31	2524	2554	2.83e-07	58.4	31
JTYI01000058.1	NC_009656.1	100.000	2829745	2829715	31	453	483	2.83e-07	58.4	31
JTYI01000006.1	NC_009656.1	100.000	1113452	1113485	34	267956	267989	1.76e-07	63.9	34
JTYI01000006.1	NC_009656.1	100.000	1763197	1763165	33	205086	205118	6.33e-07	62.1	33
JTYI01000006.1	NC_009656.1	100.000	5753120	5753091	30	698	727	2.95e-05	56.5	30
JTYI01000062.1	NC_009656.1	98.008	2521026	2520274	753	1	753	0.0	1308	738
JTYI01000063.1	NC_009656.1	99.219	816376	816503	128	1	128	4.72e-59	231	127
JTYI01000063.1	NC_009656.1	100.000	1054741	1054776	36	47722	47757	1.41e-09	67.6	36
JTYI01000065.1	NC_009656.1	98.108	815339	816395	1057	1	1057	0.0	1842	1037
JTYI01000068.1	NC_009656.1	98.095	56180	56284	105	1	105	4.00e-46	183	103
JTYI01000068.1	NC_009656.1	98.095	2834459	2834563	105	1	105	4.00e-46	183	103
JTYI01000068.1	NC_009656.1	100.000	2813588	2813624	37	70	106	1.17e-11	69.4	37
JTYI01000069.1	NC_009656.1	98.283	48310	48542	233	3104	3336	1.41e-113	409	229
JTYI01000069.1	NC_009656.1	98.283	2807477	2807709	233	3104	3336	1.41e-113	409	229
JTYI01000070.1	NC_009656.1	99.043	2822538	2821180	1359	1	1358	0.0	2436	1346
JTYI01000070.1	NC_009656.1	98.601	50108	49966	143	2	144	2.99e-67	254	141
JTYI01000070.1	NC_009656.1	98.601	2809275	2809133	143	2	144	2.99e-67	254	141
JTYI01000070.1	NC_009656.1	98.750	56284	56205	80	1364	1443	6.76e-34	143	79
JTYI01000070.1	NC_009656.1	98.750	2834563	2834484	80	1364	1443	6.76e-34	143	79
JTYI01000070.1	NC_009656.1	100.000	2813018	2813049	32	1365	1396	7.00e-09	60.2	32
JTYI01000070.1	NC_009656.1	100.000	2829746	2829715	32	1364	1395	7.00e-09	60.2	32
JTYI01000070.1	NC_009656.1	100.000	2831144	2831175	32	1365	1396	7.00e-09	60.2	32
JTYI01000071.1	NC_009656.1	99.057	55544	56073	530	1	530	0.0	952	525
JTYI01000071.1	NC_009656.1	99.612	2813073	2813587	515	1	515	0.0	941	513
JTYI01000071.1	NC_009656.1	99.029	2831199	2831713	515	1	515	0.0	924	510
JTYI01000071.1	NC_009656.1	98.649	2833983	2834352	370	161	530	0.0	656	365
JTYI01000073.1	NC_009656.1	99.291	2521338	2521478	141	1	141	5.07e-67	255	140
JTYI01000077.1	NC_009656.1	99.139	5571673	5568324	3367	1	3367	0.0	6041	3338
JTYI01000077.1	NC_009656.1	99.109	4988357	4985008	3367	1	3367	0.0	6035	3337
JTYI01000077.1	NC_009656.1	99.109	6358909	6355560	3367	1	3367	0.0	6035	3337
JTYI01000077.1	NC_009656.1	99.079	806808	810157	3367	1	3367	0.0	6030	3336
JTYI01000077.1	NC_009656.1	99.752	5568227	5566209	2020	3404	5423	0.0	3701	2015
JTYI01000077.1	NC_009656.1	99.653	6355463	6353445	2020	3404	5423	0.0	3690	2013
JTYI01000077.1	NC_009656.1	99.653	810254	812269	2017	3404	5420	0.0	3685	2010
JTYI01000077.1	NC_009656.1	99.604	4984911	4982893	2020	3404	5423	0.0	3685	2012
JTYI01000008.1	NC_009656.1	98.592	5412979	5412909	71	8392	8462	1.20e-26	126	70
JTYI01000008.1	NC_009656.1	98.485	4150354	4150289	66	88836	88901	7.24e-24	117	65
JTYI01000008.1	NC_009656.1	100.000	1203622	1203654	33	190304	190336	3.44e-07	62.1	33
JTYI01000008.1	NC_009656.1	100.000	4760196	4760165	32	78460	78491	1.24e-06	60.2	32
JTYI01000080.1	NC_009656.1	98.041	5536006	5534884	1123	1	1123	0.0	1953	1101
JTYI01000083.1	NC_009656.1	98.209	2847540	2847874	335	1	335	1.28e-167	586	329
JTYI01000009.1	NC_009656.1	100.000	3725240	3725269	30	22077	22106	1.69e-05	56.5	30
JTYI01000090.1	NC_009656.1	99.688	3860755	3861394	640	2879	3518	0.0	1171	638
JTYI01000090.1	NC_009656.1	100.000	5509246	5509772	527	1	527	0.0	974	527
JTYI01000093.1	NC_009656.1	100.000	54444	54417	28	120	147	1.31e-06	52.8	28
