LLQP01000001.1	NC_009656.1	99.059	4426969	4562451	135544	335277	470760	0.0	2.431e+05	134268
LLQP01000001.1	NC_009656.1	99.403	4158591	4263460	104882	71748	176609	0.0	1.902e+05	104256
LLQP01000001.1	NC_009656.1	99.586	4725155	4819648	94499	548793	643284	0.0	1.723e+05	94108
LLQP01000001.1	NC_009656.1	99.668	4275914	4368757	92869	189023	281877	0.0	1.698e+05	92561
LLQP01000001.1	NC_009656.1	99.437	4088081	4158464	70399	6	70393	0.0	1.278e+05	70003
LLQP01000001.1	NC_009656.1	99.668	4659100	4724515	65427	471943	537356	0.0	1.196e+05	65210
LLQP01000001.1	NC_009656.1	99.504	4369994	4411694	41702	281875	323572	0.0	75857	41495
LLQP01000001.1	NC_009656.1	99.383	4263695	4275850	12157	176869	189025	0.0	22033	12082
LLQP01000001.1	NC_009656.1	99.519	4819598	4824999	5402	664385	669786	0.0	9832	5376
LLQP01000001.1	NC_009656.1	100.000	4368758	4368995	238	710172	710409	1.07e-120	440	238
LLQP01000001.1	NC_009656.1	99.580	2429181	2429418	238	710172	710409	4.98e-119	435	237
LLQP01000001.1	NC_009656.1	99.580	2539615	2539378	238	710172	710409	4.98e-119	435	237
LLQP01000001.1	NC_009656.1	99.580	4826521	4826284	238	710172	710409	4.98e-119	435	237
LLQP01000001.1	NC_009656.1	99.160	2888465	2888228	238	710172	710409	2.32e-117	429	236
LLQP01000001.1	NC_009656.1	99.163	4926632	4926394	239	710172	710409	2.32e-117	429	237
LLQP01000001.1	NC_009656.1	100.000	4728026	4728105	80	551850	551929	7.27e-33	148	80
LLQP01000001.1	NC_009656.1	100.000	4728212	4728291	80	551664	551743	7.27e-33	148	80
LLQP01000001.1	NC_009656.1	100.000	5325750	5325827	78	472154	472231	9.40e-32	145	78
LLQP01000001.1	NC_009656.1	100.000	1054820	1054790	31	599348	599378	1.26e-05	58.4	31
LLQP01000001.1	NC_009656.1	100.000	2502424	2502396	29	535063	535091	1.63e-04	54.7	29
LLQP01000001.1	NC_009656.1	100.000	5186893	5186921	29	351462	351490	1.63e-04	54.7	29
LLQP01000002.1	NC_009656.1	99.706	5892703	6081082	188386	1638	190018	0.0	3.448e+05	187833
LLQP01000003.1	NC_009656.1	99.792	2847275	2847755	481	1	481	0.0	883	480
LLQP01000004.1	NC_009656.1	99.167	6408209	6407730	480	1	480	0.0	865	476
LLQP01000005.1	NC_009656.1	99.791	4368817	4369295	479	1	479	0.0	880	478
LLQP01000005.1	NC_009656.1	99.582	2429240	2429718	479	1	479	0.0	874	477
LLQP01000005.1	NC_009656.1	99.582	2539556	2539078	479	1	479	0.0	874	477
LLQP01000005.1	NC_009656.1	99.374	2888406	2887928	479	1	479	0.0	869	476
LLQP01000005.1	NC_009656.1	99.374	4826462	4825984	479	1	479	0.0	869	476
LLQP01000005.1	NC_009656.1	99.375	4926573	4926094	480	1	479	0.0	869	477
LLQP01000005.1	NC_009656.1	99.099	4562455	4562565	111	369	479	1.27e-51	200	110
LLQP01000006.1	NC_009656.1	100.000	2848315	2847837	479	1	479	0.0	885	479
LLQP01000007.1	NC_009656.1	99.374	883892	884370	479	1	479	0.0	869	476
LLQP01000007.1	NC_009656.1	99.374	3503226	3503704	479	1	479	0.0	869	476
LLQP01000008.1	NC_009656.1	99.582	2014749	2014511	239	238	476	8.85e-123	436	238
LLQP01000009.1	NC_009656.1	100.000	812241	811779	463	1	463	0.0	856	463
LLQP01000009.1	NC_009656.1	100.000	4982924	4983386	463	1	463	0.0	856	463
LLQP01000009.1	NC_009656.1	99.784	6353476	6353938	463	1	463	0.0	850	462
LLQP01000009.1	NC_009656.1	99.352	5566240	5566702	463	1	463	0.0	839	460
LLQP01000013.1	NC_009656.1	99.646	2800294	2704540	95766	1	95763	0.0	1.750e+05	95427
LLQP01000013.1	NC_009656.1	99.494	2703436	2638382	65061	96535	161582	0.0	1.183e+05	64732
LLQP01000013.1	NC_009656.1	98.844	2638379	2635959	2422	161676	164095	0.0	4314	2394
LLQP01000013.1	NC_009656.1	100.000	3019622	3019654	33	20471	20503	2.52e-07	62.1	33
LLQP01000014.1	NC_009656.1	100.000	4826070	4826521	452	1	452	0.0	835	452
LLQP01000014.1	NC_009656.1	99.779	2888014	2888465	452	1	452	0.0	830	451
LLQP01000014.1	NC_009656.1	99.779	4926180	4926632	453	1	452	0.0	830	452
LLQP01000014.1	NC_009656.1	99.336	2429632	2429181	452	1	452	0.0	819	449
LLQP01000014.1	NC_009656.1	99.336	2539164	2539615	452	1	452	0.0	819	449
LLQP01000014.1	NC_009656.1	99.336	4369209	4368758	452	1	452	0.0	819	449
LLQP01000015.1	NC_009656.1	98.405	2931278	2930840	439	1	439	0.0	773	432
LLQP01000016.1	NC_009656.1	99.765	2847891	2848315	425	1	425	0.0	780	424
LLQP01000017.1	NC_009656.1	99.764	3503226	3503649	424	1	424	0.0	778	423
LLQP01000017.1	NC_009656.1	99.292	883892	884315	424	1	424	0.0	767	421
LLQP01000018.1	NC_009656.1	99.527	6119389	6118967	423	1	423	0.0	771	421
LLQP01000018.1	NC_009656.1	99.526	5103408	5102987	422	1	422	0.0	769	420
LLQP01000018.1	NC_009656.1	99.526	5412558	5412979	422	1	422	0.0	769	420
LLQP01000018.1	NC_009656.1	99.289	5285761	5286182	422	1	422	0.0	763	419
LLQP01000018.1	NC_009656.1	98.630	5221089	5220944	146	278	423	1.82e-69	259	144
LLQP01000019.1	NC_009656.1	98.565	5571666	5572083	418	1	418	0.0	739	412
LLQP01000020.1	NC_009656.1	100.000	1900405	1900323	83	157	239	8.22e-38	154	83
LLQP01000020.1	NC_009656.1	100.000	1900405	1900357	49	348	396	6.54e-19	91.6	49
LLQP01000020.1	NC_009656.1	100.000	1900370	1900323	48	1	48	2.35e-18	89.8	48
LLQP01000020.1	NC_009656.1	100.000	2078129	2078082	48	1	48	2.35e-18	89.8	48
LLQP01000021.1	NC_009656.1	99.746	2429240	2429632	393	1	393	0.0	721	392
LLQP01000021.1	NC_009656.1	99.746	2539556	2539164	393	1	393	0.0	721	392
LLQP01000021.1	NC_009656.1	99.746	4826462	4826070	393	1	393	0.0	721	392
LLQP01000021.1	NC_009656.1	99.491	2888406	2888014	393	1	393	0.0	715	391
LLQP01000021.1	NC_009656.1	99.491	4368817	4369209	393	1	393	0.0	715	391
LLQP01000021.1	NC_009656.1	99.492	4926573	4926180	394	1	393	0.0	715	392
LLQP01000022.1	NC_009656.1	98.953	2811603	2811413	191	1	191	1.60e-94	342	189
LLQP01000022.1	NC_009656.1	98.953	2824454	2824264	191	1	191	1.60e-94	342	189
LLQP01000024.1	NC_009656.1	99.573	1801107	1974129	173031	9348	182339	0.0	3.154e+05	172292
LLQP01000024.1	NC_009656.1	99.832	1796345	1801110	4766	4327	9092	0.0	8757	4758
LLQP01000024.1	NC_009656.1	99.634	3037401	3037673	273	182067	182339	4.47e-139	499	272
LLQP01000024.1	NC_009656.1	98.438	1262047	1262302	256	1	256	1.27e-124	451	252
LLQP01000024.1	NC_009656.1	99.010	2077963	2078164	202	108446	108647	6.12e-98	363	200
LLQP01000024.1	NC_009656.1	100.000	2078273	2078354	82	108565	108646	1.44e-34	152	82
LLQP01000026.1	NC_009656.1	98.742	52581	52898	318	1	318	8.41e-162	566	314
LLQP01000026.1	NC_009656.1	98.730	2818043	2818357	315	1	315	3.91e-160	560	311
LLQP01000027.1	NC_009656.1	99.717	5103056	5103408	353	1	353	0.0	647	352
LLQP01000027.1	NC_009656.1	99.717	5412910	5412558	353	1	353	0.0	647	352
LLQP01000027.1	NC_009656.1	99.717	6119037	6119389	353	1	353	0.0	647	352
LLQP01000027.1	NC_009656.1	99.433	5286113	5285761	353	1	353	0.0	641	351
LLQP01000027.1	NC_009656.1	100.000	5221014	5221089	76	1	76	5.66e-34	141	76
LLQP01000029.1	NC_009656.1	99.412	2847614	2847275	340	1	340	2.06e-177	617	338
LLQP01000030.1	NC_009656.1	100.000	2887928	2888252	325	1	325	1.98e-172	601	325
LLQP01000030.1	NC_009656.1	100.000	4926094	4926418	325	1	325	1.98e-172	601	325
LLQP01000030.1	NC_009656.1	99.692	2429718	2429394	325	1	325	9.21e-171	595	324
LLQP01000030.1	NC_009656.1	99.692	2539078	2539402	325	1	325	9.21e-171	595	324
LLQP01000030.1	NC_009656.1	99.692	4825984	4826308	325	1	325	9.21e-171	595	324
LLQP01000030.1	NC_009656.1	99.385	4369295	4368971	325	1	325	4.28e-169	590	323
LLQP01000030.1	NC_009656.1	99.099	4562565	4562455	111	1	111	8.44e-52	200	110
LLQP01000032.1	NC_009656.1	99.023	2825979	2826285	307	1	307	1.90e-157	551	304
LLQP01000032.1	NC_009656.1	99.023	2827800	2828106	307	1	307	1.90e-157	551	304
LLQP01000032.1	NC_009656.1	99.228	2811413	2811671	259	49	307	1.97e-132	468	257
LLQP01000032.1	NC_009656.1	99.228	2824264	2824522	259	49	307	1.97e-132	468	257
LLQP01000033.1	NC_009656.1	98.013	5571904	5571603	302	1	302	1.13e-149	525	296
LLQP01000034.1	NC_009656.1	99.668	5103287	5102987	301	1	301	1.86e-157	551	300
LLQP01000034.1	NC_009656.1	99.668	5412679	5412979	301	1	301	1.86e-157	551	300
LLQP01000034.1	NC_009656.1	99.668	6119268	6118968	301	1	301	1.86e-157	551	300
LLQP01000034.1	NC_009656.1	98.671	5285882	5286182	301	1	301	1.87e-152	534	297
LLQP01000035.1	NC_009656.1	99.598	2557113	2636020	78913	16650	95559	0.0	1.440e+05	78596
LLQP01000035.1	NC_009656.1	99.281	2539656	2556076	16421	237	16657	0.0	29671	16303
LLQP01000035.1	NC_009656.1	99.583	2430179	2430418	240	1	240	9.45e-121	438	239
LLQP01000035.1	NC_009656.1	99.580	2538617	2538380	238	1	238	1.22e-119	435	237
LLQP01000035.1	NC_009656.1	99.580	2887467	2887230	238	1	238	1.22e-119	435	237
LLQP01000035.1	NC_009656.1	99.580	4369756	4369993	238	1	238	1.22e-119	435	237
LLQP01000035.1	NC_009656.1	98.760	4563026	4563266	242	1	242	5.69e-118	429	239
LLQP01000035.1	NC_009656.1	99.160	4925633	4925396	238	1	238	5.69e-118	429	236
LLQP01000035.1	NC_009656.1	100.000	2390748	2390828	81	95433	95513	4.96e-34	150	81
LLQP01000035.1	NC_009656.1	98.750	2390592	2390671	80	95437	95515	2.98e-31	141	79
LLQP01000035.1	NC_009656.1	98.148	6228674	6228621	54	185	238	2.36e-17	95.3	53
LLQP01000035.1	NC_009656.1	100.000	5447511	5447481	31	71404	71434	3.09e-06	58.4	31
LLQP01000037.1	NC_009656.1	99.660	3503704	3503411	294	1	294	1.41e-153	538	293
LLQP01000037.1	NC_009656.1	99.320	884370	884077	294	1	294	6.57e-152	532	292
LLQP01000038.1	NC_009656.1	99.659	2848129	2847837	293	1	293	5.06e-153	536	292
LLQP01000038.1	NC_009656.1	99.659	6408724	6408432	293	1	293	5.06e-153	536	292
LLQP01000039.1	NC_009656.1	100.000	812003	812291	289	1	289	1.79e-152	534	289
LLQP01000039.1	NC_009656.1	100.000	4983162	4982874	289	1	289	1.79e-152	534	289
LLQP01000039.1	NC_009656.1	100.000	6353714	6353426	289	1	289	1.79e-152	534	289
LLQP01000039.1	NC_009656.1	99.308	5566478	5566190	289	1	289	3.88e-149	523	287
LLQP01000040.1	NC_009656.1	99.650	2429181	2429466	286	1	286	3.84e-149	523	285
LLQP01000040.1	NC_009656.1	99.650	2539615	2539330	286	1	286	3.84e-149	523	285
LLQP01000040.1	NC_009656.1	99.650	4368758	4369043	286	1	286	3.84e-149	523	285
LLQP01000040.1	NC_009656.1	99.650	4826521	4826236	286	1	286	3.84e-149	523	285
LLQP01000040.1	NC_009656.1	99.301	2888465	2888180	286	1	286	1.79e-147	518	284
LLQP01000040.1	NC_009656.1	99.303	4926632	4926346	287	1	286	1.79e-147	518	285
LLQP01000041.1	NC_009656.1	100.000	1900405	1900323	83	191	273	5.54e-38	154	83
LLQP01000041.1	NC_009656.1	100.000	1900404	1900323	82	1	82	1.99e-37	152	82
LLQP01000041.1	NC_009656.1	100.000	2078163	2078082	82	1	82	1.99e-37	152	82
LLQP01000043.1	NC_009656.1	100.000	4368996	4368757	240	1	240	2.85e-125	444	240
LLQP01000043.1	NC_009656.1	99.583	2539377	2539616	240	1	240	1.33e-123	438	239
LLQP01000043.1	NC_009656.1	99.582	2429419	2429181	239	1	239	4.78e-123	436	238
LLQP01000043.1	NC_009656.1	99.582	4826283	4826521	239	1	239	4.78e-123	436	238
LLQP01000043.1	NC_009656.1	99.163	2888227	2888465	239	1	239	2.22e-121	431	237
LLQP01000043.1	NC_009656.1	99.167	4926393	4926632	240	1	239	2.22e-121	431	238
LLQP01000044.1	NC_009656.1	100.000	4826521	4826283	239	28	266	1.03e-124	442	239
LLQP01000044.1	NC_009656.1	99.583	4368757	4368996	240	27	266	1.33e-123	438	239
LLQP01000044.1	NC_009656.1	99.582	2888465	2888227	239	28	266	4.78e-123	436	238
LLQP01000044.1	NC_009656.1	99.583	4926632	4926393	240	28	266	4.78e-123	436	239
LLQP01000044.1	NC_009656.1	99.167	2539616	2539377	240	27	266	6.18e-122	433	238
LLQP01000044.1	NC_009656.1	99.163	2429181	2429419	239	28	266	2.22e-121	431	237
LLQP01000045.1	NC_009656.1	99.228	6358819	6359077	259	1	259	1.65e-132	468	257
LLQP01000045.1	NC_009656.1	98.069	5571583	5571841	259	1	259	1.66e-127	451	254
LLQP01000046.1	NC_009656.1	99.564	6588339	6512421	75950	41134	117079	0.0	1.384e+05	75619
LLQP01000046.1	NC_009656.1	99.847	6512440	6464641	47801	116732	164532	0.0	87866	47728
LLQP01000046.1	NC_009656.1	99.604	41128	1	41137	1	41133	0.0	75050	40974
LLQP01000046.1	NC_009656.1	99.544	6464596	6458015	6582	164533	171114	0.0	11989	6552
LLQP01000046.1	NC_009656.1	100.000	5753123	5753091	33	112062	112094	2.35e-07	62.1	33
LLQP01000046.1	NC_009656.1	100.000	1791580	1791551	30	109415	109444	1.09e-05	56.5	30
LLQP01000047.1	NC_009656.1	99.603	6359057	6358806	252	1	252	2.67e-130	460	251
LLQP01000047.1	NC_009656.1	98.810	5571821	5571570	252	1	252	5.78e-127	449	249
LLQP01000047.1	NC_009656.1	98.016	806660	806911	252	1	252	1.25e-123	438	247
LLQP01000047.1	NC_009656.1	98.016	4988505	4988254	252	1	252	1.25e-123	438	247
LLQP01000048.1	NC_009656.1	100.000	2429228	2429478	251	1	251	2.06e-131	464	251
LLQP01000048.1	NC_009656.1	100.000	2539568	2539318	251	1	251	2.06e-131	464	251
LLQP01000048.1	NC_009656.1	99.602	4368805	4369055	251	1	251	9.57e-130	459	250
LLQP01000048.1	NC_009656.1	99.602	4826474	4826224	251	1	251	9.57e-130	459	250
LLQP01000048.1	NC_009656.1	99.203	2888418	2888168	251	1	251	4.45e-128	453	249
LLQP01000048.1	NC_009656.1	99.206	4926585	4926334	252	1	251	4.45e-128	453	250
LLQP01000049.1	NC_009656.1	100.000	812053	812299	247	1	247	3.38e-129	457	247
LLQP01000049.1	NC_009656.1	100.000	6353664	6353418	247	1	247	3.38e-129	457	247
LLQP01000049.1	NC_009656.1	99.595	5566428	5566182	247	1	247	1.57e-127	451	246
LLQP01000049.1	NC_009656.1	99.187	4983112	4982868	246	1	246	9.47e-125	442	244
LLQP01000050.1	NC_009656.1	100.000	5103049	5103294	246	1	246	1.21e-128	455	246
LLQP01000050.1	NC_009656.1	100.000	5412917	5412672	246	1	246	1.21e-128	455	246
LLQP01000050.1	NC_009656.1	100.000	6119030	6119275	246	1	246	1.21e-128	455	246
LLQP01000050.1	NC_009656.1	99.593	5286120	5285875	246	1	246	5.63e-127	449	245
LLQP01000050.1	NC_009656.1	100.000	5221007	5221089	83	1	83	4.95e-38	154	83
LLQP01000054.1	NC_009656.1	100.000	812301	812061	241	1	241	7.13e-126	446	241
LLQP01000054.1	NC_009656.1	100.000	6353418	6353656	239	3	241	9.22e-125	442	239
LLQP01000054.1	NC_009656.1	99.585	5566180	5566420	241	1	241	3.32e-124	440	240
LLQP01000054.1	NC_009656.1	99.160	4982868	4983104	238	4	241	2.58e-120	427	236
LLQP01000056.1	NC_009656.1	100.000	5284858	5285096	239	1	239	9.18e-125	442	239
LLQP01000056.1	NC_009656.1	100.000	5104309	5104072	238	3	240	3.30e-124	440	238
LLQP01000056.1	NC_009656.1	99.580	5411656	5411893	238	3	240	1.54e-122	435	237
LLQP01000056.1	NC_009656.1	99.160	6120290	6120053	238	3	240	7.14e-121	429	236
LLQP01000056.1	NC_009656.1	100.000	5221132	5221098	35	3	37	2.32e-11	65.8	35
LLQP01000057.1	NC_009656.1	99.647	1796295	1643892	152411	3845	156235	0.0	2.784e+05	151873
LLQP01000057.1	NC_009656.1	99.473	1262285	1259061	3225	1	3225	0.0	5862	3208
LLQP01000057.1	NC_009656.1	100.000	6520059	6520030	30	8553	8582	1.01e-05	56.5	30
LLQP01000060.1	NC_009656.1	100.000	5285096	5284858	239	1	239	9.18e-125	442	239
LLQP01000060.1	NC_009656.1	100.000	5104073	5104309	237	1	237	1.19e-123	438	237
LLQP01000060.1	NC_009656.1	99.578	5411892	5411656	237	1	237	5.52e-122	433	236
LLQP01000060.1	NC_009656.1	99.156	6120054	6120290	237	1	237	2.57e-120	427	235
LLQP01000060.1	NC_009656.1	100.000	5221098	5221132	35	203	237	2.32e-11	65.8	35
LLQP01000063.1	NC_009656.1	99.583	2430178	2430417	240	1	240	1.19e-123	438	239
LLQP01000063.1	NC_009656.1	99.582	2538618	2538380	239	1	239	4.27e-123	436	238
LLQP01000063.1	NC_009656.1	99.582	2887468	2887230	239	1	239	4.27e-123	436	238
LLQP01000063.1	NC_009656.1	99.582	4369755	4369993	239	1	239	4.27e-123	436	238
LLQP01000063.1	NC_009656.1	99.163	4563025	4563263	239	1	239	1.99e-121	431	237
LLQP01000063.1	NC_009656.1	99.163	4925634	4925396	239	1	239	1.99e-121	431	237
LLQP01000063.1	NC_009656.1	98.148	6228674	6228621	54	186	239	2.96e-20	95.3	53
LLQP01000064.1	NC_009656.1	100.000	4368758	4368996	239	2	240	9.18e-125	442	239
LLQP01000064.1	NC_009656.1	99.582	2429181	2429419	239	2	240	4.27e-123	436	238
LLQP01000064.1	NC_009656.1	99.582	2539615	2539377	239	2	240	4.27e-123	436	238
LLQP01000064.1	NC_009656.1	99.582	4826521	4826283	239	2	240	4.27e-123	436	238
LLQP01000064.1	NC_009656.1	99.163	2888465	2888227	239	2	240	1.99e-121	431	237
LLQP01000064.1	NC_009656.1	99.167	4926632	4926393	240	2	240	1.99e-121	431	238
LLQP01000065.1	NC_009656.1	99.583	2538618	2538379	240	1	240	1.19e-123	438	239
LLQP01000065.1	NC_009656.1	99.582	2430178	2430416	239	1	239	4.27e-123	436	238
LLQP01000065.1	NC_009656.1	99.582	2887468	2887230	239	1	239	4.27e-123	436	238
LLQP01000065.1	NC_009656.1	99.582	4369755	4369993	239	1	239	4.27e-123	436	238
LLQP01000065.1	NC_009656.1	99.167	4563025	4563264	240	1	240	5.52e-122	433	238
LLQP01000065.1	NC_009656.1	99.163	4925634	4925396	239	1	239	1.99e-121	431	237
LLQP01000065.1	NC_009656.1	98.148	6228674	6228621	54	186	239	2.96e-20	95.3	53
LLQP01000066.1	NC_009656.1	100.000	5104309	5104071	239	2	240	9.18e-125	442	239
LLQP01000066.1	NC_009656.1	100.000	5284859	5285096	238	1	238	3.30e-124	440	238
LLQP01000066.1	NC_009656.1	99.582	5411656	5411894	239	2	240	4.27e-123	436	238
LLQP01000066.1	NC_009656.1	99.163	6120290	6120052	239	2	240	1.99e-121	431	237
LLQP01000066.1	NC_009656.1	100.000	5221132	5221098	35	2	36	2.32e-11	65.8	35
LLQP01000068.1	NC_009656.1	99.085	4924300	4826510	97832	57077	154870	0.0	1.756e+05	96937
LLQP01000068.1	NC_009656.1	99.718	4983112	4926633	56480	1	56466	0.0	1.034e+05	56321
LLQP01000068.1	NC_009656.1	99.187	812053	812298	246	1	245	6.50e-122	442	244
LLQP01000068.1	NC_009656.1	99.187	6353664	6353419	246	1	245	6.50e-122	442	244
LLQP01000068.1	NC_009656.1	98.780	2538372	2538617	246	155028	155272	3.03e-120	436	243
LLQP01000068.1	NC_009656.1	99.174	4563267	4563026	242	155031	155272	3.03e-120	436	240
LLQP01000068.1	NC_009656.1	98.780	5566428	5566183	246	1	245	3.03e-120	436	243
LLQP01000068.1	NC_009656.1	99.580	2430416	2430179	238	155035	155272	1.09e-119	435	237
LLQP01000068.1	NC_009656.1	99.580	2887230	2887467	238	155035	155272	1.09e-119	435	237
LLQP01000068.1	NC_009656.1	99.580	4369993	4369756	238	155035	155272	1.09e-119	435	237
LLQP01000068.1	NC_009656.1	99.160	4925396	4925633	238	155035	155272	5.06e-118	429	236
LLQP01000068.1	NC_009656.1	100.000	4880087	4880120	34	101259	101292	5.92e-08	63.9	34
LLQP01000069.1	NC_009656.1	99.628	1498238	1643823	145611	239	145843	0.0	2.659e+05	145070
LLQP01000069.1	NC_009656.1	99.582	6119205	6118967	239	1	239	2.90e-120	436	238
LLQP01000069.1	NC_009656.1	99.580	5103224	5102987	238	1	238	1.04e-119	435	237
LLQP01000070.1	NC_009656.1	99.317	3029466	2931186	98290	44526	142789	0.0	1.778e+05	97619
LLQP01000070.1	NC_009656.1	99.330	3037673	3029461	8214	1	8212	0.0	14861	8159
LLQP01000070.1	NC_009656.1	99.634	1974129	1973857	273	1	273	3.50e-139	499	272
LLQP01000071.1	NC_009656.1	99.648	4086969	3950775	136209	1	136202	0.0	2.489e+05	135730
LLQP01000071.1	NC_009656.1	99.582	5412979	5412741	239	136203	136441	2.66e-120	436	238
LLQP01000071.1	NC_009656.1	100.000	4039138	4039165	28	47808	47835	1.13e-04	52.8	28
LLQP01000072.1	NC_009656.1	99.451	688165	566216	121959	135124	257065	0.0	2.215e+05	121289
LLQP01000072.1	NC_009656.1	99.521	3302512	3190908	111657	485290	596889	0.0	2.031e+05	111122
LLQP01000072.1	NC_009656.1	99.471	522778	434711	88120	300466	388554	0.0	1.601e+05	87654
LLQP01000072.1	NC_009656.1	99.498	3138005	3062697	75319	608053	683341	0.0	1.370e+05	74941
LLQP01000072.1	NC_009656.1	99.717	806898	759912	46988	1	46988	0.0	86032	46855
LLQP01000072.1	NC_009656.1	99.630	566161	522693	43477	257031	300502	0.0	79383	43316
LLQP01000072.1	NC_009656.1	99.523	3344062	3303187	40886	444321	485202	0.0	74410	40691
LLQP01000072.1	NC_009656.1	99.156	434666	405895	28792	388555	417328	0.0	51788	28549
LLQP01000072.1	NC_009656.1	98.578	744036	717950	26091	106159	132239	0.0	46113	25720
LLQP01000072.1	NC_009656.1	99.348	3060825	3038447	22380	683339	705716	0.0	40516	22234
LLQP01000072.1	NC_009656.1	99.402	3362474	3343916	18560	426013	444569	0.0	33656	18449
LLQP01000072.1	NC_009656.1	99.717	759920	744037	15884	87284	103167	0.0	29084	15839
LLQP01000072.1	NC_009656.1	99.176	3190725	3180061	10678	596890	607553	0.0	19206	10590
LLQP01000072.1	NC_009656.1	99.745	406015	395837	10179	417293	427471	0.0	18654	10153
LLQP01000072.1	NC_009656.1	99.206	3138631	3138129	504	607549	608052	0.0	907	500
LLQP01000072.1	NC_009656.1	98.760	1975145	1974904	242	705475	705715	2.30e-117	429	239
LLQP01000072.1	NC_009656.1	100.000	3302652	3302558	95	485202	485296	3.31e-41	176	95
LLQP01000072.1	NC_009656.1	100.000	537623	537658	36	285536	285571	2.08e-08	67.6	36
LLQP01000072.1	NC_009656.1	100.000	1103571	1103601	31	265947	265977	1.25e-05	58.4	31
LLQP01000072.1	NC_009656.1	100.000	5110453	5110423	31	160405	160435	1.25e-05	58.4	31
LLQP01000072.1	NC_009656.1	100.000	5798839	5798868	30	418905	418934	4.50e-05	56.5	30
LLQP01000072.1	NC_009656.1	100.000	6580570	6580599	30	70129	70158	4.50e-05	56.5	30
LLQP01000072.1	NC_009656.1	100.000	509810	509838	29	316376	316404	1.62e-04	54.7	29
LLQP01000072.1	NC_009656.1	100.000	405929	405902	28	417207	417234	5.82e-04	52.8	28
LLQP01000072.1	NC_009656.1	100.000	406015	405988	28	417379	417406	5.82e-04	52.8	28
LLQP01000072.1	NC_009656.1	100.000	5295054	5295027	28	160408	160435	5.82e-04	52.8	28
LLQP01000073.1	NC_009656.1	99.644	3631627	3538535	93096	41644	134726	0.0	1.701e+05	92765
LLQP01000073.1	NC_009656.1	100.000	2370378	2370349	30	89310	89339	8.59e-06	56.5	30
LLQP01000073.1	NC_009656.1	100.000	5326162	5326191	30	89310	89339	8.59e-06	56.5	30
LLQP01000073.1	NC_009656.1	100.000	5295027	5295054	28	89311	89338	1.11e-04	52.8	28
LLQP01000074.1	NC_009656.1	99.687	6120052	6227517	107471	1	107454	0.0	1.966e+05	107135
LLQP01000074.1	NC_009656.1	99.961	6267459	6270035	2577	123312	125888	0.0	4754	2576
LLQP01000074.1	NC_009656.1	99.301	2429181	2429466	286	126228	126513	8.56e-145	518	284
LLQP01000074.1	NC_009656.1	99.301	2539615	2539330	286	126228	126513	8.56e-145	518	284
LLQP01000074.1	NC_009656.1	99.301	4368758	4369043	286	126228	126513	8.56e-145	518	284
LLQP01000074.1	NC_009656.1	99.301	4826521	4826236	286	126228	126513	8.56e-145	518	284
LLQP01000074.1	NC_009656.1	98.951	2888465	2888180	286	126228	126513	3.98e-143	512	283
LLQP01000074.1	NC_009656.1	98.955	4926632	4926346	287	126228	126513	3.98e-143	512	284
LLQP01000074.1	NC_009656.1	100.000	5104071	5104309	239	1	239	5.30e-122	442	239
LLQP01000074.1	NC_009656.1	100.000	5285096	5284860	237	3	239	6.85e-121	438	237
LLQP01000074.1	NC_009656.1	99.582	5411894	5411656	239	1	239	2.47e-120	436	238
LLQP01000074.1	NC_009656.1	100.000	6227514	6227699	186	123126	123311	1.54e-92	344	186
LLQP01000075.1	NC_009656.1	99.803	5102990	5033036	69958	52044	121999	0.0	1.284e+05	69820
LLQP01000075.1	NC_009656.1	99.631	5156120	5104309	51813	239	52050	0.0	94621	51622
LLQP01000075.1	NC_009656.1	98.828	5412742	5412996	256	1	255	6.56e-126	455	253
LLQP01000075.1	NC_009656.1	98.413	6119205	6118954	252	1	251	5.11e-122	442	248
LLQP01000075.1	NC_009656.1	99.580	5103224	5102987	238	1	238	8.55e-120	435	237
LLQP01000075.1	NC_009656.1	100.000	2359776	2359743	34	65365	65398	4.65e-08	63.9	34
LLQP01000076.1	NC_009656.1	99.672	5220860	5284859	64001	35357	99357	0.0	1.170e+05	63791
LLQP01000076.1	NC_009656.1	99.772	5156118	5191259	35143	239	35381	0.0	64452	35063
LLQP01000076.1	NC_009656.1	99.183	5286183	5295113	8931	99355	108285	0.0	16089	8858
LLQP01000076.1	NC_009656.1	100.000	4563263	4562889	375	108334	108708	0.0	693	375
LLQP01000076.1	NC_009656.1	99.465	4369993	4369620	374	108334	108707	0.0	680	372
LLQP01000076.1	NC_009656.1	99.200	2430416	2430042	375	108334	108708	0.0	676	372
LLQP01000076.1	NC_009656.1	99.200	2538380	2538754	375	108334	108708	0.0	676	372
LLQP01000076.1	NC_009656.1	98.691	2887230	2887611	382	108334	108714	0.0	676	377
LLQP01000076.1	NC_009656.1	98.433	4925395	4925777	383	108333	108714	0.0	673	377
LLQP01000076.1	NC_009656.1	98.133	4825286	4825660	375	108334	108708	0.0	654	368
LLQP01000076.1	NC_009656.1	99.595	2430006	2429760	247	108702	108948	7.58e-125	451	246
LLQP01000076.1	NC_009656.1	99.595	2538790	2539036	247	108702	108948	7.58e-125	451	246
LLQP01000076.1	NC_009656.1	99.595	2887640	2887886	247	108702	108948	7.58e-125	451	246
LLQP01000076.1	NC_009656.1	99.595	4369583	4369337	247	108702	108948	7.58e-125	451	246
LLQP01000076.1	NC_009656.1	99.595	4925806	4926052	247	108702	108948	7.58e-125	451	246
LLQP01000076.1	NC_009656.1	99.190	4562853	4562607	247	108702	108948	3.53e-123	446	245
LLQP01000076.1	NC_009656.1	98.785	4825696	4825942	247	108702	108948	1.64e-121	440	244
LLQP01000076.1	NC_009656.1	100.000	5104072	5104309	238	1	238	1.64e-121	440	238
LLQP01000076.1	NC_009656.1	100.000	5285096	5284859	238	2	239	1.64e-121	440	238
LLQP01000076.1	NC_009656.1	98.780	5411893	5411648	246	1	245	2.12e-120	436	243
LLQP01000076.1	NC_009656.1	99.160	6120053	6120290	238	1	238	3.55e-118	429	236
LLQP01000076.1	NC_009656.1	100.000	5102987	5103131	145	35442	35586	8.20e-70	268	145
LLQP01000076.1	NC_009656.1	100.000	5412979	5412835	145	35442	35586	8.20e-70	268	145
LLQP01000076.1	NC_009656.1	98.148	6228621	6228674	54	108334	108387	1.47e-17	95.3	53
LLQP01000076.1	NC_009656.1	100.000	5305947	5305993	47	108233	108279	2.46e-15	87.9	47
LLQP01000076.1	NC_009656.1	100.000	5104275	5104309	35	35595	35629	1.15e-08	65.8	35
LLQP01000076.1	NC_009656.1	100.000	5221098	5221132	35	204	238	1.15e-08	65.8	35
LLQP01000076.1	NC_009656.1	100.000	5284894	5284860	35	35595	35629	1.15e-08	65.8	35
LLQP01000076.1	NC_009656.1	100.000	5411690	5411656	35	35595	35629	1.15e-08	65.8	35
LLQP01000076.1	NC_009656.1	100.000	4443146	4443174	29	31015	31043	2.50e-05	54.7	29
LLQP01000076.1	NC_009656.1	100.000	3583954	3583927	28	108199	108226	8.99e-05	52.8	28
LLQP01000077.1	NC_009656.1	98.036	4584766	4581915	2852	84627	87478	0.0	4957	2796
LLQP01000077.1	NC_009656.1	99.673	5325799	5323359	2443	94962	97404	0.0	4466	2435
LLQP01000077.1	NC_009656.1	100.000	1204620	1204589	32	57559	57590	4.80e-07	60.2	32
LLQP01000078.1	NC_009656.1	99.594	5541326	5566418	25096	70783	95877	0.0	45775	24994
LLQP01000078.1	NC_009656.1	98.807	5524788	5536168	11400	54715	66112	0.0	20279	11264
LLQP01000078.1	NC_009656.1	100.000	812301	812063	239	95639	95877	4.02e-122	442	239
LLQP01000078.1	NC_009656.1	100.000	6353418	6353654	237	95641	95877	5.19e-121	438	237
LLQP01000078.1	NC_009656.1	99.153	4982868	4983102	236	95642	95877	1.45e-116	424	234
LLQP01000078.1	NC_009656.1	98.851	5528485	5528571	87	70792	70878	5.86e-36	156	86
LLQP01000079.1	NC_009656.1	99.775	1086127	1179121	92996	1	92980	0.0	1.706e+05	92787
LLQP01000079.1	NC_009656.1	100.000	1111743	1111714	30	25588	25617	5.93e-06	56.5	30
LLQP01000080.1	NC_009656.1	99.603	6353656	6268004	85663	1	85642	0.0	1.563e+05	85323
LLQP01000080.1	NC_009656.1	100.000	812061	812299	239	1	239	3.66e-122	442	239
LLQP01000080.1	NC_009656.1	99.177	2430420	2430179	243	87068	87310	1.70e-120	436	241
LLQP01000080.1	NC_009656.1	99.582	5566420	5566182	239	1	239	1.70e-120	436	238
LLQP01000080.1	NC_009656.1	99.580	2538380	2538617	238	87073	87310	6.12e-120	435	237
LLQP01000080.1	NC_009656.1	99.580	2887230	2887467	238	87073	87310	6.12e-120	435	237
LLQP01000080.1	NC_009656.1	99.580	4369993	4369756	238	87073	87310	6.12e-120	435	237
LLQP01000080.1	NC_009656.1	99.160	4563263	4563026	238	87073	87310	2.85e-118	429	236
LLQP01000080.1	NC_009656.1	99.160	4925396	4925633	238	87073	87310	2.85e-118	429	236
LLQP01000080.1	NC_009656.1	99.160	4983104	4982868	238	1	238	1.02e-117	427	236
LLQP01000080.1	NC_009656.1	98.333	2717947	2717888	60	87009	87067	1.96e-20	104	59
LLQP01000080.1	NC_009656.1	98.148	6228621	6228674	54	87073	87126	1.18e-17	95.3	53
LLQP01000081.1	NC_009656.1	99.645	5340618	5411655	71043	239	71268	0.0	1.298e+05	70791
LLQP01000081.1	NC_009656.1	99.578	5412980	5424341	11364	71266	82627	0.0	20716	11316
LLQP01000081.1	NC_009656.1	98.856	5424304	5427798	3495	82521	86015	0.0	6233	3455
LLQP01000082.1	NC_009656.1	99.291	1204501	1240193	35708	25729	61420	0.0	64510	35455
LLQP01000082.1	NC_009656.1	99.534	1181223	1203538	22318	2446	24763	0.0	40636	22214
LLQP01000082.1	NC_009656.1	99.434	1240274	1259353	19083	61435	80516	0.0	34638	18975
LLQP01000082.1	NC_009656.1	98.864	1178925	1181212	2288	1	2284	0.0	4078	2262
LLQP01000082.1	NC_009656.1	100.000	1239410	1239448	39	61411	61449	5.10e-11	73.1	39
LLQP01000082.1	NC_009656.1	100.000	2414720	2414751	32	25757	25788	3.97e-07	60.2	32
LLQP01000082.1	NC_009656.1	100.000	2414836	2414867	32	25697	25728	3.97e-07	60.2	32
LLQP01000082.1	NC_009656.1	100.000	4367979	4367948	32	26302	26333	3.97e-07	60.2	32
LLQP01000082.1	NC_009656.1	100.000	1204801	1204830	30	25969	25998	5.13e-06	56.5	30
LLQP01000082.1	NC_009656.1	100.000	1204801	1204829	29	25669	25697	1.85e-05	54.7	29
LLQP01000082.1	NC_009656.1	100.000	2886935	2886963	29	25969	25997	1.85e-05	54.7	29
LLQP01000082.1	NC_009656.1	100.000	2887174	2887202	29	25908	25936	1.85e-05	54.7	29
LLQP01000082.1	NC_009656.1	100.000	2887175	2887203	29	25969	25997	1.85e-05	54.7	29
LLQP01000082.1	NC_009656.1	100.000	1204501	1204528	28	25969	25996	6.64e-05	52.8	28
LLQP01000082.1	NC_009656.1	100.000	1204801	1204828	28	25849	25876	6.64e-05	52.8	28
LLQP01000082.1	NC_009656.1	100.000	2886935	2886962	28	25909	25936	6.64e-05	52.8	28
LLQP01000082.1	NC_009656.1	100.000	2886995	2887022	28	25969	25996	6.64e-05	52.8	28
LLQP01000082.1	NC_009656.1	100.000	2887115	2887142	28	25669	25696	6.64e-05	52.8	28
LLQP01000082.1	NC_009656.1	100.000	2887115	2887142	28	25909	25936	6.64e-05	52.8	28
LLQP01000083.1	NC_009656.1	99.532	5876860	5697404	179480	1	179418	0.0	3.267e+05	178640
LLQP01000083.1	NC_009656.1	99.719	5684491	5571845	112648	193655	306286	0.0	2.063e+05	112332
LLQP01000083.1	NC_009656.1	99.157	5697199	5686058	11145	180537	191671	0.0	20048	11051
LLQP01000083.1	NC_009656.1	98.370	5686065	5684475	1595	191697	193287	0.0	2795	1569
LLQP01000083.1	NC_009656.1	98.520	5323597	5322179	1419	1	1419	0.0	2505	1398
LLQP01000083.1	NC_009656.1	100.000	806569	806636	68	306219	306286	1.47e-26	126	68
LLQP01000083.1	NC_009656.1	100.000	6517439	6517407	33	123735	123767	4.20e-07	62.1	33
LLQP01000083.1	NC_009656.1	100.000	5753091	5753120	30	76759	76788	1.95e-05	56.5	30
LLQP01000083.1	NC_009656.1	100.000	5838935	5838963	29	198527	198555	7.02e-05	54.7	29
LLQP01000084.1	NC_009656.1	99.625	3498710	3425172	73540	1	73528	0.0	1.343e+05	73264
LLQP01000084.1	NC_009656.1	98.462	1086386	1086127	260	73269	73528	3.06e-127	459	256
LLQP01000084.1	NC_009656.1	98.805	879376	879126	251	1	251	6.62e-124	448	248
LLQP01000085.1	NC_009656.1	99.034	2848077	2887142	39124	1	39103	0.0	70081	38746
LLQP01000085.1	NC_009656.1	99.309	2888466	2910425	21988	49348	71326	0.0	39728	21836
LLQP01000085.1	NC_009656.1	100.000	2917918	2917956	39	33209	33247	4.51e-11	73.1	39
LLQP01000085.1	NC_009656.1	100.000	697244	697275	32	39404	39435	3.51e-07	60.2	32
LLQP01000085.1	NC_009656.1	100.000	5211895	5211864	32	39404	39435	3.51e-07	60.2	32
LLQP01000085.1	NC_009656.1	100.000	2887115	2887144	30	39556	39585	4.55e-06	56.5	30
LLQP01000085.1	NC_009656.1	100.000	893766	893794	29	13052	13080	1.64e-05	54.7	29
LLQP01000085.1	NC_009656.1	100.000	1204561	1204589	29	39556	39584	1.64e-05	54.7	29
LLQP01000085.1	NC_009656.1	100.000	2886934	2886962	29	39255	39283	1.64e-05	54.7	29
LLQP01000085.1	NC_009656.1	100.000	1204501	1204528	28	39496	39523	5.88e-05	52.8	28
LLQP01000085.1	NC_009656.1	100.000	1204801	1204828	28	38896	38923	5.88e-05	52.8	28
LLQP01000085.1	NC_009656.1	100.000	2886935	2886962	28	39556	39583	5.88e-05	52.8	28
LLQP01000085.1	NC_009656.1	100.000	2887175	2887202	28	38896	38923	5.88e-05	52.8	28
LLQP01000086.1	NC_009656.1	99.603	3631567	3683945	52389	14257	66642	0.0	95580	52181
LLQP01000086.1	NC_009656.1	100.000	5284856	5285096	241	66639	66879	2.17e-123	446	241
LLQP01000086.1	NC_009656.1	100.000	5104309	5104073	237	66643	66879	3.62e-121	438	237
LLQP01000086.1	NC_009656.1	99.578	5411656	5411892	237	66643	66879	1.69e-119	433	236
LLQP01000086.1	NC_009656.1	99.156	6120290	6120054	237	66643	66879	7.84e-118	427	235
LLQP01000086.1	NC_009656.1	100.000	5221132	5221098	35	66643	66677	7.08e-09	65.8	35
LLQP01000087.1	NC_009656.1	99.629	3361442	3424206	62775	1	62774	0.0	1.146e+05	62542
LLQP01000087.1	NC_009656.1	98.502	1084895	1085161	267	62508	62774	3.35e-131	472	263
LLQP01000087.1	NC_009656.1	100.000	2321525	2321497	29	26182	26210	1.44e-05	54.7	29
LLQP01000088.1	NC_009656.1	99.521	5427901	5482351	54476	1	54466	0.0	99120	54215
LLQP01000089.1	NC_009656.1	99.552	6119205	6092436	26772	1	26770	0.0	48771	26652
LLQP01000089.1	NC_009656.1	99.580	5412742	5412979	238	1	238	3.88e-120	435	237
LLQP01000090.1	NC_009656.1	99.665	2067414	2014511	52908	238	53143	0.0	96717	52731
LLQP01000090.1	NC_009656.1	98.413	5285096	5284846	252	2	253	2.23e-122	442	248
LLQP01000090.1	NC_009656.1	100.000	5104072	5104309	238	1	238	8.00e-122	440	238
LLQP01000090.1	NC_009656.1	98.776	5411893	5411649	245	1	243	3.72e-120	435	242
LLQP01000090.1	NC_009656.1	99.160	6120053	6120290	238	1	238	1.73e-118	429	236
LLQP01000090.1	NC_009656.1	98.795	5326000	5325918	83	38362	38444	5.43e-34	148	82
LLQP01000090.1	NC_009656.1	100.000	2390589	2390513	77	29370	29446	2.53e-32	143	77
LLQP01000090.1	NC_009656.1	100.000	2390589	2390514	76	29079	29154	9.09e-32	141	76
LLQP01000090.1	NC_009656.1	100.000	5221098	5221132	35	204	238	5.63e-09	65.8	35
LLQP01000090.1	NC_009656.1	100.000	1038095	1038123	29	23026	23054	1.22e-05	54.7	29
LLQP01000091.1	NC_009656.1	99.778	5340625	5325743	14883	239	15121	0.0	27301	14850
LLQP01000091.1	NC_009656.1	98.795	2029292	2029210	83	14864	14946	5.13e-34	148	82
LLQP01000091.1	NC_009656.1	100.000	3583926	3583955	30	14673	14702	3.20e-06	56.5	30
LLQP01000091.1	NC_009656.1	100.000	5110450	5110423	28	14674	14701	4.14e-05	52.8	28
LLQP01000092.1	NC_009656.1	99.717	6408486	6458023	49538	1	49538	0.0	90704	49398
LLQP01000093.1	NC_009656.1	99.343	6408232	6367153	41085	1	41072	0.0	74358	40815
LLQP01000093.1	NC_009656.1	99.684	6367119	6358902	8218	41065	49282	0.0	15032	8192
LLQP01000093.1	NC_009656.1	100.000	2497689	2497716	28	10932	10959	4.06e-05	52.8	28
LLQP01000094.1	NC_009656.1	99.597	2078116	2277201	199109	1	199087	0.0	3.632e+05	198306
LLQP01000094.1	NC_009656.1	99.702	2286730	2348838	62123	208480	270599	0.0	1.137e+05	61938
LLQP01000094.1	NC_009656.1	99.724	2277266	2286680	9416	199084	208499	0.0	17243	9390
LLQP01000094.1	NC_009656.1	100.000	1900323	1900404	82	158	239	2.14e-34	152	82
LLQP01000094.1	NC_009656.1	100.000	1900357	1900405	49	1	49	4.73e-16	91.6	49
LLQP01000094.1	NC_009656.1	100.000	3387642	3387614	29	243260	243288	6.21e-05	54.7	29
LLQP01000094.1	NC_009656.1	100.000	3043416	3043389	28	218619	218646	2.23e-04	52.8	28
LLQP01000095.1	NC_009656.1	99.560	832765	879376	46612	1	46612	0.0	84941	46407
LLQP01000095.1	NC_009656.1	99.203	3498460	3498710	251	46362	46612	9.02e-126	453	249
LLQP01000095.1	NC_009656.1	99.590	816260	816503	244	1	244	1.51e-123	446	243
LLQP01000095.1	NC_009656.1	100.000	1054741	1054776	36	46242	46277	1.37e-09	67.6	36
LLQP01000096.1	NC_009656.1	99.752	1974904	2014749	39858	2	39858	0.0	73043	39759
LLQP01000096.1	NC_009656.1	99.588	3038447	3038688	243	1	243	1.67e-122	442	242
LLQP01000096.1	NC_009656.1	100.000	2002682	2002653	30	27751	27780	2.54e-06	56.5	30
LLQP01000097.1	NC_009656.1	99.668	4988287	5027137	38852	1	38852	0.0	71030	38723
LLQP01000097.1	NC_009656.1	98.675	6358839	6359140	302	1	302	7.25e-151	536	298
LLQP01000098.1	NC_009656.1	99.556	3538786	3503466	35325	1	35305	0.0	64342	35168
LLQP01000099.1	NC_009656.1	99.730	1085161	1064820	20342	1	20342	0.0	37260	20287
LLQP01000099.1	NC_009656.1	98.876	3424206	3423940	267	1	267	3.50e-133	477	264
LLQP01000100.1	NC_009656.1	99.545	6092483	6081059	11425	14163	25586	0.0	20809	11373
LLQP01000101.1	NC_009656.1	99.401	2930564	2910187	20378	1	20378	0.0	36956	20256
LLQP01000102.1	NC_009656.1	100.000	4826283	4826521	239	1	239	7.65e-123	442	239
LLQP01000102.1	NC_009656.1	99.585	2538377	2538617	241	18057	18297	2.75e-122	440	240
LLQP01000102.1	NC_009656.1	99.583	2888227	2888466	240	1	240	9.90e-122	438	239
LLQP01000102.1	NC_009656.1	99.582	4368996	4368758	239	1	239	3.56e-121	436	238
LLQP01000102.1	NC_009656.1	99.583	4926393	4926632	240	1	239	3.56e-121	436	239
LLQP01000102.1	NC_009656.1	99.580	2430416	2430179	238	18060	18297	1.28e-120	435	237
LLQP01000102.1	NC_009656.1	99.580	2887230	2887467	238	18060	18297	1.28e-120	435	237
LLQP01000102.1	NC_009656.1	99.580	4369993	4369756	238	18060	18297	1.28e-120	435	237
LLQP01000102.1	NC_009656.1	99.167	2429419	2429180	240	1	240	4.61e-120	433	238
LLQP01000102.1	NC_009656.1	98.374	2539377	2539622	246	1	245	1.66e-119	431	242
LLQP01000102.1	NC_009656.1	99.163	4563264	4563026	239	18059	18297	1.66e-119	431	237
LLQP01000102.1	NC_009656.1	98.755	4925393	4925633	241	18057	18297	5.96e-119	429	238
LLQP01000103.1	NC_009656.1	99.754	816260	832082	15823	1	15823	0.0	29004	15784
LLQP01000103.1	NC_009656.1	98.507	815310	815577	268	15556	15823	2.35e-132	473	264
LLQP01000103.1	NC_009656.1	99.590	832765	833008	244	1	244	5.12e-124	446	243
LLQP01000104.1	NC_009656.1	99.383	2847513	2834710	12804	1	12804	0.0	23207	12725
LLQP01000104.1	NC_009656.1	98.052	56286	55979	308	14622	14929	2.78e-151	536	302
LLQP01000104.1	NC_009656.1	98.765	2813588	2813508	81	14849	14929	1.97e-33	145	80
LLQP01000104.1	NC_009656.1	98.765	2831714	2831634	81	14849	14929	1.97e-33	145	80
LLQP01000104.1	NC_009656.1	100.000	2813018	2813051	34	13041	13074	5.68e-09	63.9	34
LLQP01000104.1	NC_009656.1	100.000	2829748	2829715	34	13038	13071	5.68e-09	63.9	34
LLQP01000105.1	NC_009656.1	99.621	151107	364203	213116	21533	234601	0.0	3.890e+05	212309
LLQP01000105.1	NC_009656.1	99.776	375792	396314	20523	234591	255113	0.0	37645	20477
LLQP01000105.1	NC_009656.1	99.364	57082	76101	19032	2503	21533	0.0	34463	18911
LLQP01000105.1	NC_009656.1	99.144	2813041	2813624	584	234	816	0.0	1050	579
LLQP01000105.1	NC_009656.1	98.384	2831167	2831723	557	234	789	0.0	977	548
LLQP01000105.1	NC_009656.1	98.175	55512	56059	548	234	780	0.0	955	538
LLQP01000105.1	NC_009656.1	100.000	2813588	2813623	36	1837	1872	7.51e-09	67.6	36
LLQP01000105.1	NC_009656.1	100.000	56283	56252	32	2291	2322	1.26e-06	60.2	32
LLQP01000105.1	NC_009656.1	100.000	2834562	2834531	32	2291	2322	1.26e-06	60.2	32
LLQP01000105.1	NC_009656.1	100.000	2829745	2829715	31	2291	2321	4.52e-06	58.4	31
LLQP01000105.1	NC_009656.1	100.000	4275848	4275878	31	77584	77614	4.52e-06	58.4	31
LLQP01000105.1	NC_009656.1	100.000	3926978	3927006	29	100560	100588	5.85e-05	54.7	29
LLQP01000106.1	NC_009656.1	99.592	5309192	5322680	13489	237	13719	0.0	24600	13434
LLQP01000107.1	NC_009656.1	99.166	2067411	2078320	10912	302	11212	0.0	19643	10821
LLQP01000107.1	NC_009656.1	98.433	5412679	5412996	319	1	318	1.24e-158	560	314
LLQP01000107.1	NC_009656.1	98.730	5103287	5102973	315	1	313	4.46e-158	558	311
LLQP01000107.1	NC_009656.1	100.000	6119268	6118968	301	1	301	1.60e-157	556	301
LLQP01000107.1	NC_009656.1	98.095	5285882	5286196	315	1	313	9.65e-155	547	309
LLQP01000107.1	NC_009656.1	99.010	1900204	1900405	202	10855	11056	3.75e-99	363	200
LLQP01000107.1	NC_009656.1	98.621	5221089	5220945	145	157	301	1.82e-67	257	143
LLQP01000107.1	NC_009656.1	100.000	1900323	1900370	48	11165	11212	7.03e-17	89.8	48
LLQP01000107.1	NC_009656.1	100.000	2078082	2078129	48	11165	11212	7.03e-17	89.8	48
LLQP01000108.1	NC_009656.1	99.355	137375	138149	775	9209	9982	0.0	1402	770
LLQP01000108.1	NC_009656.1	100.000	94211	94238	28	9210	9237	8.40e-06	52.8	28
LLQP01000109.1	NC_009656.1	99.115	2810219	2800056	10164	1	10164	0.0	18271	10074
LLQP01000109.1	NC_009656.1	99.006	51052	40890	10164	1	10164	0.0	18209	10063
LLQP01000109.1	NC_009656.1	98.824	2817312	2816973	340	1390	1729	1.42e-172	606	336
LLQP01000109.1	NC_009656.1	99.375	2823070	2822751	320	1	320	8.63e-165	580	318
LLQP01000110.1	NC_009656.1	99.350	2829752	2831135	1384	790	2173	0.0	2507	1375
LLQP01000110.1	NC_009656.1	98.451	2816862	2817312	452	5375	5826	0.0	795	445
LLQP01000110.1	NC_009656.1	98.815	51085	51506	422	1	422	0.0	752	417
LLQP01000110.1	NC_009656.1	98.800	2833731	2833980	250	4427	4676	1.93e-124	446	247
LLQP01000111.1	NC_009656.1	99.910	6359044	6353476	5569	1	5569	0.0	10257	5564
LLQP01000111.1	NC_009656.1	99.874	5571808	5566240	5569	1	5569	0.0	10246	5562
LLQP01000111.1	NC_009656.1	99.820	806673	812241	5569	1	5569	0.0	10229	5559
LLQP01000111.1	NC_009656.1	99.820	4988492	4982924	5569	1	5569	0.0	10229	5559
LLQP01000112.1	NC_009656.1	100.000	5295061	5295107	47	1438	1484	1.19e-16	87.9	47
LLQP01000114.1	NC_009656.1	99.700	3503464	3498472	4993	1	4993	0.0	9138	4978
LLQP01000114.1	NC_009656.1	99.559	884130	879138	4993	1	4993	0.0	9099	4971
LLQP01000116.1	NC_009656.1	99.505	1498240	1371988	126290	237	126494	0.0	2.297e+05	125665
LLQP01000116.1	NC_009656.1	99.586	1372060	1299352	72727	126486	199209	0.0	1.326e+05	72426
LLQP01000116.1	NC_009656.1	99.160	1299158	1265825	33343	201235	234564	0.0	60002	33063
LLQP01000116.1	NC_009656.1	100.000	5285095	5284858	238	1	238	3.57e-121	440	238
LLQP01000116.1	NC_009656.1	100.000	5104074	5104309	236	1	236	4.61e-120	436	236
LLQP01000116.1	NC_009656.1	99.576	5411891	5411656	236	1	236	2.15e-118	431	235
LLQP01000116.1	NC_009656.1	99.153	6120055	6120290	236	1	236	9.98e-117	425	234
LLQP01000116.1	NC_009656.1	98.253	1267189	1266961	229	236450	236678	1.68e-109	401	225
LLQP01000116.1	NC_009656.1	100.000	5221098	5221132	35	202	236	2.51e-08	65.8	35
LLQP01000117.1	NC_009656.1	99.610	5027190	5031039	3850	1	3850	0.0	7027	3835
LLQP01000117.1	NC_009656.1	98.010	5031122	5031523	402	1	402	0.0	699	394
LLQP01000118.1	NC_009656.1	99.507	2818281	2816863	1419	1	1419	0.0	2582	1412
LLQP01000118.1	NC_009656.1	99.690	52819	51851	969	1	969	0.0	1773	966
LLQP01000118.1	NC_009656.1	99.615	51783	51265	519	3184	3702	0.0	948	517
LLQP01000118.1	NC_009656.1	99.221	2816722	2816338	385	1447	1830	0.0	693	382
LLQP01000119.1	NC_009656.1	99.915	812063	815577	3515	1	3515	0.0	6475	3512
LLQP01000119.1	NC_009656.1	98.134	831815	832082	268	3248	3515	2.41e-131	468	263
LLQP01000119.1	NC_009656.1	100.000	6353654	6353418	237	1	237	1.89e-122	438	237
LLQP01000119.1	NC_009656.1	99.582	5566418	5566180	239	1	239	6.80e-122	436	238
LLQP01000119.1	NC_009656.1	99.153	4983102	4982868	236	1	236	5.30e-118	424	234
LLQP01000121.1	NC_009656.1	99.274	5033370	5031029	2342	1	2342	0.0	4231	2325
LLQP01000121.1	NC_009656.1	98.182	5027591	5027097	495	1848	2342	0.0	865	486
LLQP01000122.1	NC_009656.1	98.507	2828536	2827800	737	1530	2266	0.0	1301	726
LLQP01000122.1	NC_009656.1	98.103	2826716	2825979	738	1529	2266	0.0	1286	724
LLQP01000122.1	NC_009656.1	98.389	2812095	2811413	683	1536	2218	0.0	1201	672
LLQP01000122.1	NC_009656.1	98.821	2813523	2813015	509	1	508	0.0	905	503
LLQP01000122.1	NC_009656.1	98.428	2831649	2831141	509	1	508	0.0	894	501
LLQP01000122.1	NC_009656.1	100.000	56252	56283	32	474	505	1.11e-08	60.2	32
LLQP01000122.1	NC_009656.1	100.000	2834531	2834562	32	474	505	1.11e-08	60.2	32
LLQP01000122.1	NC_009656.1	100.000	2829715	2829745	31	475	505	3.98e-08	58.4	31
LLQP01000124.1	NC_009656.1	98.545	2824937	2824663	275	1719	1993	3.76e-137	486	271
LLQP01000124.1	NC_009656.1	98.540	2812085	2811812	274	1720	1993	1.35e-136	484	270
LLQP01000124.1	NC_009656.1	100.000	2819327	2819293	35	842	876	2.09e-10	65.8	35
LLQP01000125.1	NC_009656.1	98.227	52581	53874	1297	1	1286	0.0	2255	1274
LLQP01000125.1	NC_009656.1	98.638	2833983	2834496	514	1391	1904	0.0	911	507
LLQP01000125.1	NC_009656.1	98.750	2818043	2818362	320	1	320	3.46e-162	569	316
LLQP01000125.1	NC_009656.1	100.000	56752	56982	231	1056	1286	2.21e-119	427	231
LLQP01000126.1	NC_009656.1	98.966	56149	55474	677	1	675	0.0	1208	670
LLQP01000126.1	NC_009656.1	98.606	2813588	2813015	574	91	664	0.0	1016	566
LLQP01000126.1	NC_009656.1	98.264	2831714	2831139	576	91	666	0.0	1009	566
LLQP01000126.1	NC_009656.1	98.901	52898	52717	182	1554	1735	7.53e-89	326	180
LLQP01000126.1	NC_009656.1	98.883	2818357	2818179	179	1557	1735	3.50e-87	320	177
LLQP01000126.1	NC_009656.1	100.000	56252	56283	32	630	661	8.43e-09	60.2	32
LLQP01000126.1	NC_009656.1	100.000	2829715	2829745	31	631	661	3.03e-08	58.4	31
LLQP01000127.1	NC_009656.1	99.575	2376644	2348892	27771	203127	230897	0.0	50614	27653
LLQP01000127.1	NC_009656.1	99.602	2508130	2484763	23372	16193	39561	0.0	42638	23279
LLQP01000127.1	NC_009656.1	99.662	2411822	2390810	21014	55413	76423	0.0	38409	20943
LLQP01000127.1	NC_009656.1	99.240	2484743	2468823	15923	39546	55423	0.0	28690	15802
LLQP01000127.1	NC_009656.1	99.747	2390828	2376628	14205	188975	203179	0.0	26029	14169
LLQP01000127.1	NC_009656.1	99.012	2520273	2508339	11938	4169	16102	0.0	21385	11820
LLQP01000127.1	NC_009656.1	99.239	2520274	2521061	788	740	1527	0.0	1423	782
LLQP01000127.1	NC_009656.1	99.587	4368995	4368755	242	1	242	3.48e-121	440	241
LLQP01000127.1	NC_009656.1	99.174	2429418	2429177	242	1	241	1.62e-119	435	240
LLQP01000127.1	NC_009656.1	99.580	2539378	2539615	238	1	238	1.62e-119	435	237
LLQP01000127.1	NC_009656.1	99.580	4826284	4826521	238	1	238	1.62e-119	435	237
LLQP01000127.1	NC_009656.1	99.160	2888228	2888465	238	1	238	7.53e-118	429	236
LLQP01000127.1	NC_009656.1	99.163	4926394	4926632	239	1	238	7.53e-118	429	237
LLQP01000127.1	NC_009656.1	99.107	1005184	1005294	112	16082	16193	6.43e-49	200	111
LLQP01000127.1	NC_009656.1	100.000	2635974	2635895	80	188976	189055	2.36e-33	148	80
LLQP01000127.1	NC_009656.1	100.000	2635977	2635899	79	189133	189211	8.49e-33	147	79
LLQP01000127.1	NC_009656.1	98.780	2390673	2390592	82	188971	189051	3.05e-32	145	81
LLQP01000127.1	NC_009656.1	100.000	2038284	2038208	77	189214	189290	1.10e-31	143	77
LLQP01000127.1	NC_009656.1	100.000	2038575	2038500	76	189214	189289	3.95e-31	141	76
LLQP01000127.1	NC_009656.1	100.000	2390827	2390752	76	189136	189211	3.95e-31	141	76
LLQP01000127.1	NC_009656.1	100.000	5089668	5089635	34	220012	220045	8.80e-08	63.9	34
LLQP01000127.1	NC_009656.1	100.000	3583955	3583926	30	209399	209428	1.47e-05	56.5	30
LLQP01000127.1	NC_009656.1	100.000	5110423	5110450	28	209400	209427	1.90e-04	52.8	28
LLQP01000127.1	NC_009656.1	100.000	6397271	6397298	28	26609	26636	1.90e-04	52.8	28
LLQP01000129.1	NC_009656.1	99.387	2818581	2819069	489	735	1223	0.0	887	486
LLQP01000129.1	NC_009656.1	98.693	55979	56284	306	1	306	1.68e-154	544	302
LLQP01000129.1	NC_009656.1	98.366	2834258	2834563	306	1	306	7.82e-153	538	301
LLQP01000129.1	NC_009656.1	98.765	2813508	2813588	81	1	81	1.99e-34	145	80
LLQP01000129.1	NC_009656.1	98.765	2831634	2831714	81	1	81	1.99e-34	145	80
LLQP01000129.1	NC_009656.1	100.000	2813012	2813053	42	1255	1296	2.05e-14	78.7	42
LLQP01000129.1	NC_009656.1	100.000	2813588	2813624	37	271	307	1.23e-11	69.4	37
LLQP01000129.1	NC_009656.1	100.000	2834562	2834531	32	1261	1292	7.42e-09	60.2	32
LLQP01000129.1	NC_009656.1	100.000	2829745	2829715	31	1261	1291	2.67e-08	58.4	31
LLQP01000130.1	NC_009656.1	99.931	1086365	1084923	1443	1	1443	0.0	2660	1442
LLQP01000130.1	NC_009656.1	99.515	3425410	3423968	1443	1	1443	0.0	2627	1436
LLQP01000131.1	NC_009656.1	99.076	2826067	2824663	1407	1	1407	0.0	2525	1394
LLQP01000131.1	NC_009656.1	98.592	2812094	2811812	284	1125	1407	9.43e-142	501	280
LLQP01000133.1	NC_009656.1	99.515	2811671	2810642	1030	1	1030	0.0	1875	1025
LLQP01000133.1	NC_009656.1	99.515	2824522	2823493	1030	1	1030	0.0	1875	1025
LLQP01000133.1	NC_009656.1	100.000	56286	55995	292	1029	1320	1.87e-153	540	292
LLQP01000133.1	NC_009656.1	98.973	2834565	2834274	292	1029	1320	1.89e-148	523	289
LLQP01000133.1	NC_009656.1	98.456	2826285	2826027	259	1	259	1.94e-128	457	255
LLQP01000133.1	NC_009656.1	98.069	2828106	2827848	259	1	259	9.03e-127	451	254
LLQP01000133.1	NC_009656.1	100.000	2829748	2829715	34	1029	1062	4.94e-10	63.9	34
LLQP01000133.1	NC_009656.1	100.000	2813018	2813049	32	1032	1063	6.39e-09	60.2	32
LLQP01000133.1	NC_009656.1	100.000	2831144	2831175	32	1032	1063	6.39e-09	60.2	32
LLQP01000134.1	NC_009656.1	99.840	3038685	3037435	1251	1	1251	0.0	2300	1249
LLQP01000134.1	NC_009656.1	99.520	1975141	1973891	1251	1	1251	0.0	2278	1245
LLQP01000136.1	NC_009656.1	99.828	816498	815339	1160	1	1160	0.0	2132	1158
LLQP01000136.1	NC_009656.1	99.483	833003	831844	1160	1	1160	0.0	2109	1154
LLQP01000138.1	NC_009656.1	99.663	3829578	3683943	145649	67689	213325	0.0	2.662e+05	145158
LLQP01000138.1	NC_009656.1	99.015	3932509	3884852	47698	20031	67693	0.0	85408	47228
LLQP01000138.1	NC_009656.1	99.862	3950777	3934817	15961	237	16197	0.0	29353	15939
LLQP01000138.1	NC_009656.1	99.370	3934839	3932460	2380	17659	20037	0.0	4311	2365
LLQP01000138.1	NC_009656.1	99.585	5285095	5284855	241	1	241	3.22e-121	440	240
LLQP01000138.1	NC_009656.1	100.000	5104074	5104309	236	1	236	4.16e-120	436	236
LLQP01000138.1	NC_009656.1	99.582	5412979	5412741	239	213326	213564	4.16e-120	436	238
LLQP01000138.1	NC_009656.1	99.582	6118968	6119206	239	213326	213564	4.16e-120	436	238
LLQP01000138.1	NC_009656.1	99.576	5411891	5411656	236	1	236	1.94e-118	431	235
LLQP01000138.1	NC_009656.1	99.153	6120055	6120290	236	1	236	9.01e-117	425	234
LLQP01000138.1	NC_009656.1	100.000	5221098	5221132	35	202	236	2.26e-08	65.8	35
LLQP01000138.1	NC_009656.1	100.000	3725240	3725269	30	171990	172019	1.36e-05	56.5	30
LLQP01000138.1	NC_009656.1	100.000	230191	230163	29	25522	25550	4.90e-05	54.7	29
LLQP01000138.1	NC_009656.1	100.000	5884670	5884643	28	124071	124098	1.76e-04	52.8	28
LLQP01000139.1	NC_009656.1	100.000	4368757	4368969	213	875	1087	1.27e-109	394	213
LLQP01000139.1	NC_009656.1	100.000	4826521	4826310	212	876	1087	4.55e-109	392	212
LLQP01000139.1	NC_009656.1	99.531	2539616	2539404	213	875	1087	5.89e-108	388	212
LLQP01000139.1	NC_009656.1	99.528	2429181	2429392	212	876	1087	2.12e-107	387	211
LLQP01000139.1	NC_009656.1	99.528	2888465	2888254	212	876	1087	2.12e-107	387	211
LLQP01000139.1	NC_009656.1	99.531	4926632	4926420	213	876	1087	2.12e-107	387	212
LLQP01000140.1	NC_009656.1	99.442	5103773	5104309	538	507	1044	0.0	976	535
LLQP01000140.1	NC_009656.1	99.442	5285396	5284860	538	507	1044	0.0	976	535
LLQP01000140.1	NC_009656.1	99.258	5412193	5411656	539	507	1044	0.0	972	535
LLQP01000140.1	NC_009656.1	99.257	6119754	6120290	538	507	1044	0.0	970	534
LLQP01000140.1	NC_009656.1	99.804	5103170	5103680	511	1	511	0.0	939	510
LLQP01000140.1	NC_009656.1	99.804	6119151	6119661	511	1	511	0.0	939	510
LLQP01000140.1	NC_009656.1	99.609	5285999	5285489	511	1	511	0.0	933	509
LLQP01000140.1	NC_009656.1	99.609	5412796	5412286	511	1	511	0.0	933	509
LLQP01000140.1	NC_009656.1	100.000	5221098	5221132	35	1010	1044	1.08e-10	65.8	35
LLQP01000143.1	NC_009656.1	99.571	2848075	2847376	700	1	700	0.0	1277	697
LLQP01000143.1	NC_009656.1	99.429	6408670	6407971	700	1	700	0.0	1271	696
LLQP01000144.1	NC_009656.1	99.696	2887230	2887886	657	1	657	0.0	1203	655
LLQP01000144.1	NC_009656.1	99.696	4369993	4369337	657	1	657	0.0	1203	655
LLQP01000144.1	NC_009656.1	99.543	2430416	2429760	657	1	657	0.0	1197	654
LLQP01000144.1	NC_009656.1	99.543	2538380	2539036	657	1	657	0.0	1197	654
LLQP01000144.1	NC_009656.1	99.543	4925396	4926052	657	1	657	0.0	1197	654
LLQP01000144.1	NC_009656.1	99.087	4563263	4562607	657	1	657	0.0	1181	651
LLQP01000144.1	NC_009656.1	98.174	4825286	4825942	657	1	657	0.0	1147	645
LLQP01000144.1	NC_009656.1	98.148	6228621	6228674	54	1	54	8.57e-20	95.3	53
LLQP01000145.1	NC_009656.1	99.522	5103680	5103056	628	1	628	0.0	1140	625
LLQP01000145.1	NC_009656.1	99.522	6119661	6119037	628	1	628	0.0	1140	625
LLQP01000145.1	NC_009656.1	99.363	5412286	5412910	628	1	628	0.0	1134	624
LLQP01000145.1	NC_009656.1	99.204	5285489	5286113	628	1	628	0.0	1129	623
LLQP01000145.1	NC_009656.1	100.000	5221089	5221014	76	553	628	1.04e-33	141	76
LLQP01000146.1	NC_009656.1	99.676	2812050	2811433	618	1	618	0.0	1131	616
LLQP01000146.1	NC_009656.1	99.515	2824901	2824284	618	1	618	0.0	1125	615
LLQP01000146.1	NC_009656.1	98.862	2826661	2826047	615	4	618	0.0	1098	608
LLQP01000146.1	NC_009656.1	98.544	2828485	2827868	618	1	618	0.0	1092	609
LLQP01000148.1	NC_009656.1	99.404	52898	52396	503	58	560	0.0	913	500
LLQP01000148.1	NC_009656.1	99.400	2818357	2817858	500	61	560	0.0	907	497
LLQP01000149.1	NC_009656.1	99.657	933420	1054702	121298	46332	167624	0.0	2.217e+05	120882
LLQP01000149.1	NC_009656.1	99.484	884077	930181	46105	1	46083	0.0	83802	45867
LLQP01000149.1	NC_009656.1	99.615	1054717	1064854	10138	167579	177714	0.0	18504	10099
LLQP01000149.1	NC_009656.1	100.000	5753804	5753775	30	122380	122409	1.32e-05	56.5	30
LLQP01000151.1	NC_009656.1	99.049	2810213	2809688	526	1	526	0.0	944	521
LLQP01000151.1	NC_009656.1	99.682	2823064	2822751	314	1	314	2.00e-164	575	313
LLQP01000153.1	NC_009656.1	100.000	2887648	2888166	519	1	519	0.0	959	519
LLQP01000153.1	NC_009656.1	100.000	4369575	4369057	519	1	519	0.0	959	519
LLQP01000153.1	NC_009656.1	100.000	4925814	4926332	519	1	519	0.0	959	519
LLQP01000153.1	NC_009656.1	99.807	2429998	2429480	519	1	519	0.0	953	518
LLQP01000153.1	NC_009656.1	99.807	2538798	2539316	519	1	519	0.0	953	518
LLQP01000153.1	NC_009656.1	99.422	4825704	4826222	519	1	519	0.0	942	516
LLQP01000153.1	NC_009656.1	99.488	4562845	4562455	391	1	391	0.0	712	389
LLQP01000154.1	NC_009656.1	98.444	5571570	5572083	514	1	514	0.0	905	506
