JTWF01000010.1	NC_009656.1	98.485	4150354	4150289	66	2247	2312	6.82e-24	117	65
JTWF01000010.1	NC_009656.1	100.000	6580599	6580569	31	95784	95814	4.19e-06	58.4	31
JTWF01000010.1	NC_009656.1	100.000	3725240	3725269	30	234288	234317	1.51e-05	56.5	30
JTWF01000107.1	NC_009656.1	98.008	815702	831863	16163	1	16162	0.0	28062	15841
JTWF01000108.1	NC_009656.1	99.771	3162507	3175191	12685	1	12684	0.0	23263	12656
JTWF01000108.1	NC_009656.1	100.000	3176518	3176557	40	12675	12714	2.23e-12	75.0	40
JTWF01000109.1	NC_009656.1	98.032	2817313	2818378	1067	779	1845	0.0	1853	1046
JTWF01000109.1	NC_009656.1	99.284	2813627	2814045	419	4291	4709	0.0	758	416
JTWF01000110.1	NC_009656.1	100.000	2829745	2829715	31	5015	5045	1.13e-07	58.4	31
JTWF01000111.1	NC_009656.1	99.163	5566191	5571904	5732	1	5732	0.0	10303	5684
JTWF01000111.1	NC_009656.1	99.075	812290	806577	5732	1	5732	0.0	10275	5679
JTWF01000111.1	NC_009656.1	99.075	4982875	4988588	5732	1	5732	0.0	10275	5679
JTWF01000111.1	NC_009656.1	99.058	6353427	6359140	5732	1	5732	0.0	10270	5678
JTWF01000115.1	NC_009656.1	98.257	2824945	2824315	631	3991	4621	0.0	1105	620
JTWF01000115.1	NC_009656.1	98.104	2826710	2826078	633	3989	4621	0.0	1103	621
JTWF01000115.1	NC_009656.1	98.101	2828530	2827899	632	3990	4621	0.0	1101	620
JTWF01000115.1	NC_009656.1	100.000	2819327	2819293	35	1244	1278	4.87e-10	65.8	35
JTWF01000115.1	NC_009656.1	100.000	56285	56252	34	2145	2178	1.75e-09	63.9	34
JTWF01000115.1	NC_009656.1	100.000	2834564	2834531	34	2145	2178	1.75e-09	63.9	34
JTWF01000115.1	NC_009656.1	100.000	2813018	2813050	33	2147	2179	6.30e-09	62.1	33
JTWF01000115.1	NC_009656.1	100.000	2831144	2831176	33	2147	2179	6.30e-09	62.1	33
JTWF01000115.1	NC_009656.1	100.000	2829715	2829745	31	3291	3321	8.15e-08	58.4	31
JTWF01000116.1	NC_009656.1	98.325	4830438	4835927	5491	3	5491	0.0	9627	5399
JTWF01000116.1	NC_009656.1	98.140	4851664	4851878	215	22112	22326	9.70e-103	375	211
JTWF01000116.1	NC_009656.1	98.374	4851880	4852002	123	22407	22529	6.22e-55	217	121
JTWF01000118.1	NC_009656.1	100.000	2834533	2834565	33	1004	1036	5.68e-09	62.1	33
JTWF01000118.1	NC_009656.1	100.000	56254	56285	32	2559	2590	2.04e-08	60.2	32
JTWF01000118.1	NC_009656.1	100.000	2834562	2834531	32	810	841	2.04e-08	60.2	32
JTWF01000118.1	NC_009656.1	100.000	2834533	2834564	32	2559	2590	2.04e-08	60.2	32
JTWF01000118.1	NC_009656.1	100.000	2829745	2829715	31	810	840	7.35e-08	58.4	31
JTWF01000119.1	NC_009656.1	99.001	2821180	2822580	1401	229	1628	0.0	2508	1387
JTWF01000119.1	NC_009656.1	98.387	49966	50151	186	1443	1628	2.00e-89	327	183
JTWF01000119.1	NC_009656.1	98.387	2809133	2809318	186	1443	1628	2.00e-89	327	183
JTWF01000119.1	NC_009656.1	100.000	2813049	2813018	32	191	222	8.05e-09	60.2	32
JTWF01000119.1	NC_009656.1	100.000	2829715	2829746	32	192	223	8.05e-09	60.2	32
JTWF01000119.1	NC_009656.1	100.000	2831175	2831144	32	191	222	8.05e-09	60.2	32
JTWF01000122.1	NC_009656.1	100.000	1113485	1113452	34	9334	9367	1.29e-08	63.9	34
JTWF01000129.1	NC_009656.1	100.000	4926574	4926634	61	1	61	6.79e-24	113	61
JTWF01000129.1	NC_009656.1	100.000	4826463	4826522	60	1	60	2.44e-23	111	60
JTWF01000129.1	NC_009656.1	100.000	2888407	2888465	59	1	59	8.78e-23	110	59
JTWF01000129.1	NC_009656.1	100.000	4368816	4368758	59	1	59	8.78e-23	110	59
JTWF01000129.1	NC_009656.1	98.305	2429239	2429181	59	1	59	4.09e-21	104	58
JTWF01000129.1	NC_009656.1	98.305	2539557	2539615	59	1	59	4.09e-21	104	58
JTWF01000130.1	NC_009656.1	99.286	2521339	2521478	140	1	140	1.54e-66	254	139
JTWF01000132.1	NC_009656.1	98.057	5103126	5104309	1184	5828	7011	0.0	2060	1161
JTWF01000132.1	NC_009656.1	100.000	5221098	5221132	35	6977	7011	1.48e-09	65.8	35
JTWF01000014.1	NC_009656.1	98.409	2888172	2887230	943	1	943	0.0	1659	928
JTWF01000014.1	NC_009656.1	98.305	4926338	4925395	944	1	944	0.0	1655	928
JTWF01000014.1	NC_009656.1	98.303	4369051	4369993	943	1	943	0.0	1653	927
JTWF01000014.1	NC_009656.1	98.303	4826228	4825286	943	1	943	0.0	1653	927
JTWF01000014.1	NC_009656.1	98.197	2429474	2430416	943	1	943	0.0	1648	926
JTWF01000014.1	NC_009656.1	98.197	2539322	2538380	943	1	943	0.0	1648	926
JTWF01000014.1	NC_009656.1	98.032	4562455	4563267	813	135	947	0.0	1413	797
JTWF01000014.1	NC_009656.1	100.000	4728025	4728105	81	70580	70660	2.76e-34	150	81
JTWF01000014.1	NC_009656.1	100.000	4728212	4728291	80	70393	70472	9.94e-34	148	80
JTWF01000014.1	NC_009656.1	100.000	5325750	5325827	78	1701	1778	1.29e-32	145	78
JTWF01000146.1	NC_009656.1	98.555	2829752	2831135	1384	790	2172	0.0	2444	1364
JTWF01000146.1	NC_009656.1	98.268	2813011	2813240	231	2752	2982	5.85e-112	403	227
JTWF01000146.1	NC_009656.1	98.261	2831137	2831366	230	2753	2982	5.85e-112	403	226
JTWF01000146.1	NC_009656.1	98.673	55486	55711	226	2757	2982	2.10e-111	401	223
JTWF01000146.1	NC_009656.1	100.000	56283	56252	32	2760	2791	1.46e-08	60.2	32
JTWF01000146.1	NC_009656.1	100.000	2834562	2834531	32	2760	2791	1.46e-08	60.2	32
JTWF01000146.1	NC_009656.1	100.000	2829745	2829715	31	2760	2790	5.24e-08	58.4	31
JTWF01000147.1	NC_009656.1	99.840	2810852	2811475	624	3793	4416	0.0	1147	623
JTWF01000147.1	NC_009656.1	99.840	2823703	2824326	624	3793	4416	0.0	1147	623
JTWF01000015.1	NC_009656.1	100.000	1890531	1890503	29	28198	28226	1.87e-05	54.7	29
JTWF01000150.1	NC_009656.1	100.000	5089668	5089635	34	26107	26140	1.41e-08	63.9	34
JTWF01000155.1	NC_009656.1	100.000	630183	630150	34	35343	35376	1.36e-08	63.9	34
JTWF01000156.1	NC_009656.1	98.333	3718623	3718504	120	1233	1352	4.40e-54	211	118
JTWF01000157.1	NC_009656.1	99.123	2813013	2813240	228	1604	1831	2.13e-114	411	226
JTWF01000157.1	NC_009656.1	98.673	55486	55711	226	1606	1831	1.28e-111	401	223
JTWF01000157.1	NC_009656.1	99.219	2833853	2833980	128	110	237	1.78e-60	231	127
JTWF01000157.1	NC_009656.1	99.048	56180	56284	105	1	105	1.09e-47	189	104
JTWF01000157.1	NC_009656.1	99.048	2834459	2834563	105	1	105	1.09e-47	189	104
JTWF01000157.1	NC_009656.1	100.000	56283	56252	32	1609	1640	8.91e-09	60.2	32
JTWF01000157.1	NC_009656.1	100.000	2813049	2813018	32	73	104	8.91e-09	60.2	32
JTWF01000157.1	NC_009656.1	100.000	2829715	2829746	32	74	105	8.91e-09	60.2	32
JTWF01000157.1	NC_009656.1	100.000	2831175	2831144	32	73	104	8.91e-09	60.2	32
JTWF01000157.1	NC_009656.1	100.000	2834562	2834531	32	1609	1640	8.91e-09	60.2	32
JTWF01000157.1	NC_009656.1	100.000	2829745	2829715	31	1609	1639	3.20e-08	58.4	31
JTWF01000168.1	NC_009656.1	98.447	4855364	4852990	2383	1	2383	0.0	4189	2346
JTWF01000170.1	NC_009656.1	98.780	2813092	2813011	82	1	82	5.79e-35	147	81
JTWF01000170.1	NC_009656.1	98.718	2831218	2831141	78	1	78	9.69e-33	139	77
JTWF01000170.1	NC_009656.1	100.000	56252	56283	32	44	75	7.76e-09	60.2	32
JTWF01000170.1	NC_009656.1	100.000	2834531	2834562	32	44	75	7.76e-09	60.2	32
JTWF01000170.1	NC_009656.1	100.000	2829715	2829745	31	45	75	2.79e-08	58.4	31
JTWF01000179.1	NC_009656.1	99.038	2826802	2826699	104	81	184	3.32e-47	187	103
JTWF01000179.1	NC_009656.1	100.000	2829715	2829745	31	45	75	2.72e-08	58.4	31
JTWF01000181.1	NC_009656.1	98.889	2823110	2822751	360	1	360	0.0	643	356
JTWF01000183.1	NC_009656.1	98.592	5412909	5412979	71	4132	4202	2.91e-28	126	70
JTWF01000019.1	NC_009656.1	100.000	3927006	3926978	29	1260	1288	1.42e-05	54.7	29
JTWF01000196.1	NC_009656.1	98.076	1682067	1683729	1663	1	1663	0.0	2894	1631
JTWF01000197.1	NC_009656.1	100.000	1054776	1054741	36	46	81	8.10e-11	67.6	36
JTWF01000199.1	NC_009656.1	99.444	1699880	1700059	180	601	780	4.38e-89	327	179
JTWF01000002.1	NC_009656.1	98.272	689324	716962	27663	108362	135989	0.0	48381	27185
JTWF01000002.1	NC_009656.1	100.000	5306028	5305947	82	34621	34702	1.22e-34	152	82
JTWF01000002.1	NC_009656.1	100.000	4659359	4659312	48	15261	15308	9.73e-16	89.8	48
JTWF01000002.1	NC_009656.1	98.000	4573802	4573753	50	15264	15313	3.50e-15	87.9	49
JTWF01000002.1	NC_009656.1	100.000	566142	566114	29	85736	85764	3.55e-05	54.7	29
JTWF01000002.1	NC_009656.1	100.000	4590109	4590081	29	121	149	3.55e-05	54.7	29
JTWF01000002.1	NC_009656.1	100.000	3583927	3583954	28	34709	34736	1.28e-04	52.8	28
JTWF01000201.1	NC_009656.1	99.157	1680341	1680696	356	407	762	0.0	641	353
JTWF01000201.1	NC_009656.1	98.082	1679832	1680196	365	1	365	0.0	636	358
JTWF01000205.1	NC_009656.1	99.454	4826192	4825461	732	1	732	0.0	1330	728
JTWF01000205.1	NC_009656.1	98.634	2888136	2887405	732	1	732	0.0	1297	722
JTWF01000205.1	NC_009656.1	98.634	4369087	4369818	732	1	732	0.0	1297	722
JTWF01000205.1	NC_009656.1	98.634	4926302	4925571	732	1	732	0.0	1297	722
JTWF01000205.1	NC_009656.1	98.361	2429510	2430241	732	1	732	0.0	1286	720
JTWF01000205.1	NC_009656.1	98.361	2539286	2538555	732	1	732	0.0	1286	720
JTWF01000205.1	NC_009656.1	98.580	4562455	4563088	634	99	732	0.0	1122	625
JTWF01000021.1	NC_009656.1	100.000	2359776	2359743	34	84034	84067	5.40e-08	63.9	34
JTWF01000021.1	NC_009656.1	100.000	3447902	3447875	28	3674	3701	1.17e-04	52.8	28
JTWF01000211.1	NC_009656.1	98.411	2828196	2829452	1259	1	1259	0.0	2213	1239
JTWF01000217.1	NC_009656.1	98.013	1403682	1405241	1560	1	1560	0.0	2710	1529
JTWF01000219.1	NC_009656.1	98.822	2848172	2847579	594	9	602	0.0	1059	587
JTWF01000219.1	NC_009656.1	98.007	6408775	6408174	602	1	602	0.0	1046	590
JTWF01000022.1	NC_009656.1	100.000	377668	377639	30	149507	149536	1.28e-05	56.5	30
JTWF01000022.1	NC_009656.1	100.000	857764	857792	29	118964	118992	4.59e-05	54.7	29
JTWF01000223.1	NC_009656.1	98.295	1402524	1402349	176	887	1062	2.46e-83	309	173
JTWF01000023.1	NC_009656.1	98.907	4825277	4825459	183	73845	74026	3.26e-87	326	181
JTWF01000023.1	NC_009656.1	98.286	4369994	4369820	175	73852	74026	1.18e-81	307	172
JTWF01000023.1	NC_009656.1	98.276	2430416	2430243	174	73853	74026	4.24e-81	305	171
JTWF01000023.1	NC_009656.1	98.276	2538380	2538553	174	73853	74026	4.24e-81	305	171
JTWF01000023.1	NC_009656.1	98.276	4563263	4563090	174	73853	74026	4.24e-81	305	171
JTWF01000240.1	NC_009656.1	99.002	4852767	4852167	601	1	601	0.0	1077	595
JTWF01000244.1	NC_009656.1	99.339	3184933	3184177	757	1	757	0.0	1371	752
JTWF01000248.1	NC_009656.1	98.565	629362	629570	209	1	209	9.99e-103	370	206
JTWF01000026.1	NC_009656.1	100.000	454851	454884	34	111787	111820	4.27e-08	63.9	34
JTWF01000026.1	NC_009656.1	100.000	1593808	1593776	33	112074	112106	1.54e-07	62.1	33
JTWF01000026.1	NC_009656.1	100.000	2889345	2889313	33	112074	112106	1.54e-07	62.1	33
JTWF01000026.1	NC_009656.1	100.000	2717947	2717918	30	112077	112106	7.15e-06	56.5	30
JTWF01000026.1	NC_009656.1	100.000	5169524	5169553	30	47574	47603	7.15e-06	56.5	30
JTWF01000028.1	NC_009656.1	99.649	4855493	4856347	855	1	855	0.0	1563	852
JTWF01000029.1	NC_009656.1	98.135	2971839	3014127	42304	42646	84941	0.0	73728	41515
JTWF01000003.1	NC_009656.1	100.000	879006	879042	37	114189	114225	1.14e-09	69.4	37
JTWF01000030.1	NC_009656.1	100.000	2497716	2497689	28	38218	38245	4.05e-05	52.8	28
JTWF01000031.1	NC_009656.1	98.873	494486	488635	5858	586	6442	0.0	10445	5792
JTWF01000031.1	NC_009656.1	100.000	5798839	5798868	30	87801	87830	6.28e-06	56.5	30
JTWF01000032.1	NC_009656.1	100.000	2038284	2038208	77	120037	120113	5.92e-32	143	77
JTWF01000032.1	NC_009656.1	100.000	2038575	2038500	76	120037	120112	2.13e-31	141	76
JTWF01000032.1	NC_009656.1	100.000	2390667	2390592	76	35806	35881	2.13e-31	141	76
JTWF01000032.1	NC_009656.1	100.000	2390827	2390752	76	119959	120034	2.13e-31	141	76
JTWF01000032.1	NC_009656.1	98.734	2635974	2635896	79	35806	35884	2.13e-31	141	78
JTWF01000032.1	NC_009656.1	100.000	2635974	2635899	76	119959	120034	2.13e-31	141	76
JTWF01000033.1	NC_009656.1	100.000	6397298	6397271	28	12014	12041	5.34e-05	52.8	28
JTWF01000036.1	NC_009656.1	100.000	5508623	5509772	1150	42080	43229	0.0	2124	1150
JTWF01000036.1	NC_009656.1	99.774	5497562	5498446	885	41200	42083	0.0	1622	883
JTWF01000036.1	NC_009656.1	99.774	5512542	5511660	884	41196	42079	0.0	1620	882
JTWF01000036.1	NC_009656.1	99.688	3860755	3861394	640	45581	46220	0.0	1171	638
JTWF01000036.1	NC_009656.1	100.000	116188	116354	167	47572	47738	3.36e-82	309	167
JTWF01000038.1	NC_009656.1	99.983	6250417	6232487	17931	9940	27870	0.0	33096	17928
JTWF01000038.1	NC_009656.1	99.987	6258565	6250886	7680	192	7871	0.0	14177	7679
JTWF01000038.1	NC_009656.1	100.000	6250889	6250416	474	8887	9360	0.0	876	474
JTWF01000038.1	NC_009656.1	100.000	6231152	6231111	42	27869	27910	6.79e-13	78.7	42
JTWF01000038.1	NC_009656.1	100.000	94238	94210	29	165	193	1.14e-05	54.7	29
JTWF01000004.1	NC_009656.1	100.000	4825480	4825286	195	1	195	2.63e-97	361	195
JTWF01000004.1	NC_009656.1	98.469	2538574	2538379	196	1	196	7.36e-93	346	193
JTWF01000004.1	NC_009656.1	98.462	2430222	2430416	195	1	195	2.65e-92	344	192
JTWF01000004.1	NC_009656.1	98.462	2887424	2887230	195	1	195	2.65e-92	344	192
JTWF01000004.1	NC_009656.1	98.462	4369799	4369993	195	1	195	2.65e-92	344	192
JTWF01000004.1	NC_009656.1	100.000	5270168	5270206	39	107714	107752	1.38e-10	73.1	39
JTWF01000041.1	NC_009656.1	100.000	5674245	5674214	32	87	118	2.06e-07	60.2	32
JTWF01000043.1	NC_009656.1	98.333	717949	717831	120	83087	83205	6.54e-52	209	118
JTWF01000043.1	NC_009656.1	100.000	1593776	1593807	32	141302	141333	6.97e-07	60.2	32
JTWF01000043.1	NC_009656.1	100.000	2889313	2889344	32	141302	141333	6.97e-07	60.2	32
JTWF01000043.1	NC_009656.1	100.000	2717918	2717947	30	141302	141331	9.01e-06	56.5	30
JTWF01000043.1	NC_009656.1	100.000	5110450	5110423	28	108756	108783	1.17e-04	52.8	28
JTWF01000044.1	NC_009656.1	98.127	2520967	2520274	694	1	694	0.0	1210	681
JTWF01000046.1	NC_009656.1	100.000	1254839	1254881	43	45459	45501	5.09e-13	80.5	43
JTWF01000046.1	NC_009656.1	100.000	1054822	1054789	34	86261	86294	5.12e-08	63.9	34
JTWF01000046.1	NC_009656.1	100.000	1054822	1054789	34	86140	86173	5.12e-08	63.9	34
JTWF01000046.1	NC_009656.1	100.000	537655	537623	33	37420	37452	1.84e-07	62.1	33
JTWF01000046.1	NC_009656.1	100.000	1699797	1699769	29	78947	78975	3.08e-05	54.7	29
JTWF01000046.1	NC_009656.1	100.000	509837	509810	28	6582	6609	1.11e-04	52.8	28
JTWF01000047.1	NC_009656.1	98.858	2044628	1974940	69701	149989	219683	0.0	1.243e+05	68905
JTWF01000047.1	NC_009656.1	99.029	1900405	1900200	206	116968	117173	4.40e-100	370	204
JTWF01000047.1	NC_009656.1	100.000	1900404	1900323	82	116778	116859	1.74e-34	152	82
JTWF01000047.1	NC_009656.1	98.795	5326000	5325918	83	165329	165411	2.25e-33	148	82
JTWF01000047.1	NC_009656.1	100.000	2390589	2390513	77	156334	156410	1.05e-31	143	77
JTWF01000047.1	NC_009656.1	100.000	2390589	2390514	76	156043	156118	3.76e-31	141	76
JTWF01000047.1	NC_009656.1	100.000	2002653	2002682	30	191939	191968	1.40e-05	56.5	30
JTWF01000047.1	NC_009656.1	100.000	1038095	1038123	29	149989	150017	5.04e-05	54.7	29
JTWF01000048.1	NC_009656.1	100.000	4760196	4760165	32	65597	65628	3.51e-07	60.2	32
JTWF01000052.1	NC_009656.1	99.509	4651442	4602956	48490	57749	106237	0.0	88222	48252
JTWF01000052.1	NC_009656.1	98.994	4601669	4590737	10939	106265	117201	0.0	19584	10829
JTWF01000052.1	NC_009656.1	98.795	2029292	2029210	83	49786	49868	1.20e-33	148	82
JTWF01000052.1	NC_009656.1	98.780	4659389	4659308	82	49958	50039	4.31e-33	147	81
JTWF01000052.1	NC_009656.1	100.000	2370352	2370383	32	49575	49606	5.78e-07	60.2	32
JTWF01000053.1	NC_009656.1	100.000	1763165	1763197	33	38595	38627	6.82e-08	62.1	33
JTWF01000054.1	NC_009656.1	100.000	56283	56253	31	143	173	5.65e-07	58.4	31
JTWF01000054.1	NC_009656.1	100.000	2834562	2834532	31	143	173	5.65e-07	58.4	31
JTWF01000055.1	NC_009656.1	98.039	2078304	2078354	51	191090	191140	1.40e-15	89.8	50
JTWF01000055.1	NC_009656.1	100.000	5674245	5674215	31	84	114	3.96e-06	58.4	31
JTWF01000055.1	NC_009656.1	100.000	6520030	6520059	30	58596	58625	1.42e-05	56.5	30
JTWF01000056.1	NC_009656.1	100.000	1054741	1054773	33	13230	13262	6.63e-08	62.1	33
JTWF01000056.1	NC_009656.1	100.000	1730770	1730800	31	13050	13080	8.57e-07	58.4	31
JTWF01000057.1	NC_009656.1	98.765	2390591	2390671	81	6949	7028	9.11e-33	143	80
JTWF01000057.1	NC_009656.1	100.000	2390752	2390828	77	6950	7026	9.11e-33	143	77
JTWF01000058.1	NC_009656.1	98.340	5536147	5534884	1265	22455	23719	0.0	2218	1244
JTWF01000059.1	NC_009656.1	100.000	2917956	2917918	39	6328	6366	2.45e-11	73.1	39
JTWF01000059.1	NC_009656.1	100.000	454882	454850	33	25786	25818	5.30e-08	62.1	33
JTWF01000059.1	NC_009656.1	100.000	1704385	1704354	32	1395	1426	1.91e-07	60.2	32
JTWF01000006.1	NC_009656.1	100.000	1730768	1730800	33	3674	3706	4.30e-07	62.1	33
JTWF01000006.1	NC_009656.1	100.000	6517407	6517439	33	101497	101529	4.30e-07	62.1	33
JTWF01000006.1	NC_009656.1	100.000	1730800	1730770	31	112256	112286	5.56e-06	58.4	31
JTWF01000006.1	NC_009656.1	100.000	1009486	1009457	30	102181	102210	2.00e-05	56.5	30
JTWF01000006.1	NC_009656.1	100.000	5753120	5753091	30	150094	150123	2.00e-05	56.5	30
JTWF01000006.1	NC_009656.1	100.000	5838963	5838935	29	20038	20066	7.19e-05	54.7	29
JTWF01000063.1	NC_009656.1	98.561	2521477	2521339	139	164738	164876	5.81e-63	246	137
JTWF01000063.1	NC_009656.1	100.000	21334	21361	28	18709	18736	1.36e-04	52.8	28
JTWF01000064.1	NC_009656.1	100.000	3387642	3387614	29	99144	99172	2.90e-05	54.7	29
JTWF01000066.1	NC_009656.1	100.000	111880	111843	38	103262	103299	2.45e-10	71.3	38
JTWF01000066.1	NC_009656.1	100.000	111843	111880	38	96836	96873	2.45e-10	71.3	38
JTWF01000067.1	NC_009656.1	100.000	1181161	1181194	34	64669	64702	2.76e-08	63.9	34
JTWF01000067.1	NC_009656.1	100.000	103451	103479	29	37841	37869	1.66e-05	54.7	29
JTWF01000067.1	NC_009656.1	100.000	2321525	2321497	29	48788	48816	1.66e-05	54.7	29
JTWF01000068.1	NC_009656.1	99.984	122607	116355	6253	56490	62742	0.0	11542	6252
JTWF01000068.1	NC_009656.1	100.000	116355	116393	39	56490	56528	5.30e-11	73.1	39
JTWF01000074.1	NC_009656.1	100.000	3794381	3794409	29	74187	74215	1.95e-05	54.7	29
JTWF01000079.1	NC_009656.1	100.000	1203654	1203622	33	54072	54104	9.45e-08	62.1	33
JTWF01000081.1	NC_009656.1	98.268	2549873	2539655	10221	116853	127071	0.0	17891	10044
JTWF01000082.1	NC_009656.1	99.900	6267453	6259436	8024	1	8024	0.0	14768	8016
JTWF01000082.1	NC_009656.1	99.259	139981	139577	405	8025	8429	0.0	732	402
JTWF01000009.1	NC_009656.1	100.000	207193	207158	36	7416	7451	7.87e-10	67.6	36
JTWF01000009.1	NC_009656.1	100.000	5782646	5782615	32	20500	20531	1.32e-07	60.2	32
JTWF01000009.1	NC_009656.1	100.000	4275878	4275848	31	7418	7448	4.73e-07	58.4	31
JTWF01000090.1	NC_009656.1	99.760	295775	296191	417	9	425	0.0	765	416
JTWF01000091.1	NC_009656.1	100.000	6347752	6347719	34	18452	18485	1.65e-08	63.9	34
JTWF01000091.1	NC_009656.1	100.000	1730800	1730770	31	9038	9068	7.70e-07	58.4	31
JTWF01000094.1	NC_009656.1	100.000	2717949	2717917	33	699	731	1.04e-07	62.1	33
JTWF01000094.1	NC_009656.1	100.000	5753123	5753091	33	33808	33840	1.04e-07	62.1	33
JTWF01000094.1	NC_009656.1	100.000	2889342	2889312	31	701	731	1.34e-06	58.4	31
JTWF01000096.1	NC_009656.1	98.005	816503	815702	802	44986	45787	0.0	1393	786
