NZ_CAADNS010000003.1	NC_009656.1	100.000	540811	540782	30	5172	5201	3.30e-07	56.5	30
NZ_CAADNS010000005.1	NC_009656.1	100.000	377639	377668	30	2737	2766	1.03e-06	56.5	30
NZ_CAADNS010000006.1	NC_009656.1	100.000	2768302	2768330	29	28409	28437	6.52e-06	54.7	29
NZ_CAADNS010000010.1	NC_009656.1	100.000	1193342	1193369	28	3	30	1.91e-05	52.8	28
NZ_CAADNS010000015.1	NC_009656.1	100.000	5782615	5782646	32	6205	6236	8.14e-08	60.2	32
NZ_CAADNS010000017.1	NC_009656.1	98.655	2993064	2991281	1785	1	1785	0.0	3162	1761
NZ_CAADNS010000028.1	NC_009656.1	98.351	2321994	2319691	2304	4541	6844	0.0	4045	2266
NZ_CAADNS010000028.1	NC_009656.1	100.000	3387614	3387642	29	5010	5038	1.56e-06	54.7	29
NZ_CAADNS010000030.1	NC_009656.1	100.000	2497689	2497716	28	10596	10623	1.55e-05	52.8	28
NZ_CAADNS010000041.1	NC_009656.1	100.000	4563265	4563234	32	58844	58875	2.90e-07	60.2	32
NZ_CAADNS010000041.1	NC_009656.1	100.000	2538379	2538409	31	58845	58875	1.04e-06	58.4	31
NZ_CAADNS010000041.1	NC_009656.1	100.000	2430416	2430387	30	58846	58875	3.75e-06	56.5	30
NZ_CAADNS010000041.1	NC_009656.1	100.000	2887230	2887259	30	58846	58875	3.75e-06	56.5	30
NZ_CAADNS010000041.1	NC_009656.1	100.000	2888436	2888465	30	1	30	3.75e-06	56.5	30
NZ_CAADNS010000041.1	NC_009656.1	100.000	4368787	4368758	30	1	30	3.75e-06	56.5	30
NZ_CAADNS010000041.1	NC_009656.1	100.000	4369993	4369964	30	58846	58875	3.75e-06	56.5	30
NZ_CAADNS010000041.1	NC_009656.1	100.000	4825286	4825315	30	58846	58875	3.75e-06	56.5	30
NZ_CAADNS010000041.1	NC_009656.1	100.000	4826492	4826521	30	1	30	3.75e-06	56.5	30
NZ_CAADNS010000041.1	NC_009656.1	100.000	4925396	4925425	30	58846	58875	3.75e-06	56.5	30
NZ_CAADNS010000041.1	NC_009656.1	100.000	4926603	4926632	30	1	30	3.75e-06	56.5	30
NZ_CAADNS010000041.1	NC_009656.1	100.000	6228621	6228650	30	58846	58875	3.75e-06	56.5	30
NZ_CAADNS010000043.1	NC_009656.1	100.000	3189883	3189912	30	1	30	1.22e-06	56.5	30
NZ_CAADNS010000045.1	NC_009656.1	100.000	4367277	4367247	31	9167	9197	1.69e-07	58.4	31
NZ_CAADNS010000046.1	NC_009656.1	100.000	1730772	1730800	29	1	29	4.86e-06	54.7	29
NZ_CAADNS010000050.1	NC_009656.1	100.000	879035	879006	30	1	30	1.19e-06	56.5	30
NZ_CAADNS010000053.1	NC_009656.1	100.000	630183	630150	34	358	391	8.93e-10	63.9	34
NZ_CAADNS010000054.1	NC_009656.1	100.000	5089633	5089662	30	10274	10303	6.55e-07	56.5	30
NZ_CAADNS010000054.1	NC_009656.1	100.000	2359743	2359770	28	10276	10303	8.48e-06	52.8	28
NZ_CAADNS010000055.1	NC_009656.1	100.000	2359743	2359772	30	1	30	7.47e-07	56.5	30
NZ_CAADNS010000055.1	NC_009656.1	100.000	5089635	5089664	30	1	30	7.47e-07	56.5	30
NZ_CAADNS010000056.1	NC_009656.1	100.000	2359743	2359776	34	1	34	5.18e-09	63.9	34
NZ_CAADNS010000064.1	NC_009656.1	100.000	1558077	1558048	30	1372	1401	8.79e-08	56.5	30
NZ_CAADNS010000064.1	NC_009656.1	100.000	5798868	5798839	30	187	216	8.79e-08	56.5	30
NZ_CAADNS010000088.1	NC_009656.1	100.000	3583926	3583958	33	5611	5643	4.75e-08	62.1	33
NZ_CAADNS010000088.1	NC_009656.1	100.000	3966418	3966447	30	1	30	2.21e-06	56.5	30
NZ_CAADNS010000088.1	NC_009656.1	100.000	5110450	5110423	28	5612	5639	2.86e-05	52.8	28
NZ_CAADNS010000092.1	NC_009656.1	98.393	583543	584102	560	1	560	0.0	985	551
NZ_CAADNS010000098.1	NC_009656.1	100.000	537623	537655	33	3148	3180	9.84e-09	62.1	33
NZ_CAADNS010000100.1	NC_009656.1	98.179	4851994	4858303	6315	1	6315	0.0	11020	6200
NZ_CAADNS010000101.1	NC_009656.1	100.000	3892265	3892237	29	33886	33914	9.29e-06	54.7	29
NZ_CAADNS010000126.1	NC_009656.1	100.000	352228	352256	29	13261	13289	3.04e-06	54.7	29
NZ_CAADNS010000126.1	NC_009656.1	100.000	2430388	2430416	29	1	29	3.04e-06	54.7	29
NZ_CAADNS010000126.1	NC_009656.1	100.000	2538408	2538380	29	1	29	3.04e-06	54.7	29
NZ_CAADNS010000126.1	NC_009656.1	100.000	4369965	4369993	29	1	29	3.04e-06	54.7	29
NZ_CAADNS010000126.1	NC_009656.1	100.000	4563235	4563263	29	1	29	3.04e-06	54.7	29
NZ_CAADNS010000126.1	NC_009656.1	100.000	6228649	6228621	29	1	29	3.04e-06	54.7	29
NZ_CAADNS010000135.1	NC_009656.1	100.000	3793865	3793894	30	1	30	1.18e-07	56.5	30
NZ_CAADNS010000135.1	NC_009656.1	100.000	1730772	1730800	29	1851	1879	4.26e-07	54.7	29
NZ_CAADNS010000137.1	NC_009656.1	100.000	2993115	2993144	30	1	30	7.26e-07	56.5	30
NZ_CAADNS010000137.1	NC_009656.1	100.000	6056768	6056797	30	1	30	7.26e-07	56.5	30
NZ_CAADNS010000139.1	NC_009656.1	100.000	3631511	3631481	31	9890	9920	1.75e-07	58.4	31
NZ_CAADNS010000143.1	NC_009656.1	98.298	6389102	6385695	3408	1	3407	0.0	5971	3350
NZ_CAADNS010000158.1	NC_009656.1	98.275	5758867	5756260	2608	2249	4850	0.0	4562	2563
NZ_CAADNS010000159.1	NC_009656.1	99.861	6267452	6260273	7181	700	7880	0.0	13204	7171
NZ_CAADNS010000159.1	NC_009656.1	99.110	6231110	6230776	337	31312	31648	1.60e-171	604	334
NZ_CAADNS010000164.1	NC_009656.1	98.261	2883412	2882608	805	1	805	0.0	1410	791
NZ_CAADNS010000169.1	NC_009656.1	100.000	509837	509810	28	8558	8585	2.22e-05	52.8	28
NZ_CAADNS010000174.1	NC_009656.1	100.000	879036	879007	30	11045	11074	7.05e-07	56.5	30
NZ_CAADNS010000174.1	NC_009656.1	100.000	1054771	1054742	30	11045	11074	7.05e-07	56.5	30
NZ_CAADNS010000178.1	NC_009656.1	100.000	6520058	6520030	29	1	29	2.33e-06	54.7	29
NZ_CAADNS010000179.1	NC_009656.1	100.000	2370383	2370356	28	15477	15504	1.28e-05	52.8	28
NZ_CAADNS010000186.1	NC_009656.1	100.000	2299174	2299145	30	1	30	1.84e-06	56.5	30
NZ_CAADNS010000189.1	NC_009656.1	99.254	806577	812056	5497	1	5497	0.0	9908	5456
NZ_CAADNS010000189.1	NC_009656.1	99.254	5571904	5566425	5497	1	5497	0.0	9908	5456
NZ_CAADNS010000189.1	NC_009656.1	99.218	4988588	4983109	5497	1	5497	0.0	9897	5454
NZ_CAADNS010000189.1	NC_009656.1	99.090	6359140	6353661	5497	1	5497	0.0	9858	5447
NZ_CAADNS010000191.1	NC_009656.1	100.000	6298955	6298926	30	8488	8517	5.41e-07	56.5	30
NZ_CAADNS010000204.1	NC_009656.1	98.485	4150354	4150289	66	7504	7569	2.93e-25	117	65
NZ_CAADNS010000207.1	NC_009656.1	100.000	251363	251390	28	1	28	4.58e-06	52.8	28
NZ_CAADNS010000210.1	NC_009656.1	100.000	103451	103479	29	13842	13870	4.06e-06	54.7	29
NZ_CAADNS010000211.1	NC_009656.1	98.640	1239573	1249937	10365	1	10353	0.0	18349	10224
NZ_CAADNS010000225.1	NC_009656.1	100.000	5306029	5305947	83	15557	15639	4.86e-36	154	83
NZ_CAADNS010000225.1	NC_009656.1	100.000	5110450	5110422	29	15645	15673	5.07e-06	54.7	29
NZ_CAADNS010000225.1	NC_009656.1	100.000	3583927	3583954	28	15645	15672	1.82e-05	52.8	28
NZ_CAADNS010000226.1	NC_009656.1	100.000	4728240	4728212	29	1	29	3.69e-06	54.7	29
NZ_CAADNS010000233.1	NC_009656.1	100.000	21334	21361	28	673	700	1.13e-05	52.8	28
NZ_CAADNS010000239.1	NC_009656.1	100.000	1890503	1890531	29	3136	3164	9.14e-07	54.7	29
NZ_CAADNS010000240.1	NC_009656.1	100.000	1981736	2021475	39740	1	39740	0.0	73386	39740
NZ_CAADNS010000240.1	NC_009656.1	100.000	2002682	2002653	30	20918	20947	2.53e-06	56.5	30
NZ_CAADNS010000246.1	NC_009656.1	98.088	830250	816442	13809	1	13809	0.0	24038	13545
NZ_CAADNS010000250.1	NC_009656.1	98.360	76101	72139	3963	4145	8107	0.0	6959	3898
NZ_CAADNS010000252.1	NC_009656.1	98.171	4654029	4654191	164	5957	6119	1.21e-75	285	161
NZ_CAADNS010000253.1	NC_009656.1	100.000	5325799	5325827	29	1	29	9.58e-06	54.7	29
NZ_CAADNS010000256.1	NC_009656.1	100.000	3932468	3932497	30	1	30	6.76e-07	56.5	30
NZ_CAADNS010000256.1	NC_009656.1	100.000	3932474	3932503	30	1	30	6.76e-07	56.5	30
NZ_CAADNS010000260.1	NC_009656.1	100.000	941358	941385	28	2	29	8.39e-07	52.8	28
NZ_CAADNS010000260.1	NC_009656.1	100.000	1088029	1088056	28	2	29	8.39e-07	52.8	28
NZ_CAADNS010000260.1	NC_009656.1	100.000	5609786	5609813	28	2	29	8.39e-07	52.8	28
NZ_CAADNS010000260.1	NC_009656.1	100.000	6056765	6056792	28	2	29	8.39e-07	52.8	28
NZ_CAADNS010000260.1	NC_009656.1	100.000	6498287	6498314	28	2	29	8.39e-07	52.8	28
NZ_CAADNS010000265.1	NC_009656.1	100.000	2029239	2021471	7769	1	7769	0.0	14347	7769
NZ_CAADNS010000271.1	NC_009656.1	98.352	6069446	6069991	546	1	546	0.0	959	537
NZ_CAADNS010000275.1	NC_009656.1	98.058	2575532	2579908	4377	1906	6281	0.0	7611	4292
NZ_CAADNS010000276.1	NC_009656.1	100.000	2343639	2343610	30	13494	13523	8.61e-07	56.5	30
NZ_CAADNS010000277.1	NC_009656.1	100.000	2038287	2038258	30	23599	23628	1.51e-06	56.5	30
NZ_CAADNS010000277.1	NC_009656.1	100.000	1038095	1038123	29	17548	17576	5.41e-06	54.7	29
NZ_CAADNS010000303.1	NC_009656.1	100.000	2078354	2078326	29	4671	4699	1.07e-06	54.7	29
NZ_CAADNS010000325.1	NC_009656.1	100.000	5831026	5831055	30	22483	22512	1.43e-06	56.5	30
NZ_CAADNS010000326.1	NC_009656.1	100.000	3226355	3226384	30	8508	8537	1.78e-06	56.5	30
NZ_CAADNS010000340.1	NC_009656.1	100.000	6397271	6397298	28	3374	3401	1.23e-05	52.8	28
NZ_CAADNS010000341.1	NC_009656.1	100.000	533592	533621	30	10876	10905	6.94e-07	56.5	30
NZ_CAADNS010000344.1	NC_009656.1	100.000	6228622	6228287	336	919	1254	6.17e-178	621	336
NZ_CAADNS010000351.1	NC_009656.1	100.000	1203654	1203622	33	11148	11180	1.77e-08	62.1	33
NZ_CAADNS010000351.1	NC_009656.1	100.000	4223434	4223463	30	1	30	8.25e-07	56.5	30
NZ_CAADNS010000363.1	NC_009656.1	98.073	319078	314200	4879	1	4879	0.0	8490	4785
NZ_CAADNS010000368.1	NC_009656.1	100.000	1204620	1204589	32	15471	15502	1.23e-07	60.2	32
NZ_CAADNS010000371.1	NC_009656.1	98.701	3019792	3020713	924	29	952	0.0	1639	912
NZ_CAADNS010000371.1	NC_009656.1	100.000	3020684	3020713	30	1	30	5.92e-08	56.5	30
NZ_CAADNS010000372.1	NC_009656.1	100.000	5674245	5674214	32	1378	1409	1.77e-08	60.2	32
NZ_CAADNS010000373.1	NC_009656.1	100.000	5800062	5800091	30	1	30	3.48e-07	56.5	30
NZ_CAADNS010000373.1	NC_009656.1	100.000	6517436	6517407	30	1	30	3.48e-07	56.5	30
NZ_CAADNS010000380.1	NC_009656.1	100.000	545663	545692	30	1	30	2.74e-07	56.5	30
NZ_CAADNS010000380.1	NC_009656.1	100.000	857792	857764	29	1803	1831	9.85e-07	54.7	29
NZ_CAADNS010000393.1	NC_009656.1	100.000	1934655	1934683	29	4	32	1.59e-06	54.7	29
NZ_CAADNS010000394.1	NC_009656.1	98.732	546372	545663	710	1	710	0.0	1262	701
NZ_CAADNS010000394.1	NC_009656.1	100.000	1254881	1254852	30	681	710	4.38e-08	56.5	30
NZ_CAADNS010000397.1	NC_009656.1	100.000	3927006	3926978	29	632	660	1.16e-06	54.7	29
NZ_CAADNS010000400.1	NC_009656.1	99.867	116354	111843	4512	8404	12915	0.0	8299	4506
NZ_CAADNS010000400.1	NC_009656.1	98.046	1358935	1361032	2098	1	2098	0.0	3648	2057
NZ_CAADNS010000407.1	NC_009656.1	100.000	1181196	1181161	36	18509	18544	6.40e-10	67.6	36
NZ_CAADNS010000409.1	NC_009656.1	98.224	2541430	2549873	8446	1	8444	0.0	14763	8296
NZ_CAADNS010000410.1	NC_009656.1	98.246	2520274	2520330	57	5112	5168	1.49e-20	100	56
NZ_CAADNS010000418.1	NC_009656.1	100.000	566112	566141	30	6116	6145	3.90e-07	56.5	30
NZ_CAADNS010000419.1	NC_009656.1	98.243	488635	492100	3472	3216	6686	0.0	6067	3411
NZ_CAADNS010000419.1	NC_009656.1	98.091	478431	481626	3196	1	3196	0.0	5565	3135
NZ_CAADNS010000419.1	NC_009656.1	100.000	1791551	1791580	30	1	30	4.25e-07	56.5	30
NZ_CAADNS010000425.1	NC_009656.1	100.000	2888436	2888466	31	1	31	1.47e-07	58.4	31
NZ_CAADNS010000425.1	NC_009656.1	100.000	352261	352232	30	8273	8302	5.28e-07	56.5	30
NZ_CAADNS010000425.1	NC_009656.1	100.000	4926603	4926632	30	1	30	5.28e-07	56.5	30
NZ_CAADNS010000434.1	NC_009656.1	98.358	2993121	3001889	8770	1	8770	0.0	15396	8626
NZ_CAADNS010000440.1	NC_009656.1	100.000	2917918	2917956	39	1601	1639	1.63e-12	73.1	39
NZ_CAADNS010000446.1	NC_009656.1	100.000	1730768	1730799	32	1453	1484	7.20e-09	60.2	32
NZ_CAADNS010000455.1	NC_009656.1	100.000	6580569	6580599	31	271	301	1.56e-08	58.4	31
NZ_CAADNS010000456.1	NC_009656.1	100.000	5753094	5753123	30	1	30	5.24e-07	56.5	30
NZ_CAADNS010000467.1	NC_009656.1	100.000	2746739	2746768	30	1	30	6.24e-08	56.5	30
NZ_CAADNS010000471.1	NC_009656.1	99.384	841545	832947	8599	1	8596	0.0	15583	8546
NZ_CAADNS010000471.1	NC_009656.1	98.387	816503	816442	62	8535	8596	4.14e-23	110	61
NZ_CAADNS010000480.1	NC_009656.1	100.000	3582517	3582546	30	1	30	3.96e-08	56.5	30
NZ_CAADNS010000481.1	NC_009656.1	100.000	4826495	4826522	28	1	28	2.10e-05	52.8	28
NZ_CAADNS010000481.1	NC_009656.1	100.000	4926606	4926633	28	1	28	2.10e-05	52.8	28
NZ_CAADNS010000488.1	NC_009656.1	98.552	4583807	4582081	1727	1	1727	0.0	3051	1702
NZ_CAADNS010000491.1	NC_009656.1	100.000	4278405	4278434	30	1	30	6.86e-07	56.5	30
NZ_CAADNS010000492.1	NC_009656.1	100.000	1254839	1254873	35	4878	4912	5.18e-10	65.8	35
NZ_CAADNS010000492.1	NC_009656.1	100.000	2768330	2768302	29	1	29	1.12e-06	54.7	29
NZ_CAADNS010000494.1	NC_009656.1	100.000	1900375	1900404	30	1	30	2.44e-07	56.5	30
NZ_CAADNS010000494.1	NC_009656.1	100.000	6411405	6411434	30	3830	3859	2.44e-07	56.5	30
NZ_CAADNS010000503.1	NC_009656.1	100.000	2038237	2038208	30	1	30	2.81e-07	56.5	30
NZ_CAADNS010000503.1	NC_009656.1	100.000	2038528	2038500	29	1	29	1.01e-06	54.7	29
NZ_CAADNS010000509.1	NC_009656.1	100.000	1262272	1262302	31	1	31	2.07e-07	58.4	31
NZ_CAADNS010000510.1	NC_009656.1	100.000	5054907	5054936	30	1	30	3.70e-08	56.5	30
NZ_CAADNS010000515.1	NC_009656.1	100.000	4659340	4659312	29	1	29	6.77e-07	54.7	29
NZ_CAADNS010000516.1	NC_009656.1	100.000	5587627	5587600	28	3	30	1.90e-06	52.8	28
NZ_CAADNS010000519.1	NC_009656.1	100.000	3794409	3794381	29	2263	2291	2.37e-06	54.7	29
NZ_CAADNS010000520.1	NC_009656.1	99.772	3172451	3166299	6153	1	6153	0.0	11285	6139
NZ_CAADNS010000524.1	NC_009656.1	100.000	6056765	6056792	28	2	29	1.49e-06	52.8	28
NZ_CAADNS010000524.1	NC_009656.1	100.000	6498287	6498314	28	2	29	1.49e-06	52.8	28
NZ_CAADNS010000528.1	NC_009656.1	100.000	3038685	3038656	30	6606	6635	4.22e-07	56.5	30
NZ_CAADNS010000534.1	NC_009656.1	100.000	2390591	2390620	30	8488	8517	5.41e-07	56.5	30
NZ_CAADNS010000534.1	NC_009656.1	100.000	2390752	2390780	29	8489	8517	1.95e-06	54.7	29
NZ_CAADNS010000536.1	NC_009656.1	98.227	6408953	6411434	2482	1	2482	0.0	4340	2438
NZ_CAADNS010000538.1	NC_009656.1	98.073	397222	400179	2958	1	2958	0.0	5147	2901
NZ_CAADNS010000539.1	NC_009656.1	98.243	4830864	4835927	5065	1	5063	0.0	8857	4976
NZ_CAADNS010000543.1	NC_009656.1	99.070	2824593	2825775	1183	1	1183	0.0	2124	1172
NZ_CAADNS010000543.1	NC_009656.1	98.050	2826356	2826714	359	1	359	5.48e-179	625	352
NZ_CAADNS010000543.1	NC_009656.1	98.023	2811742	2812094	354	1	353	1.19e-175	614	347
NZ_CAADNS010000547.1	NC_009656.1	100.000	878990	878961	30	2751	2780	1.76e-07	56.5	30
NZ_CAADNS010000547.1	NC_009656.1	100.000	1593776	1593803	28	2753	2780	2.27e-06	52.8	28
NZ_CAADNS010000547.1	NC_009656.1	100.000	2717918	2717945	28	2753	2780	2.27e-06	52.8	28
NZ_CAADNS010000547.1	NC_009656.1	100.000	2889313	2889340	28	2753	2780	2.27e-06	52.8	28
NZ_CAADNS010000552.1	NC_009656.1	100.000	6195222	6195251	30	840	869	5.40e-08	56.5	30
NZ_CAADNS010000554.1	NC_009656.1	100.000	2269243	2269272	30	2547	2576	1.63e-07	56.5	30
NZ_CAADNS010000561.1	NC_009656.1	98.029	5756289	5753094	3196	1	3196	0.0	5553	3133
NZ_CAADNS010000561.1	NC_009656.1	100.000	1009457	1009486	30	2486	2515	2.02e-07	56.5	30
NZ_CAADNS010000561.1	NC_009656.1	100.000	6517439	6517410	30	3167	3196	2.02e-07	56.5	30
NZ_CAADNS010000567.1	NC_009656.1	100.000	1204622	1204650	29	1	29	2.59e-07	54.7	29
NZ_CAADNS010000567.1	NC_009656.1	100.000	1204742	1204770	29	1	29	2.59e-07	54.7	29
NZ_CAADNS010000567.1	NC_009656.1	100.000	1204562	1204589	28	1	28	9.31e-07	52.8	28
NZ_CAADNS010000568.1	NC_009656.1	100.000	3725269	3725240	30	606	635	8.28e-07	56.5	30
NZ_CAADNS010000572.1	NC_009656.1	100.000	207158	207193	36	2752	2787	1.60e-10	67.6	36
NZ_CAADNS010000572.1	NC_009656.1	100.000	4275848	4275878	31	2755	2785	9.65e-08	58.4	31
NZ_CAADNS010000583.1	NC_009656.1	100.000	3400305	3400277	29	866	894	2.00e-07	54.7	29
NZ_CAADNS010000585.1	NC_009656.1	100.000	4825284	4825315	32	2016	2047	9.97e-09	60.2	32
NZ_CAADNS010000585.1	NC_009656.1	100.000	2430417	2430387	31	2017	2047	3.59e-08	58.4	31
NZ_CAADNS010000585.1	NC_009656.1	100.000	2538380	2538409	30	2018	2047	1.29e-07	56.5	30
NZ_CAADNS010000585.1	NC_009656.1	100.000	4369993	4369964	30	2018	2047	1.29e-07	56.5	30
NZ_CAADNS010000585.1	NC_009656.1	100.000	4563263	4563234	30	2018	2047	1.29e-07	56.5	30
NZ_CAADNS010000585.1	NC_009656.1	100.000	4925396	4925425	30	2018	2047	1.29e-07	56.5	30
NZ_CAADNS010000585.1	NC_009656.1	100.000	6228621	6228650	30	2018	2047	1.29e-07	56.5	30
NZ_CAADNS010000593.1	NC_009656.1	98.076	3014122	3009656	4471	1773	6242	0.0	7775	4385
NZ_CAADNS010000598.1	NC_009656.1	100.000	5270177	5270206	30	1	30	3.82e-07	56.5	30
NZ_CAADNS010000600.1	NC_009656.1	99.737	3162507	3166313	3807	8125	11930	0.0	6974	3797
NZ_CAADNS010000621.1	NC_009656.1	100.000	5325971	5326000	30	1	30	5.63e-07	56.5	30
NZ_CAADNS010000623.1	NC_009656.1	100.000	2176467	2176434	34	13	46	2.04e-09	63.9	34
NZ_CAADNS010000624.1	NC_009656.1	100.000	2882630	2882601	30	1	30	1.83e-07	56.5	30
NZ_CAADNS010000631.1	NC_009656.1	98.535	495149	492079	3071	1	3071	0.0	5422	3026
NZ_CAADNS010000636.1	NC_009656.1	100.000	5326191	5326160	32	5755	5786	2.84e-08	60.2	32
NZ_CAADNS010000636.1	NC_009656.1	100.000	3583926	3583955	30	5755	5784	3.67e-07	56.5	30
NZ_CAADNS010000636.1	NC_009656.1	100.000	5295054	5295027	28	5756	5783	4.75e-06	52.8	28
NZ_CAADNS010000647.1	NC_009656.1	98.528	216497	218738	2242	1	2242	0.0	3958	2209
NZ_CAADNS010000650.1	NC_009656.1	100.000	2635979	2635945	35	13948	13982	1.48e-09	65.8	35
NZ_CAADNS010000650.1	NC_009656.1	100.000	2390670	2390638	33	13950	13982	1.91e-08	62.1	33
NZ_CAADNS010000654.1	NC_009656.1	100.000	4728076	4728105	30	1	30	2.42e-07	56.5	30
NZ_CAADNS010000655.1	NC_009656.1	100.000	6526479	6526508	30	7864	7893	5.02e-07	56.5	30
NZ_CAADNS010000656.1	NC_009656.1	100.000	3471883	3471854	30	1	30	7.74e-08	56.5	30
NZ_CAADNS010000657.1	NC_009656.1	98.319	1593483	1593601	119	2342	2460	1.27e-53	209	117
NZ_CAADNS010000658.1	NC_009656.1	98.111	2580076	2581822	1747	1	1747	0.0	3044	1714
NZ_CAADNS010000671.1	NC_009656.1	98.565	4583778	4584683	906	1	906	0.0	1602	893
NZ_CAADNS010000679.1	NC_009656.1	98.740	2884042	2883408	635	1422	2056	0.0	1129	627
NZ_CAADNS010000679.1	NC_009656.1	100.000	1204589	1204561	29	1	29	4.66e-07	54.7	29
NZ_CAADNS010000679.1	NC_009656.1	100.000	1204649	1204621	29	1	29	4.66e-07	54.7	29
NZ_CAADNS010000679.1	NC_009656.1	100.000	1204769	1204741	29	1	29	4.66e-07	54.7	29
NZ_CAADNS010000679.1	NC_009656.1	100.000	2887022	2886994	29	2	30	4.66e-07	54.7	29
NZ_CAADNS010000679.1	NC_009656.1	100.000	2887082	2887054	29	2	30	4.66e-07	54.7	29
NZ_CAADNS010000679.1	NC_009656.1	100.000	2887143	2887115	29	1	29	4.66e-07	54.7	29
NZ_CAADNS010000679.1	NC_009656.1	100.000	1204828	1204801	28	2	29	1.68e-06	52.8	28
NZ_CAADNS010000679.1	NC_009656.1	100.000	2887202	2887175	28	2	29	1.68e-06	52.8	28
NZ_CAADNS010000680.1	NC_009656.1	100.000	3189872	3189901	30	1	30	2.30e-07	56.5	30
NZ_CAADNS010000680.1	NC_009656.1	100.000	3309012	3308983	30	1	30	2.30e-07	56.5	30
NZ_CAADNS010000682.1	NC_009656.1	100.000	5089660	5089631	30	1	30	6.91e-08	56.5	30
NZ_CAADNS010000683.1	NC_009656.1	98.785	2768331	2766603	1729	1	1729	0.0	3077	1708
NZ_CAADNS010000683.1	NC_009656.1	100.000	540787	540816	30	1	30	1.09e-07	56.5	30
NZ_CAADNS010000685.1	NC_009656.1	100.000	2321497	2321525	29	553	581	1.10e-06	54.7	29
NZ_CAADNS010000687.1	NC_009656.1	100.000	1613978	1613945	34	14	47	1.35e-09	63.9	34
NZ_CAADNS010000704.1	NC_009656.1	98.160	831867	831053	815	1	815	0.0	1423	800
NZ_CAADNS010000706.1	NC_009656.1	100.000	4925423	4925395	29	1	29	5.75e-07	54.7	29
NZ_CAADNS010000706.1	NC_009656.1	100.000	2430389	2430416	28	1	28	2.07e-06	52.8	28
NZ_CAADNS010000706.1	NC_009656.1	100.000	2887257	2887230	28	1	28	2.07e-06	52.8	28
NZ_CAADNS010000706.1	NC_009656.1	100.000	4369966	4369993	28	1	28	2.07e-06	52.8	28
NZ_CAADNS010000706.1	NC_009656.1	100.000	4563236	4563263	28	1	28	2.07e-06	52.8	28
NZ_CAADNS010000706.1	NC_009656.1	100.000	4825313	4825286	28	1	28	2.07e-06	52.8	28
NZ_CAADNS010000706.1	NC_009656.1	100.000	6228648	6228621	28	1	28	2.07e-06	52.8	28
NZ_CAADNS010000710.1	NC_009656.1	100.000	1073856	1073829	28	1046	1073	1.47e-06	52.8	28
NZ_CAADNS010000713.1	NC_009656.1	98.438	4148953	4149016	64	4474	4537	1.68e-24	113	63
NZ_CAADNS010000714.1	NC_009656.1	100.000	2370352	2370381	30	778	807	5.00e-08	56.5	30
NZ_CAADNS010000719.1	NC_009656.1	100.000	5587599	5587627	29	5694	5722	1.31e-06	54.7	29
NZ_CAADNS010000720.1	NC_009656.1	100.000	2813012	2813043	32	638	669	3.18e-09	60.2	32
NZ_CAADNS010000721.1	NC_009656.1	100.000	4158648	4158677	30	2194	2223	1.40e-07	56.5	30
NZ_CAADNS010000723.1	NC_009656.1	100.000	2370383	2370356	28	1863	1890	1.54e-06	52.8	28
NZ_CAADNS010000725.1	NC_009656.1	98.395	2973430	2984709	11280	1	11279	0.0	19826	11099
NZ_CAADNS010000747.1	NC_009656.1	100.000	879041	879012	30	4291	4320	2.74e-07	56.5	30
NZ_CAADNS010000755.1	NC_009656.1	100.000	1791929	1791957	29	5179	5207	1.19e-06	54.7	29
NZ_CAADNS010000767.1	NC_009656.1	100.000	5838935	5838963	29	4764	4792	1.28e-06	54.7	29
NZ_CAADNS010000772.1	NC_009656.1	100.000	381450	381421	30	3496	3525	2.23e-07	56.5	30
NZ_CAADNS010000774.1	NC_009656.1	98.662	2810852	2811748	897	508	1404	0.0	1591	885
NZ_CAADNS010000774.1	NC_009656.1	98.662	2823703	2824599	897	508	1404	0.0	1591	885
NZ_CAADNS010000774.1	NC_009656.1	98.214	2826027	2826362	336	1069	1404	7.02e-168	588	330
NZ_CAADNS010000775.1	NC_009656.1	100.000	454850	454882	33	5536	5568	9.29e-09	62.1	33
NZ_CAADNS010000778.1	NC_009656.1	98.648	400275	401901	1627	1	1627	0.0	2883	1605
NZ_CAADNS010000780.1	NC_009656.1	100.000	3136014	3136043	30	1	30	2.38e-07	56.5	30
NZ_CAADNS010000791.1	NC_009656.1	100.000	1642287	1642315	29	5	33	4.41e-07	54.7	29
NZ_CAADNS010000794.1	NC_009656.1	100.000	5397294	5397323	30	2269	2298	1.45e-07	56.5	30
NZ_CAADNS010000806.1	NC_009656.1	99.208	2991296	2989655	1642	1	1642	0.0	2961	1629
NZ_CAADNS010000825.1	NC_009656.1	100.000	3934817	3934846	30	1021	1050	6.55e-08	56.5	30
NZ_CAADNS010000825.1	NC_009656.1	100.000	3934893	3934922	30	1	30	6.55e-08	56.5	30
NZ_CAADNS010000826.1	NC_009656.1	100.000	1706230	1706201	30	1	30	3.46e-08	56.5	30
NZ_CAADNS010000828.1	NC_009656.1	99.785	3175191	3174263	929	128	1056	0.0	1705	927
NZ_CAADNS010000828.1	NC_009656.1	100.000	3176557	3176518	40	98	137	1.82e-13	75.0	40
NZ_CAADNS010000828.1	NC_009656.1	100.000	3138631	3138595	37	64	100	8.46e-12	69.4	37
NZ_CAADNS010000831.1	NC_009656.1	98.878	6230785	6229985	802	1	802	0.0	1430	793
NZ_CAADNS010000832.1	NC_009656.1	100.000	1567269	1567298	30	899	928	5.77e-08	56.5	30
NZ_CAADNS010000836.1	NC_009656.1	100.000	352228	352256	29	1039	1067	2.39e-07	54.7	29
NZ_CAADNS010000838.1	NC_009656.1	98.727	2318777	2319719	943	1	943	0.0	1676	931
NZ_CAADNS010000863.1	NC_009656.1	98.884	3914848	3913506	1344	4	1347	0.0	2398	1329
NZ_CAADNS010000877.1	NC_009656.1	100.000	1934652	1934681	30	1	30	4.80e-08	56.5	30
NZ_CAADNS010000889.1	NC_009656.1	98.132	2810314	2809405	910	1	910	0.0	1587	893
NZ_CAADNS010000889.1	NC_009656.1	99.277	2823165	2822751	415	1	415	0.0	750	412
NZ_CAADNS010000889.1	NC_009656.1	98.095	2822771	2822667	105	806	910	2.49e-46	183	103
NZ_CAADNS010000893.1	NC_009656.1	100.000	2572828	2572799	30	1	30	5.89e-08	56.5	30
NZ_CAADNS010000896.1	NC_009656.1	98.044	2879688	2878820	869	2	870	0.0	1511	852
NZ_CAADNS010000906.1	NC_009656.1	98.269	1745673	1745154	520	1	520	0.0	911	511
NZ_CAADNS010000907.1	NC_009656.1	100.000	1934654	1934683	30	1	30	4.80e-08	56.5	30
NZ_CAADNS010000907.1	NC_009656.1	100.000	5270194	5270165	30	2	31	4.80e-08	56.5	30
NZ_CAADNS010000908.1	NC_009656.1	100.000	1593807	1593779	29	712	740	1.64e-07	54.7	29
NZ_CAADNS010000908.1	NC_009656.1	100.000	2889344	2889316	29	712	740	1.64e-07	54.7	29
NZ_CAADNS010000911.1	NC_009656.1	99.861	3173141	3172424	718	1	718	0.0	1321	717
NZ_CAADNS010000912.1	NC_009656.1	100.000	2819329	2819293	37	683	719	6.36e-12	69.4	37
NZ_CAADNS010000913.1	NC_009656.1	99.805	3174290	3173267	1024	1	1024	0.0	1881	1022
NZ_CAADNS010000914.1	NC_009656.1	100.000	2829716	2829749	34	1	34	2.41e-10	63.9	34
NZ_CAADNS010000914.1	NC_009656.1	100.000	56254	56286	33	1	33	8.68e-10	62.1	33
NZ_CAADNS010000914.1	NC_009656.1	100.000	2834533	2834565	33	1	33	8.68e-10	62.1	33
NZ_CAADNS010000914.1	NC_009656.1	100.000	2813047	2813018	30	1	30	4.04e-08	56.5	30
NZ_CAADNS010000914.1	NC_009656.1	100.000	2831173	2831144	30	1	30	4.04e-08	56.5	30
NZ_CAADNS010000917.1	NC_009656.1	100.000	4826495	4826522	28	1	28	1.57e-06	52.8	28
NZ_CAADNS010000917.1	NC_009656.1	100.000	4926606	4926633	28	1	28	1.57e-06	52.8	28
NZ_CAADNS010000919.1	NC_009656.1	98.860	478459	477320	1140	1	1140	0.0	2034	1127
NZ_CAADNS010000921.1	NC_009656.1	100.000	2831141	2831170	30	739	768	4.75e-08	56.5	30
NZ_CAADNS010000924.1	NC_009656.1	98.270	4180691	4180114	578	1	578	0.0	1013	568
NZ_CAADNS010000927.1	NC_009656.1	100.000	2813014	2813043	30	1079	1108	6.92e-08	56.5	30
NZ_CAADNS010000927.1	NC_009656.1	100.000	2831141	2831169	29	1080	1108	2.49e-07	54.7	29
NZ_CAADNS010000929.1	NC_009656.1	98.404	3909975	3910726	752	1	752	0.0	1323	740
