JTWD01000001.1	NC_009656.1	100.000	1054741	1054773	33	34450	34482	9.54e-08	62.1	33
JTWD01000001.1	NC_009656.1	100.000	1730770	1730800	31	34270	34300	1.23e-06	58.4	31
JTWD01000010.1	NC_009656.1	98.858	1974940	2044628	69701	1	69695	0.0	1.243e+05	68905
JTWD01000010.1	NC_009656.1	99.029	1900200	1900405	206	102511	102716	4.74e-100	370	204
JTWD01000010.1	NC_009656.1	100.000	1900323	1900404	82	102825	102906	1.87e-34	152	82
JTWD01000010.1	NC_009656.1	98.795	5325918	5326000	83	54273	54355	2.42e-33	148	82
JTWD01000010.1	NC_009656.1	100.000	2390513	2390589	77	63274	63350	1.12e-31	143	77
JTWD01000010.1	NC_009656.1	100.000	2390514	2390589	76	63566	63641	4.05e-31	141	76
JTWD01000010.1	NC_009656.1	100.000	2002682	2002653	30	27716	27745	1.51e-05	56.5	30
JTWD01000010.1	NC_009656.1	100.000	1038123	1038095	29	69667	69695	5.42e-05	54.7	29
JTWD01000100.1	NC_009656.1	99.923	5509772	5508471	1302	490	1791	0.0	2399	1301
JTWD01000100.1	NC_009656.1	100.000	5512540	5512691	152	4588	4739	7.78e-75	281	152
JTWD01000102.1	NC_009656.1	98.765	2390671	2390591	81	12141	12220	1.79e-32	143	80
JTWD01000102.1	NC_009656.1	100.000	2390828	2390752	77	12143	12219	1.79e-32	143	77
JTWD01000104.1	NC_009656.1	98.592	5412909	5412979	71	4154	4224	6.10e-28	126	70
JTWD01000106.1	NC_009656.1	98.555	2831135	2829752	1384	811	2193	0.0	2444	1364
JTWD01000106.1	NC_009656.1	98.701	2813240	2813011	231	1	231	1.26e-113	409	228
JTWD01000106.1	NC_009656.1	98.696	2831366	2831137	230	1	230	1.26e-113	409	227
JTWD01000106.1	NC_009656.1	99.115	55711	55486	226	1	226	4.54e-113	407	224
JTWD01000106.1	NC_009656.1	100.000	56252	56283	32	192	223	1.46e-08	60.2	32
JTWD01000106.1	NC_009656.1	100.000	2834531	2834562	32	192	223	1.46e-08	60.2	32
JTWD01000106.1	NC_009656.1	100.000	2829715	2829745	31	193	223	5.26e-08	58.4	31
JTWD01000113.1	NC_009656.1	98.008	815702	831863	16163	1	16162	0.0	28062	15841
JTWD01000116.1	NC_009656.1	98.361	628531	628774	244	1267	1510	4.85e-120	429	240
JTWD01000012.1	NC_009656.1	98.268	689324	716962	27663	109211	136838	0.0	48375	27184
JTWD01000012.1	NC_009656.1	100.000	5306028	5305947	82	35470	35551	2.18e-34	152	82
JTWD01000012.1	NC_009656.1	100.000	4659356	4659312	45	16112	16156	8.06e-14	84.2	45
JTWD01000012.1	NC_009656.1	100.000	2359776	2359743	34	239835	239868	1.05e-07	63.9	34
JTWD01000012.1	NC_009656.1	100.000	566142	566114	29	86585	86613	6.32e-05	54.7	29
JTWD01000012.1	NC_009656.1	100.000	3447902	3447875	28	159475	159502	2.27e-04	52.8	28
JTWD01000012.1	NC_009656.1	100.000	3583927	3583954	28	35558	35585	2.27e-04	52.8	28
JTWD01000121.1	NC_009656.1	98.485	4150354	4150289	66	2243	2308	2.10e-25	117	65
JTWD01000123.1	NC_009656.1	99.286	2521339	2521478	140	1	140	1.65e-66	254	139
JTWD01000013.1	NC_009656.1	99.457	4825286	4825469	184	107975	108158	7.91e-90	335	183
JTWD01000013.1	NC_009656.1	100.000	5270206	5270168	39	418	456	6.85e-11	73.1	39
JTWD01000131.1	NC_009656.1	98.822	2847579	2848172	594	1	594	0.0	1059	587
JTWD01000131.1	NC_009656.1	98.007	6408174	6408775	602	1	602	0.0	1046	590
JTWD01000135.1	NC_009656.1	99.296	272727	272868	142	1	142	5.37e-68	257	141
JTWD01000014.1	NC_009656.1	100.000	111843	111880	38	4267	4304	1.71e-10	71.3	38
JTWD01000014.1	NC_009656.1	100.000	111880	111843	38	10693	10730	1.71e-10	71.3	38
JTWD01000142.1	NC_009656.1	99.001	2821180	2822580	1401	229	1628	0.0	2508	1387
JTWD01000142.1	NC_009656.1	98.387	49966	50151	186	1443	1628	2.00e-89	327	183
JTWD01000142.1	NC_009656.1	98.387	2809133	2809318	186	1443	1628	2.00e-89	327	183
JTWD01000142.1	NC_009656.1	100.000	2813049	2813018	32	191	222	8.05e-09	60.2	32
JTWD01000142.1	NC_009656.1	100.000	2829715	2829746	32	192	223	8.05e-09	60.2	32
JTWD01000142.1	NC_009656.1	100.000	2831175	2831144	32	191	222	8.05e-09	60.2	32
JTWD01000143.1	NC_009656.1	98.381	722668	722422	247	2304	2550	2.56e-121	435	243
JTWD01000144.1	NC_009656.1	99.015	139577	139982	406	1	406	0.0	728	402
JTWD01000148.1	NC_009656.1	100.000	111843	111880	38	16	53	1.23e-11	71.3	38
JTWD01000015.1	NC_009656.1	100.000	1113485	1113452	34	9323	9356	3.52e-08	63.9	34
JTWD01000015.1	NC_009656.1	100.000	1763165	1763197	33	72336	72368	1.27e-07	62.1	33
JTWD01000152.1	NC_009656.1	98.268	271597	272520	924	1793	2716	0.0	1618	908
JTWD01000016.1	NC_009656.1	100.000	3927006	3926978	29	1398	1426	1.13e-05	54.7	29
JTWD01000160.1	NC_009656.1	99.522	280018	280226	209	254	462	4.16e-105	381	208
JTWD01000164.1	NC_009656.1	98.127	2520274	2520967	694	5449	6142	0.0	1210	681
JTWD01000017.1	NC_009656.1	100.000	1730800	1730768	33	329154	329186	5.68e-07	62.1	33
JTWD01000017.1	NC_009656.1	100.000	6517439	6517407	33	231324	231356	5.68e-07	62.1	33
JTWD01000017.1	NC_009656.1	100.000	1730770	1730800	31	220567	220597	7.34e-06	58.4	31
JTWD01000017.1	NC_009656.1	100.000	1009457	1009486	30	230643	230672	2.64e-05	56.5	30
JTWD01000017.1	NC_009656.1	100.000	5753091	5753120	30	182730	182759	2.64e-05	56.5	30
JTWD01000017.1	NC_009656.1	100.000	1890503	1890531	29	385938	385966	9.50e-05	54.7	29
JTWD01000017.1	NC_009656.1	100.000	5838935	5838963	29	312787	312815	9.50e-05	54.7	29
JTWD01000170.1	NC_009656.1	99.813	296310	295775	536	3236	3771	0.0	985	535
JTWD01000170.1	NC_009656.1	98.795	298403	298238	166	1256	1421	1.29e-79	296	164
JTWD01000179.1	NC_009656.1	98.523	2776524	2775646	880	343	1222	0.0	1552	867
JTWD01000018.1	NC_009656.1	98.340	5534884	5536147	1265	11815	13079	0.0	2218	1244
JTWD01000185.1	NC_009656.1	98.684	625207	624980	228	343	570	3.01e-113	405	225
JTWD01000186.1	NC_009656.1	98.889	2822751	2823110	360	312	671	0.0	643	356
JTWD01000019.1	NC_009656.1	100.000	5326191	5326159	33	293800	293832	4.05e-07	62.1	33
JTWD01000019.1	NC_009656.1	100.000	3583926	3583955	30	293800	293829	1.89e-05	56.5	30
JTWD01000197.1	NC_009656.1	98.166	4272835	4273652	818	665	1482	0.0	1428	803
JTWD01000198.1	NC_009656.1	98.865	4270057	4270849	793	1	793	0.0	1415	784
JTWD01000198.1	NC_009656.1	98.874	4271012	4271455	444	808	1251	0.0	793	439
JTWD01000198.1	NC_009656.1	98.515	4271523	4271724	202	1286	1487	2.28e-98	357	199
JTWD01000199.1	NC_009656.1	98.507	629562	629362	201	356	556	3.00e-98	355	198
JTWD01000002.1	NC_009656.1	98.086	2078171	2077963	209	32168	32376	2.08e-98	364	205
JTWD01000002.1	NC_009656.1	100.000	2078354	2078273	82	32176	32257	1.77e-34	152	82
JTWD01000002.1	NC_009656.1	100.000	5674215	5674245	31	223336	223366	3.96e-06	58.4	31
JTWD01000002.1	NC_009656.1	100.000	6520059	6520030	30	164815	164844	1.42e-05	56.5	30
JTWD01000020.1	NC_009656.1	99.259	139577	139981	405	1	405	0.0	732	402
JTWD01000020.1	NC_009656.1	100.000	3794381	3794409	29	82598	82626	2.14e-05	54.7	29
JTWD01000025.1	NC_009656.1	100.000	6580599	6580569	31	62085	62115	3.06e-06	58.4	31
JTWD01000026.1	NC_009656.1	100.000	1054776	1054741	36	38216	38251	3.50e-09	67.6	36
JTWD01000026.1	NC_009656.1	100.000	454884	454851	34	38411	38444	4.53e-08	63.9	34
JTWD01000026.1	NC_009656.1	100.000	1593776	1593808	33	13	45	1.63e-07	62.1	33
JTWD01000026.1	NC_009656.1	100.000	2889313	2889345	33	13	45	1.63e-07	62.1	33
JTWD01000026.1	NC_009656.1	100.000	2889313	2889345	33	38125	38157	1.63e-07	62.1	33
JTWD01000026.1	NC_009656.1	100.000	2717918	2717947	30	13	42	7.57e-06	56.5	30
JTWD01000026.1	NC_009656.1	100.000	5169553	5169524	30	102735	102764	7.57e-06	56.5	30
JTWD01000027.1	NC_009656.1	100.000	2497716	2497689	28	38218	38245	4.05e-05	52.8	28
JTWD01000029.1	NC_009656.1	100.000	1054822	1054789	34	40065	40098	2.54e-08	63.9	34
JTWD01000029.1	NC_009656.1	100.000	1054822	1054789	34	39944	39977	2.54e-08	63.9	34
JTWD01000029.1	NC_009656.1	100.000	1699797	1699769	29	32751	32779	1.53e-05	54.7	29
JTWD01000003.1	NC_009656.1	100.000	1181194	1181161	34	19460	19493	4.04e-08	63.9	34
JTWD01000003.1	NC_009656.1	100.000	103479	103451	29	46292	46320	2.43e-05	54.7	29
JTWD01000003.1	NC_009656.1	100.000	2321497	2321525	29	35346	35374	2.43e-05	54.7	29
JTWD01000030.1	NC_009656.1	98.144	4827739	4835927	8190	4282	12469	0.0	14279	8038
JTWD01000030.1	NC_009656.1	100.000	1203622	1203654	33	50476	50508	2.21e-07	62.1	33
JTWD01000031.1	NC_009656.1	98.268	2549873	2539655	10221	111852	122070	0.0	17891	10044
JTWD01000032.1	NC_009656.1	98.005	815702	816503	802	1	802	0.0	1393	786
JTWD01000032.1	NC_009656.1	100.000	1054741	1054776	36	48389	48424	1.43e-09	67.6	36
JTWD01000033.1	NC_009656.1	100.000	3387614	3387642	29	24607	24635	2.84e-05	54.7	29
JTWD01000034.1	NC_009656.1	100.000	6347752	6347719	34	18649	18682	1.66e-08	63.9	34
JTWD01000034.1	NC_009656.1	100.000	1730800	1730770	31	9235	9265	7.73e-07	58.4	31
JTWD01000039.1	NC_009656.1	99.756	3162495	3174784	12291	39860	52148	0.0	22528	12261
JTWD01000004.1	NC_009656.1	100.000	377639	377668	30	51633	51662	1.41e-05	56.5	30
JTWD01000004.1	NC_009656.1	100.000	857792	857764	29	82175	82203	5.09e-05	54.7	29
JTWD01000041.1	NC_009656.1	98.496	4825286	4826482	1197	155383	156579	0.0	2111	1179
JTWD01000041.1	NC_009656.1	98.162	2430416	2429220	1197	155383	156579	0.0	2089	1175
JTWD01000041.1	NC_009656.1	98.162	2538380	2539576	1197	155383	156579	0.0	2089	1175
JTWD01000041.1	NC_009656.1	98.162	2887230	2888426	1197	155383	156579	0.0	2089	1175
JTWD01000041.1	NC_009656.1	98.162	4369993	4368797	1197	155383	156579	0.0	2089	1175
JTWD01000041.1	NC_009656.1	98.082	4925395	4926593	1199	155382	156579	0.0	2085	1176
JTWD01000041.1	NC_009656.1	98.531	4563267	4562451	817	155379	156195	0.0	1443	805
JTWD01000041.1	NC_009656.1	100.000	4728105	4728025	81	85666	85746	4.45e-34	150	81
JTWD01000041.1	NC_009656.1	100.000	4728291	4728212	80	85854	85933	1.60e-33	148	80
JTWD01000041.1	NC_009656.1	100.000	5325827	5325750	78	154548	154625	2.07e-32	145	78
JTWD01000042.1	NC_009656.1	100.000	2390752	2390829	78	41548	41625	1.03e-32	145	78
JTWD01000042.1	NC_009656.1	100.000	2038208	2038284	77	41469	41545	3.70e-32	143	77
JTWD01000042.1	NC_009656.1	100.000	2038500	2038575	76	41470	41545	1.33e-31	141	76
JTWD01000042.1	NC_009656.1	100.000	2390592	2390667	76	41708	41783	1.33e-31	141	76
JTWD01000042.1	NC_009656.1	98.734	2635896	2635974	79	41705	41783	1.33e-31	141	78
JTWD01000042.1	NC_009656.1	100.000	2635899	2635974	76	41548	41623	1.33e-31	141	76
JTWD01000042.1	NC_009656.1	100.000	5089635	5089668	34	10885	10918	2.96e-08	63.9	34
JTWD01000045.1	NC_009656.1	98.255	726251	726821	573	1	573	0.0	1002	563
JTWD01000046.1	NC_009656.1	100.000	879042	879006	37	24909	24945	1.75e-09	69.4	37
JTWD01000046.1	NC_009656.1	100.000	630183	630150	34	172010	172043	8.15e-08	63.9	34
JTWD01000050.1	NC_009656.1	100.000	6397298	6397271	28	17255	17282	5.77e-05	52.8	28
JTWD01000052.1	NC_009656.1	98.057	5103126	5104309	1184	5007	6190	0.0	2060	1161
JTWD01000052.1	NC_009656.1	100.000	5221098	5221132	35	6156	6190	1.14e-09	65.8	35
JTWD01000056.1	NC_009656.1	98.865	494357	488635	5729	1	5728	0.0	10213	5664
JTWD01000056.1	NC_009656.1	100.000	5798839	5798868	30	87087	87116	6.23e-06	56.5	30
JTWD01000058.1	NC_009656.1	98.137	3014127	2971839	42304	12408	54703	0.0	73734	41516
JTWD01000058.1	NC_009656.1	98.276	3019733	3019618	116	158	273	1.98e-50	204	114
JTWD01000058.1	NC_009656.1	100.000	2779792	2779824	33	30	62	1.26e-07	62.1	33
JTWD01000059.1	NC_009656.1	98.333	717831	717949	120	58171	58289	2.76e-52	209	118
JTWD01000059.1	NC_009656.1	100.000	1593807	1593776	32	43	74	2.95e-07	60.2	32
JTWD01000059.1	NC_009656.1	100.000	2889344	2889313	32	43	74	2.95e-07	60.2	32
JTWD01000059.1	NC_009656.1	100.000	2717947	2717918	30	45	74	3.81e-06	56.5	30
JTWD01000059.1	NC_009656.1	100.000	5110423	5110450	28	32593	32620	4.93e-05	52.8	28
JTWD01000006.1	NC_009656.1	99.297	4617049	4651442	34405	26421	60809	0.0	62168	34163
JTWD01000006.1	NC_009656.1	98.795	2029210	2029292	83	68690	68772	1.39e-33	148	82
JTWD01000006.1	NC_009656.1	98.780	4659308	4659389	82	68519	68600	5.01e-33	147	81
JTWD01000006.1	NC_009656.1	100.000	1204589	1204620	32	20634	20665	6.71e-07	60.2	32
JTWD01000006.1	NC_009656.1	100.000	2370383	2370352	32	68952	68983	6.71e-07	60.2	32
JTWD01000061.1	NC_009656.1	100.000	56253	56283	31	31935	31965	5.69e-07	58.4	31
JTWD01000061.1	NC_009656.1	100.000	2834532	2834562	31	31935	31965	5.69e-07	58.4	31
JTWD01000062.1	NC_009656.1	100.000	2917918	2917956	39	32342	32380	4.10e-11	73.1	39
JTWD01000062.1	NC_009656.1	100.000	454850	454882	33	12890	12922	8.87e-08	62.1	33
JTWD01000062.1	NC_009656.1	100.000	1704354	1704385	32	37282	37313	3.19e-07	60.2	32
JTWD01000063.1	NC_009656.1	99.212	5566209	5571904	5714	1	5714	0.0	10286	5669
JTWD01000063.1	NC_009656.1	99.177	812269	806577	5711	4	5714	0.0	10270	5664
JTWD01000063.1	NC_009656.1	99.160	4982893	4988588	5714	1	5714	0.0	10270	5666
JTWD01000063.1	NC_009656.1	99.107	6353445	6359140	5714	1	5714	0.0	10253	5663
JTWD01000064.1	NC_009656.1	99.983	6232487	6250417	17931	22018	39948	0.0	33096	17928
JTWD01000064.1	NC_009656.1	99.987	6250886	6258565	7680	42017	49696	0.0	14177	7679
JTWD01000064.1	NC_009656.1	100.000	6250416	6250889	474	40528	41001	0.0	876	474
JTWD01000064.1	NC_009656.1	100.000	6231111	6231152	42	21978	22019	6.79e-13	78.7	42
JTWD01000064.1	NC_009656.1	100.000	94210	94238	29	49695	49723	1.14e-05	54.7	29
JTWD01000065.1	NC_009656.1	100.000	2717949	2717917	33	18412	18444	1.29e-07	62.1	33
JTWD01000065.1	NC_009656.1	100.000	5753123	5753091	33	51521	51553	1.29e-07	62.1	33
JTWD01000065.1	NC_009656.1	100.000	2889342	2889312	31	18414	18444	1.67e-06	58.4	31
JTWD01000066.1	NC_009656.1	100.000	21361	21334	28	48054	48081	4.69e-05	52.8	28
JTWD01000067.1	NC_009656.1	98.032	2818378	2817313	1067	2967	4033	0.0	1853	1046
JTWD01000067.1	NC_009656.1	98.174	2814062	2813627	438	84	521	0.0	763	430
JTWD01000070.1	NC_009656.1	100.000	1254839	1254881	43	50544	50586	1.94e-13	80.5	43
JTWD01000070.1	NC_009656.1	100.000	537655	537623	33	42505	42537	7.02e-08	62.1	33
JTWD01000070.1	NC_009656.1	100.000	509837	509810	28	11667	11694	4.23e-05	52.8	28
JTWD01000071.1	NC_009656.1	100.000	3725240	3725269	30	28335	28364	1.95e-06	56.5	30
JTWD01000073.1	NC_009656.1	98.411	2828196	2829452	1259	1	1259	0.0	2213	1239
JTWD01000075.1	NC_009656.1	98.772	3640299	3638997	1303	1731	3033	0.0	2318	1287
JTWD01000078.1	NC_009656.1	100.000	1704354	1704385	32	1	32	1.52e-07	60.2	32
JTWD01000008.1	NC_009656.1	98.851	4926634	4926548	87	11896	11982	7.31e-37	156	86
JTWD01000008.1	NC_009656.1	98.837	4826522	4826437	86	11897	11982	2.63e-36	154	85
JTWD01000008.1	NC_009656.1	98.824	2888465	2888381	85	11898	11982	9.45e-36	152	84
JTWD01000008.1	NC_009656.1	98.824	4368758	4368842	85	11898	11982	9.45e-36	152	84
JTWD01000080.1	NC_009656.1	100.000	94211	94238	28	101372	101399	8.38e-05	52.8	28
JTWD01000081.1	NC_009656.1	100.000	5674214	5674245	32	41657	41688	2.06e-07	60.2	32
JTWD01000083.1	NC_009656.1	98.780	2813011	2813092	82	1355	1436	5.20e-35	147	81
JTWD01000083.1	NC_009656.1	98.718	2831141	2831218	78	1359	1436	8.70e-33	139	77
JTWD01000083.1	NC_009656.1	100.000	56283	56252	32	1362	1393	6.97e-09	60.2	32
JTWD01000083.1	NC_009656.1	100.000	2834562	2834531	32	1362	1393	6.97e-09	60.2	32
JTWD01000083.1	NC_009656.1	100.000	2829745	2829715	31	1362	1392	2.51e-08	58.4	31
JTWD01000084.1	NC_009656.1	100.000	2829745	2829715	31	3481	3511	8.26e-08	58.4	31
JTWD01000085.1	NC_009656.1	98.257	2824315	2824945	631	1	631	0.0	1105	620
JTWD01000085.1	NC_009656.1	98.104	2826078	2826710	633	1	633	0.0	1103	621
JTWD01000085.1	NC_009656.1	98.101	2827899	2828530	632	1	632	0.0	1101	620
JTWD01000085.1	NC_009656.1	100.000	2819293	2819327	35	3344	3378	4.87e-10	65.8	35
JTWD01000085.1	NC_009656.1	100.000	56252	56285	34	2444	2477	1.75e-09	63.9	34
JTWD01000085.1	NC_009656.1	100.000	2834531	2834564	34	2444	2477	1.75e-09	63.9	34
JTWD01000085.1	NC_009656.1	100.000	2813050	2813018	33	2443	2475	6.30e-09	62.1	33
JTWD01000085.1	NC_009656.1	100.000	2831176	2831144	33	2443	2475	6.30e-09	62.1	33
JTWD01000085.1	NC_009656.1	100.000	2829745	2829715	31	1301	1331	8.15e-08	58.4	31
JTWD01000086.1	NC_009656.1	98.803	2823703	2824955	1253	3793	5045	0.0	2231	1238
JTWD01000086.1	NC_009656.1	98.874	2810852	2812094	1243	3793	5035	0.0	2218	1229
JTWD01000086.1	NC_009656.1	99.038	2826699	2826802	104	5875	5978	2.21e-46	187	103
JTWD01000086.1	NC_009656.1	100.000	2834533	2834565	33	7043	7075	1.40e-08	62.1	33
JTWD01000086.1	NC_009656.1	100.000	56254	56285	32	8610	8641	5.03e-08	60.2	32
JTWD01000086.1	NC_009656.1	100.000	2834562	2834531	32	6849	6880	5.03e-08	60.2	32
JTWD01000086.1	NC_009656.1	100.000	2834533	2834564	32	8610	8641	5.03e-08	60.2	32
JTWD01000086.1	NC_009656.1	100.000	2829745	2829715	31	6849	6879	1.81e-07	58.4	31
JTWD01000086.1	NC_009656.1	100.000	2829745	2829715	31	5984	6014	1.81e-07	58.4	31
JTWD01000087.1	NC_009656.1	99.219	2833980	2833853	128	1390	1517	1.58e-60	231	127
JTWD01000087.1	NC_009656.1	99.048	56284	56180	105	1522	1626	9.65e-48	189	104
JTWD01000087.1	NC_009656.1	99.048	2834563	2834459	105	1522	1626	9.65e-48	189	104
JTWD01000087.1	NC_009656.1	98.750	2813092	2813013	80	1	80	7.62e-34	143	79
JTWD01000087.1	NC_009656.1	100.000	56252	56283	32	44	75	7.90e-09	60.2	32
JTWD01000087.1	NC_009656.1	100.000	2813018	2813049	32	1523	1554	7.90e-09	60.2	32
JTWD01000087.1	NC_009656.1	100.000	2829746	2829715	32	1522	1553	7.90e-09	60.2	32
JTWD01000087.1	NC_009656.1	100.000	2831144	2831175	32	1523	1554	7.90e-09	60.2	32
JTWD01000087.1	NC_009656.1	100.000	2834531	2834562	32	44	75	7.90e-09	60.2	32
JTWD01000087.1	NC_009656.1	100.000	2829715	2829745	31	45	75	2.84e-08	58.4	31
JTWD01000009.1	NC_009656.1	98.561	2521477	2521339	139	97982	98120	3.46e-63	246	137
JTWD01000092.1	NC_009656.1	100.000	5782615	5782646	32	6195	6226	8.02e-08	60.2	32
JTWD01000095.1	NC_009656.1	100.000	4825286	4825499	214	27217	27430	9.07e-109	396	214
JTWD01000095.1	NC_009656.1	98.611	2538378	2538593	216	27215	27430	7.06e-105	383	213
JTWD01000095.1	NC_009656.1	98.598	2430416	2430203	214	27217	27430	9.13e-104	379	211
JTWD01000095.1	NC_009656.1	98.598	2887230	2887443	214	27217	27430	9.13e-104	379	211
JTWD01000095.1	NC_009656.1	98.598	4369993	4369780	214	27217	27430	9.13e-104	379	211
JTWD01000095.1	NC_009656.1	98.140	4563264	4563050	215	27216	27430	1.18e-102	375	211
JTWD01000095.1	NC_009656.1	98.131	4925396	4925609	214	27217	27430	4.25e-102	374	210
JTWD01000097.1	NC_009656.1	100.000	4926574	4926634	61	1	61	6.87e-24	113	61
JTWD01000097.1	NC_009656.1	100.000	4826463	4826522	60	1	60	2.47e-23	111	60
JTWD01000097.1	NC_009656.1	100.000	2888407	2888465	59	1	59	8.89e-23	110	59
JTWD01000097.1	NC_009656.1	100.000	4368816	4368758	59	1	59	8.89e-23	110	59
JTWD01000097.1	NC_009656.1	98.305	2429239	2429181	59	1	59	4.14e-21	104	58
JTWD01000097.1	NC_009656.1	98.305	2539557	2539615	59	1	59	4.14e-21	104	58
