LLNF01000001.1	NC_009656.1	99.277	2160716	1982111	178644	586721	765352	0.0	3.227e+05	177352
LLNF01000001.1	NC_009656.1	99.364	1932534	1796345	136255	815200	951423	0.0	2.467e+05	135389
LLNF01000001.1	NC_009656.1	99.321	2277078	2166109	110988	475753	586723	0.0	2.007e+05	110234
LLNF01000001.1	NC_009656.1	99.359	2638384	2539615	98778	172624	271397	0.0	1.789e+05	98145
LLNF01000001.1	NC_009656.1	99.260	2376644	2283236	93464	376187	469615	0.0	1.687e+05	92772
LLNF01000001.1	NC_009656.1	99.188	2799747	2717953	81801	578	82370	0.0	1.474e+05	81137
LLNF01000001.1	NC_009656.1	99.079	2520232	2470175	50068	285861	335877	0.0	89848	49607
LLNF01000001.1	NC_009656.1	99.250	1982123	1932513	49619	765601	815177	0.0	89523	49247
LLNF01000001.1	NC_009656.1	99.032	2703436	2673704	29745	98417	128150	0.0	53312	29457
LLNF01000001.1	NC_009656.1	99.619	2397071	2376628	20448	355793	376239	0.0	37323	20370
LLNF01000001.1	NC_009656.1	99.137	2673705	2657270	16447	130664	147107	0.0	29573	16305
LLNF01000001.1	NC_009656.1	99.019	2411822	2397054	14778	340981	355753	0.0	26474	14633
LLNF01000001.1	NC_009656.1	99.017	2656342	2641600	14758	149977	164730	0.0	26432	14613
LLNF01000001.1	NC_009656.1	98.077	2717942	2704540	13415	84248	97645	0.0	23316	13157
LLNF01000001.1	NC_009656.1	99.537	2283234	2277188	6048	469710	475757	0.0	11012	6020
LLNF01000001.1	NC_009656.1	98.904	2641301	2638382	2920	169617	172536	0.0	5216	2888
LLNF01000001.1	NC_009656.1	99.302	3038688	3037401	1289	772578	773866	0.0	2329	1280
LLNF01000001.1	NC_009656.1	99.358	2470176	2469399	779	339668	340446	0.0	1410	774
LLNF01000001.1	NC_009656.1	98.706	2469363	2468823	541	340451	340991	0.0	961	534
LLNF01000001.1	NC_009656.1	98.952	1262302	1261826	477	955493	955969	0.0	854	472
LLNF01000001.1	NC_009656.1	99.761	2521060	2521477	418	276185	276602	0.0	767	417
LLNF01000001.1	NC_009656.1	98.008	41204	40954	251	1	251	1.86e-119	436	246
LLNF01000001.1	NC_009656.1	99.010	1900405	1900204	202	669281	669482	3.21e-97	363	200
LLNF01000001.1	NC_009656.1	99.010	2078164	2077963	202	847378	847579	3.21e-97	363	200
LLNF01000001.1	NC_009656.1	100.000	1900404	1900323	82	669091	669172	7.56e-34	152	82
LLNF01000001.1	NC_009656.1	100.000	2078354	2078273	82	847379	847460	7.56e-34	152	82
LLNF01000001.1	NC_009656.1	100.000	2390827	2390748	80	175037	175116	9.78e-33	148	80
LLNF01000001.1	NC_009656.1	100.000	2635974	2635895	80	362037	362116	9.78e-33	148	80
LLNF01000001.1	NC_009656.1	98.795	5326000	5325918	83	718162	718244	9.78e-33	148	82
LLNF01000001.1	NC_009656.1	100.000	2390670	2390592	79	175034	175112	3.52e-32	147	79
LLNF01000001.1	NC_009656.1	100.000	2635977	2635899	79	362194	362272	3.52e-32	147	79
LLNF01000001.1	NC_009656.1	100.000	2038284	2038208	77	362275	362351	4.55e-31	143	77
LLNF01000001.1	NC_009656.1	100.000	2390589	2390513	77	709170	709246	4.55e-31	143	77
LLNF01000001.1	NC_009656.1	100.000	2038575	2038500	76	362275	362350	1.64e-30	141	76
LLNF01000001.1	NC_009656.1	100.000	2390589	2390514	76	708879	708954	1.64e-30	141	76
LLNF01000001.1	NC_009656.1	100.000	2390667	2390592	76	362037	362112	1.64e-30	141	76
LLNF01000001.1	NC_009656.1	100.000	2390827	2390752	76	362197	362272	1.64e-30	141	76
LLNF01000001.1	NC_009656.1	100.000	5089668	5089635	34	393091	393124	3.64e-07	63.9	34
LLNF01000001.1	NC_009656.1	100.000	630181	630149	33	815154	815186	1.31e-06	62.1	33
LLNF01000001.1	NC_009656.1	100.000	5782615	5782646	32	6393	6424	4.71e-06	60.2	32
LLNF01000001.1	NC_009656.1	100.000	5447481	5447511	31	199115	199145	1.69e-05	58.4	31
LLNF01000001.1	NC_009656.1	100.000	630235	630206	30	382260	382289	6.10e-05	56.5	30
LLNF01000001.1	NC_009656.1	100.000	2002653	2002682	30	744781	744810	6.10e-05	56.5	30
LLNF01000001.1	NC_009656.1	100.000	3583955	3583926	30	382479	382508	6.10e-05	56.5	30
LLNF01000001.1	NC_009656.1	100.000	1038095	1038123	29	702826	702854	2.19e-04	54.7	29
LLNF01000001.1	NC_009656.1	100.000	3387614	3387642	29	431345	431373	2.19e-04	54.7	29
LLNF01000001.1	NC_009656.1	100.000	3043389	3043416	28	455972	455999	7.89e-04	52.8	28
LLNF01000001.1	NC_009656.1	100.000	5110423	5110450	28	382480	382507	7.89e-04	52.8	28
LLNF01000001.1	NC_009656.1	100.000	6397271	6397298	28	308358	308385	7.89e-04	52.8	28
LLNF01000002.1	NC_009656.1	99.005	6358712	6482601	123914	1	123895	0.0	2.220e+05	122681
LLNF01000002.1	NC_009656.1	99.272	6482596	6567025	84461	124245	208698	0.0	1.525e+05	83846
LLNF01000002.1	NC_009656.1	99.318	1	41204	41208	234392	275595	0.0	74533	40927
LLNF01000002.1	NC_009656.1	99.134	6570088	6588339	18255	216138	234391	0.0	32832	18097
LLNF01000002.1	NC_009656.1	98.534	6567090	6570019	2933	213209	216138	0.0	5173	2890
LLNF01000002.1	NC_009656.1	100.000	5753091	5753123	33	159057	159089	3.78e-07	62.1	33
LLNF01000002.1	NC_009656.1	100.000	1730800	1730770	31	191848	191878	4.89e-06	58.4	31
LLNF01000002.1	NC_009656.1	100.000	1791551	1791580	30	161694	161723	1.76e-05	56.5	30
LLNF01000002.1	NC_009656.1	100.000	2497716	2497689	28	38560	38587	2.27e-04	52.8	28
LLNF01000003.1	NC_009656.1	99.221	4804721	4725155	79587	21312	100849	0.0	1.435e+05	78967
LLNF01000003.1	NC_009656.1	98.904	4724515	4659100	65445	112286	177705	0.0	1.168e+05	64728
LLNF01000003.1	NC_009656.1	99.280	4825000	4807930	17073	3381	20453	0.0	30845	16950
LLNF01000003.1	NC_009656.1	98.066	4623628	4619389	4240	221730	225963	0.0	7371	4158
LLNF01000003.1	NC_009656.1	100.000	4728105	4728026	80	97711	97790	2.63e-33	148	80
LLNF01000003.1	NC_009656.1	100.000	4728291	4728212	80	97897	97976	2.63e-33	148	80
LLNF01000003.1	NC_009656.1	100.000	4722221	4722253	33	114547	114579	3.53e-07	62.1	33
LLNF01000003.1	NC_009656.1	100.000	1204620	1204589	32	232749	232780	1.27e-06	60.2	32
LLNF01000003.1	NC_009656.1	100.000	1054790	1054820	31	50253	50283	4.56e-06	58.4	31
LLNF01000004.1	NC_009656.1	99.302	949421	1059311	109920	65442	175353	0.0	1.987e+05	109153
LLNF01000004.1	NC_009656.1	99.268	884156	948644	64514	1	64507	0.0	1.165e+05	64042
LLNF01000004.1	NC_009656.1	99.323	1059469	1085155	25694	175354	201046	0.0	46477	25520
LLNF01000004.1	NC_009656.1	98.851	3423940	3424200	261	200786	201046	5.00e-129	466	258
LLNF01000005.1	NC_009656.1	99.320	1150371	1085956	64431	107913	172339	0.0	1.165e+05	63993
LLNF01000005.1	NC_009656.1	99.187	1256438	1225079	31362	2871	34229	0.0	56497	31107
LLNF01000005.1	NC_009656.1	99.476	1203538	1181223	22318	55511	77828	0.0	40564	22201
LLNF01000005.1	NC_009656.1	98.776	1225079	1205223	19860	34388	54245	0.0	35323	19617
LLNF01000005.1	NC_009656.1	99.009	1167695	1151648	16052	91721	107753	0.0	28740	15893
LLNF01000005.1	NC_009656.1	98.571	1259350	1256494	2870	1	2870	0.0	5060	2829
LLNF01000005.1	NC_009656.1	98.608	3425431	3425001	431	171909	172339	0.0	763	425
LLNF01000005.1	NC_009656.1	100.000	1111714	1111743	30	146551	146580	1.10e-05	56.5	30
LLNF01000006.1	NC_009656.1	99.411	4925395	4856483	68934	6152	75084	0.0	1.250e+05	68528
LLNF01000006.1	NC_009656.1	98.543	4856486	4826510	29987	75136	105101	0.0	52926	29550
LLNF01000006.1	NC_009656.1	98.697	5535804	5534884	921	1	921	0.0	1635	909
LLNF01000006.1	NC_009656.1	98.517	5536147	5535542	607	109251	109857	0.0	1070	598
LLNF01000006.1	NC_009656.1	100.000	4880087	4880120	34	51428	51461	4.19e-08	63.9	34
LLNF01000006.1	NC_009656.1	100.000	4825000	4824972	29	106692	106720	2.52e-05	54.7	29
LLNF01000007.1	NC_009656.1	98.088	5378561	5325182	53442	47907	101293	0.0	92918	52420
LLNF01000007.1	NC_009656.1	99.200	5411655	5384781	26878	14758	41635	0.0	48440	26663
LLNF01000007.1	NC_009656.1	99.167	5427740	5412980	14761	1	14760	0.0	26576	14638
LLNF01000007.1	NC_009656.1	98.795	2029292	2029210	83	100463	100545	1.06e-33	148	82
LLNF01000007.1	NC_009656.1	100.000	4659388	4659312	77	100636	100712	4.92e-32	143	77
LLNF01000007.1	NC_009656.1	98.000	4573802	4573753	50	100668	100717	2.34e-15	87.9	49
LLNF01000007.1	NC_009656.1	100.000	2370347	2370381	35	100270	100304	1.10e-08	65.8	35
LLNF01000007.1	NC_009656.1	100.000	3583926	3583955	30	100272	100301	6.60e-06	56.5	30
LLNF01000007.1	NC_009656.1	100.000	5110450	5110423	28	100273	100300	8.53e-05	52.8	28
LLNF01000007.1	NC_009656.1	100.000	5295054	5295027	28	100273	100300	8.53e-05	52.8	28
LLNF01000008.1	NC_009656.1	99.253	3462091	3423962	38133	38738	76852	0.0	68820	37848
LLNF01000008.1	NC_009656.1	99.058	3498456	3473187	25273	551	25821	0.0	45347	25035
LLNF01000008.1	NC_009656.1	99.017	3473195	3467715	5492	25856	31347	0.0	9832	5438
LLNF01000008.1	NC_009656.1	98.771	3465890	3462147	3744	34321	38063	0.0	6658	3698
LLNF01000008.1	NC_009656.1	99.116	1086386	1084917	1470	75383	76852	0.0	2643	1457
LLNF01000008.1	NC_009656.1	100.000	1054776	1054741	36	6	41	2.26e-09	67.6	36
LLNF01000009.1	NC_009656.1	99.322	5429800	5455295	25500	1	25497	0.0	46124	25327
LLNF01000009.1	NC_009656.1	99.223	5542225	5566418	24201	51359	75557	0.0	43641	24013
LLNF01000009.1	NC_009656.1	99.406	5461312	5482349	21039	25730	46766	0.0	38156	20914
LLNF01000009.1	NC_009656.1	98.733	5524783	5529675	4895	46748	51640	0.0	8693	4833
LLNF01000009.1	NC_009656.1	99.582	812301	812063	239	75319	75557	1.47e-120	436	238
LLNF01000009.1	NC_009656.1	99.578	6353418	6353654	237	75321	75557	1.90e-119	433	236
LLNF01000009.1	NC_009656.1	98.729	4982868	4983102	236	75322	75557	5.33e-115	418	233
LLNF01000009.1	NC_009656.1	100.000	2611896	2611866	31	17683	17713	1.34e-06	58.4	31
LLNF01000010.1	NC_009656.1	98.889	2964681	2930131	34563	32492	67039	0.0	61673	34179
LLNF01000010.1	NC_009656.1	99.215	3017054	3004691	12364	14008	26371	0.0	22295	12267
LLNF01000010.1	NC_009656.1	99.122	3037999	3029457	8544	1	8540	0.0	15357	8469
LLNF01000010.1	NC_009656.1	98.484	3029271	3024062	5211	8666	13875	0.0	9184	5132
LLNF01000010.1	NC_009656.1	98.998	1974455	1973857	599	1	599	0.0	1074	593
LLNF01000010.1	NC_009656.1	100.000	1181163	1181194	32	32633	32664	3.30e-07	60.2	32
LLNF01000011.1	NC_009656.1	98.809	4926635	4983132	56509	6207	62662	0.0	1.006e+05	55836
LLNF01000011.1	NC_009656.1	98.872	812298	812033	266	62398	62662	9.31e-132	473	263
LLNF01000011.1	NC_009656.1	98.872	6353419	6353684	266	62398	62662	9.31e-132	473	263
LLNF01000011.1	NC_009656.1	98.496	5566183	5566448	266	62398	62662	4.33e-130	468	262
LLNF01000012.1	NC_009656.1	99.144	686258	522693	163583	78049	241579	0.0	2.943e+05	162183
LLNF01000012.1	NC_009656.1	99.104	277866	192327	85561	462313	547853	0.0	1.537e+05	84794
LLNF01000012.1	NC_009656.1	99.045	482345	405895	76547	282012	358508	0.0	1.372e+05	75816
LLNF01000012.1	NC_009656.1	99.196	364203	297295	66921	388755	455664	0.0	1.206e+05	66383
LLNF01000012.1	NC_009656.1	98.622	765983	717841	48176	29289	77440	0.0	85233	47512
LLNF01000012.1	NC_009656.1	99.440	190568	151107	39463	549584	589024	0.0	71628	39242
LLNF01000012.1	NC_009656.1	98.406	406015	375792	30242	358559	388765	0.0	53127	29760
LLNF01000012.1	NC_009656.1	98.773	509627	482355	27292	254777	282030	0.0	48490	26957
LLNF01000012.1	NC_009656.1	99.327	76101	57082	19033	589024	608056	0.0	34426	18905
LLNF01000012.1	NC_009656.1	99.001	806830	788226	18612	1	18611	0.0	33333	18426
LLNF01000012.1	NC_009656.1	98.960	522778	509628	13179	241543	254711	0.0	23544	13042
LLNF01000012.1	NC_009656.1	98.655	2815223	2813588	1636	612148	613782	0.0	2898	1614
LLNF01000012.1	NC_009656.1	99.127	56290	55489	802	608219	609019	0.0	1441	795
LLNF01000012.1	NC_009656.1	99.299	2813588	2813018	571	608449	609019	0.0	1033	567
LLNF01000012.1	NC_009656.1	98.628	2834565	2833983	583	608222	608804	0.0	1033	575
LLNF01000012.1	NC_009656.1	98.599	2831714	2831144	571	608449	609019	0.0	1011	563
LLNF01000012.1	NC_009656.1	98.319	56284	56047	238	613747	613984	4.33e-114	418	234
LLNF01000012.1	NC_009656.1	98.319	2834563	2834326	238	613747	613984	4.33e-114	418	234
LLNF01000012.1	NC_009656.1	100.000	688165	688094	72	77369	77440	1.76e-28	134	72
LLNF01000012.1	NC_009656.1	100.000	4111409	4111448	40	169541	169580	1.08e-10	75.0	40
LLNF01000012.1	NC_009656.1	100.000	537623	537658	36	226614	226649	1.81e-08	67.6	36
LLNF01000012.1	NC_009656.1	100.000	2829748	2829715	34	608222	608255	2.34e-07	63.9	34
LLNF01000012.1	NC_009656.1	100.000	1593776	1593807	32	309485	309516	3.03e-06	60.2	32
LLNF01000012.1	NC_009656.1	100.000	2813018	2813049	32	608225	608256	3.03e-06	60.2	32
LLNF01000012.1	NC_009656.1	100.000	2831144	2831175	32	608225	608256	3.03e-06	60.2	32
LLNF01000012.1	NC_009656.1	100.000	2889313	2889344	32	309485	309516	3.03e-06	60.2	32
LLNF01000012.1	NC_009656.1	100.000	4275878	4275848	31	532989	533019	1.09e-05	58.4	31
LLNF01000012.1	NC_009656.1	100.000	2717918	2717947	30	309485	309514	3.92e-05	56.5	30
LLNF01000012.1	NC_009656.1	100.000	5798839	5798868	30	360171	360200	3.92e-05	56.5	30
LLNF01000012.1	NC_009656.1	100.000	509810	509838	29	257543	257571	1.41e-04	54.7	29
LLNF01000012.1	NC_009656.1	100.000	3927006	3926978	29	509990	510018	1.41e-04	54.7	29
LLNF01000012.1	NC_009656.1	100.000	405929	405902	28	358387	358414	5.06e-04	52.8	28
LLNF01000012.1	NC_009656.1	100.000	406015	405988	28	358645	358672	5.06e-04	52.8	28
LLNF01000013.1	NC_009656.1	98.349	2847840	2873303	25499	1	25487	0.0	44712	25078
LLNF01000013.1	NC_009656.1	98.628	2889631	2910230	20620	39172	59788	0.0	36489	20337
LLNF01000013.1	NC_009656.1	98.158	2873293	2886955	13681	25513	39186	0.0	23845	13429
LLNF01000013.1	NC_009656.1	100.000	2917918	2917956	39	33491	33529	3.78e-11	73.1	39
LLNF01000013.1	NC_009656.1	100.000	893766	893794	29	13299	13327	1.37e-05	54.7	29
LLNF01000014.1	NC_009656.1	99.300	879213	831913	47302	1	47302	0.0	85515	46971
LLNF01000014.1	NC_009656.1	99.361	816503	815408	1096	46207	47302	0.0	1986	1089
LLNF01000014.1	NC_009656.1	100.000	1054776	1054741	36	173	208	1.39e-09	67.6	36
LLNF01000015.1	NC_009656.1	99.211	5027116	4988335	38798	1	38787	0.0	69926	38492
LLNF01000016.1	NC_009656.1	98.048	3538474	3518201	20283	231	20501	0.0	35242	19887
LLNF01000016.1	NC_009656.1	99.015	3515764	3503490	12279	21023	33301	0.0	22002	12158
LLNF01000017.1	NC_009656.1	98.805	2834635	2847850	13221	7086	20304	0.0	23532	13063
LLNF01000017.1	NC_009656.1	98.619	2826027	2827547	1521	4585	6105	0.0	2693	1500
LLNF01000017.1	NC_009656.1	98.258	2827848	2828536	689	4585	5273	0.0	1206	677
LLNF01000017.1	NC_009656.1	98.995	48196	48593	398	1	398	0.0	713	394
LLNF01000017.1	NC_009656.1	98.995	2807363	2807760	398	1	398	0.0	713	394
LLNF01000018.1	NC_009656.1	98.544	2930369	2910726	19644	1	19644	0.0	34692	19358
LLNF01000019.1	NC_009656.1	99.494	832082	816075	16008	1	16008	0.0	29113	15927
LLNF01000019.1	NC_009656.1	99.068	833008	832580	429	15580	16008	0.0	771	425
LLNF01000021.1	NC_009656.1	99.755	5566180	5571889	5710	1	5710	0.0	10467	5696
LLNF01000021.1	NC_009656.1	99.720	812301	806592	5710	1	5710	0.0	10456	5694
LLNF01000021.1	NC_009656.1	99.702	6353418	6359125	5708	3	5710	0.0	10447	5691
LLNF01000021.1	NC_009656.1	99.650	4982868	4988573	5707	4	5710	0.0	10427	5687
LLNF01000022.1	NC_009656.1	99.459	3498549	3503728	5180	1	5180	0.0	9411	5152
LLNF01000022.1	NC_009656.1	99.286	879215	884394	5180	1	5180	0.0	9361	5143
LLNF01000023.1	NC_009656.1	99.337	3631567	3829578	198044	150784	348789	0.0	3.584e+05	196730
LLNF01000023.1	NC_009656.1	99.382	3934817	4087203	152427	408738	561147	0.0	2.762e+05	151485
LLNF01000023.1	NC_009656.1	99.294	3579644	3631627	51989	49226	101207	0.0	93962	51622
LLNF01000023.1	NC_009656.1	98.897	3884852	3932509	47706	348785	396468	0.0	85118	47180
LLNF01000023.1	NC_009656.1	98.923	3538523	3579101	40594	808	41391	0.0	72519	40157
LLNF01000023.1	NC_009656.1	99.017	3932460	3934901	2442	396456	398895	0.0	4375	2418
LLNF01000023.1	NC_009656.1	100.000	3725269	3725240	30	244474	244503	3.58e-05	56.5	30
LLNF01000023.1	NC_009656.1	100.000	230163	230191	29	390937	390965	1.29e-04	54.7	29
LLNF01000023.1	NC_009656.1	100.000	2370349	2370376	28	53508	53535	4.63e-04	52.8	28
LLNF01000023.1	NC_009656.1	100.000	4039165	4039138	28	513071	513098	4.63e-04	52.8	28
LLNF01000023.1	NC_009656.1	100.000	5326191	5326164	28	53508	53535	4.63e-04	52.8	28
LLNF01000023.1	NC_009656.1	100.000	5884643	5884670	28	292382	292409	4.63e-04	52.8	28
LLNF01000024.1	NC_009656.1	99.285	44944	48299	3356	1	3356	0.0	6065	3332
LLNF01000024.1	NC_009656.1	99.285	2804111	2807466	3356	1	3356	0.0	6065	3332
LLNF01000025.1	NC_009656.1	99.522	812063	815406	3344	1	3344	0.0	6087	3328
LLNF01000025.1	NC_009656.1	99.578	6353654	6353418	237	1	237	8.37e-121	433	236
LLNF01000025.1	NC_009656.1	99.163	5566418	5566180	239	1	239	3.01e-120	431	237
LLNF01000025.1	NC_009656.1	98.729	4983102	4982868	236	1	236	2.34e-116	418	233
LLNF01000026.1	NC_009656.1	98.265	2818829	2821868	3054	1	3051	0.0	5330	3001
LLNF01000026.1	NC_009656.1	98.456	2832603	2832861	259	1803	2059	1.74e-127	455	255
LLNF01000026.1	NC_009656.1	98.069	2815208	2815466	259	1803	2059	8.11e-126	449	254
LLNF01000026.1	NC_009656.1	98.400	2831208	2831456	250	3016	3265	1.76e-122	438	246
LLNF01000026.1	NC_009656.1	98.000	55553	55801	250	3016	3265	8.17e-121	433	245
LLNF01000026.1	NC_009656.1	98.000	2813082	2813330	250	3016	3265	8.17e-121	433	245
LLNF01000027.1	NC_009656.1	98.728	2817253	2816862	393	4	396	0.0	697	388
LLNF01000027.1	NC_009656.1	98.239	49607	49324	284	1	284	2.57e-140	497	279
LLNF01000027.1	NC_009656.1	98.239	2808774	2808491	284	1	284	2.57e-140	497	279
LLNF01000027.1	NC_009656.1	98.800	2833980	2833731	250	1095	1344	9.44e-125	446	247
LLNF01000028.1	NC_009656.1	99.108	43881	40966	2916	1	2916	0.0	5241	2890
LLNF01000028.1	NC_009656.1	99.108	2803047	2800132	2916	1	2916	0.0	5241	2890
LLNF01000029.1	NC_009656.1	98.430	52900	51245	1656	578	2222	0.0	2904	1630
LLNF01000029.1	NC_009656.1	98.709	2818939	2817313	1627	1	1616	0.0	2878	1606
LLNF01000031.1	NC_009656.1	99.093	2822751	2823301	551	1365	1915	0.0	990	546
LLNF01000032.1	NC_009656.1	98.702	2804349	2802809	1541	1	1541	0.0	2736	1521
LLNF01000032.1	NC_009656.1	98.637	45182	43643	1541	1	1541	0.0	2728	1520
LLNF01000033.1	NC_009656.1	98.356	48331	49607	1277	1	1277	0.0	2242	1256
LLNF01000033.1	NC_009656.1	98.356	2807498	2808774	1277	1	1277	0.0	2242	1256
LLNF01000034.1	NC_009656.1	99.299	1304895	1575463	270611	45130	315701	0.0	4.891e+05	268714
LLNF01000034.1	NC_009656.1	99.182	1623047	1723119	100121	353816	453915	0.0	1.803e+05	99302
LLNF01000034.1	NC_009656.1	99.114	1754884	1796295	41416	478435	519850	0.0	74445	41049
LLNF01000034.1	NC_009656.1	99.345	1267173	1304102	36933	7192	44122	0.0	66857	36691
LLNF01000034.1	NC_009656.1	99.003	1730264	1754828	24570	453919	478448	0.0	43973	24325
LLNF01000034.1	NC_009656.1	98.526	1594011	1614138	20145	333673	353816	0.0	35539	19848
LLNF01000034.1	NC_009656.1	99.233	1575893	1593485	17594	315680	333272	0.0	31741	17459
LLNF01000034.1	NC_009656.1	99.471	1259061	1261897	2837	520468	523303	0.0	5155	2822
LLNF01000034.1	NC_009656.1	100.000	1593590	1593622	33	333394	333426	7.17e-07	62.1	33
LLNF01000034.1	NC_009656.1	100.000	1181166	1181196	31	426174	426204	9.28e-06	58.4	31
LLNF01000034.1	NC_009656.1	100.000	6520030	6520059	30	515106	515135	3.34e-05	56.5	30
LLNF01000035.1	NC_009656.1	99.443	2818581	2818939	359	641	999	0.0	652	357
LLNF01000035.1	NC_009656.1	98.319	56047	56284	238	1	238	6.89e-117	418	234
LLNF01000035.1	NC_009656.1	100.000	2813588	2813624	37	203	239	7.99e-12	69.4	37
LLNF01000036.1	NC_009656.1	98.476	56284	55563	722	2	723	0.0	1273	711
LLNF01000036.1	NC_009656.1	98.589	2813587	2813092	496	228	723	0.0	878	489
LLNF01000036.1	NC_009656.1	98.387	2831713	2831218	496	228	723	0.0	872	488
LLNF01000036.1	NC_009656.1	100.000	2813624	2813588	37	1	37	5.73e-12	69.4	37
LLNF01000041.1	NC_009656.1	98.697	3498460	3498766	307	319	625	1.87e-155	545	303
LLNF01000041.1	NC_009656.1	100.000	1054741	1054776	36	199	234	1.78e-11	67.6	36
LLNF01000042.1	NC_009656.1	99.838	6353446	6354061	616	1	616	0.0	1133	615
LLNF01000042.1	NC_009656.1	99.675	812271	811656	616	1	616	0.0	1127	614
LLNF01000042.1	NC_009656.1	99.675	4982894	4983509	616	1	616	0.0	1127	614
LLNF01000042.1	NC_009656.1	99.513	5566210	5566825	616	1	616	0.0	1122	613
LLNF01000045.1	NC_009656.1	98.549	4426969	4539400	112520	345949	458398	0.0	1.986e+05	110887
LLNF01000045.1	NC_009656.1	99.212	4257096	4367193	110129	179396	289496	0.0	1.985e+05	109261
LLNF01000045.1	NC_009656.1	99.014	4173611	4257043	83460	95971	179398	0.0	1.495e+05	82637
LLNF01000045.1	NC_009656.1	99.101	4099514	4173616	74120	21650	95700	0.0	1.331e+05	73454
LLNF01000045.1	NC_009656.1	99.125	4369994	4411694	41728	292536	334244	0.0	74993	41363
LLNF01000045.1	NC_009656.1	98.741	4543475	4562451	18984	462773	481745	0.0	33717	18745
LLNF01000045.1	NC_009656.1	99.053	4088867	4097190	8344	1	8343	0.0	14951	8265
LLNF01000045.1	NC_009656.1	98.043	4539409	4543474	4088	458379	462466	0.0	7086	4008
LLNF01000045.1	NC_009656.1	98.845	4097220	4098862	1645	9026	10669	0.0	2929	1626
LLNF01000045.1	NC_009656.1	98.639	4576738	4577766	1029	486055	487083	0.0	1823	1015
LLNF01000045.1	NC_009656.1	98.191	4368371	4368757	387	292152	292538	0.0	676	380
LLNF01000045.1	NC_009656.1	98.718	4580541	4580618	78	490278	490355	3.07e-30	139	77
LLNF01000045.1	NC_009656.1	98.000	5325750	5325799	50	483139	483188	1.13e-14	87.9	49
LLNF01000045.1	NC_009656.1	100.000	1054774	1054741	34	84952	84985	1.90e-07	63.9	34
LLNF01000045.1	NC_009656.1	100.000	207161	207191	31	198134	198164	8.84e-06	58.4	31
LLNF01000045.1	NC_009656.1	100.000	21334	21361	28	306974	307001	4.11e-04	52.8	28
LLNF01000046.1	NC_009656.1	99.684	2831456	2831141	316	1	316	1.64e-165	579	315
LLNF01000046.1	NC_009656.1	99.051	2813330	2813015	316	1	316	3.56e-162	568	313
LLNF01000046.1	NC_009656.1	98.423	55801	55485	317	1	317	2.14e-159	558	312
LLNF01000046.1	NC_009656.1	100.000	2819067	2818829	239	321	559	2.25e-124	442	239
LLNF01000046.1	NC_009656.1	100.000	56252	56283	32	282	313	2.65e-09	60.2	32
LLNF01000046.1	NC_009656.1	100.000	2829715	2829745	31	283	313	9.52e-09	58.4	31
LLNF01000048.1	NC_009656.1	98.228	43374	43881	508	1	508	0.0	889	499
LLNF01000048.1	NC_009656.1	98.228	2802540	2803047	508	1	508	0.0	889	499
LLNF01000049.1	NC_009656.1	98.594	5876417	5875920	498	1	498	0.0	881	491
LLNF01000049.1	NC_009656.1	98.193	5323154	5322657	498	1	498	0.0	870	489
LLNF01000050.1	NC_009656.1	99.582	815168	815646	479	1	479	0.0	874	477
LLNF01000051.1	NC_009656.1	98.908	878975	879432	458	1	458	0.0	819	453
LLNF01000051.1	NC_009656.1	99.023	3498460	3498766	307	152	458	2.92e-157	551	304
LLNF01000051.1	NC_009656.1	100.000	1054741	1054776	36	32	67	1.29e-11	67.6	36
LLNF01000052.1	NC_009656.1	99.268	815168	815577	410	1	410	0.0	741	407
LLNF01000053.1	NC_009656.1	100.000	1054741	1054776	36	199	234	1.13e-11	67.6	36
LLNF01000054.1	NC_009656.1	98.982	5322503	5322895	393	1	393	0.0	704	389
LLNF01000054.1	NC_009656.1	98.728	5875766	5876158	393	1	393	0.0	699	388
LLNF01000056.1	NC_009656.1	99.311	5957397	6062222	104839	64035	168845	0.0	1.896e+05	104117
LLNF01000056.1	NC_009656.1	99.226	5892685	5954542	61864	1946	63799	0.0	1.116e+05	61385
LLNF01000056.1	NC_009656.1	99.325	6120291	6179680	59411	262615	322022	0.0	1.075e+05	59010
LLNF01000056.1	NC_009656.1	99.447	6302375	6353684	51314	408725	460035	0.0	93179	51030
LLNF01000056.1	NC_009656.1	99.257	6180718	6227699	46984	322062	369031	0.0	84815	46635
LLNF01000056.1	NC_009656.1	98.360	6268004	6302374	34383	374128	408485	0.0	60334	33819
LLNF01000056.1	NC_009656.1	98.840	6062219	6092483	30268	168880	199146	0.0	53947	29917
LLNF01000056.1	NC_009656.1	99.013	6092438	6118967	26536	236095	262617	0.0	47533	26274
LLNF01000056.1	NC_009656.1	99.612	6267459	6270035	2577	369032	371608	0.0	4704	2567
LLNF01000056.1	NC_009656.1	99.251	812299	812033	267	459769	460035	1.14e-133	483	265
LLNF01000056.1	NC_009656.1	98.876	5566182	5566448	267	459769	460035	5.28e-132	477	264
LLNF01000056.1	NC_009656.1	98.496	4982868	4983132	266	459770	460035	3.18e-129	468	262
LLNF01000056.1	NC_009656.1	100.000	6180089	6180131	43	322023	322065	1.74e-12	80.5	43
LLNF01000056.1	NC_009656.1	100.000	454882	454851	32	372730	372761	2.27e-06	60.2	32
LLNF01000057.1	NC_009656.1	98.663	48061	48434	374	1	374	0.0	664	369
LLNF01000057.1	NC_009656.1	98.663	2807228	2807601	374	1	374	0.0	664	369
LLNF01000059.1	NC_009656.1	99.728	2819067	2818701	367	1	367	0.0	673	366
LLNF01000061.1	NC_009656.1	99.351	815339	815646	308	1	308	1.14e-159	558	306
LLNF01000061.1	NC_009656.1	98.701	831844	832151	308	1	308	2.47e-156	547	304
LLNF01000062.1	NC_009656.1	98.113	4089105	4088841	265	1	265	7.85e-131	462	260
LLNF01000063.1	NC_009656.1	99.313	3424200	3343916	80314	1	80312	0.0	1.452e+05	79762
LLNF01000063.1	NC_009656.1	99.189	3132487	3062697	69806	275425	345197	0.0	1.257e+05	69240
LLNF01000063.1	NC_009656.1	99.456	3293600	3232546	61062	131562	192623	0.0	1.109e+05	60730
LLNF01000063.1	NC_009656.1	99.137	3231320	3184197	47141	195536	242662	0.0	84769	46734
LLNF01000063.1	NC_009656.1	99.250	3326667	3293996	32678	95388	128062	0.0	58979	32433
LLNF01000063.1	NC_009656.1	99.022	3060825	3038236	22591	345195	367784	0.0	40492	22370
LLNF01000063.1	NC_009656.1	99.232	3335245	3326787	8460	86931	95390	0.0	15261	8395
LLNF01000063.1	NC_009656.1	99.114	3343169	3337304	5866	81035	86888	0.0	10534	5814
LLNF01000063.1	NC_009656.1	98.402	3344062	3343062	1001	80064	81064	0.0	1760	985
LLNF01000063.1	NC_009656.1	98.458	1975145	1974692	454	367332	367784	0.0	798	447
LLNF01000063.1	NC_009656.1	98.851	1085155	1084895	261	1	261	9.14e-129	466	258
LLNF01000063.1	NC_009656.1	98.361	3293994	3293812	183	128273	128455	2.09e-85	322	180
LLNF01000063.1	NC_009656.1	100.000	2321497	2321525	29	36560	36588	8.43e-05	54.7	29
LLNF01000064.1	NC_009656.1	99.288	5713792	5876004	162254	153559	315781	0.0	2.932e+05	161099
LLNF01000064.1	NC_009656.1	99.379	5571562	5674221	102668	1	102647	0.0	1.860e+05	102030
LLNF01000064.1	NC_009656.1	99.404	5687309	5713813	26507	126680	153169	0.0	48056	26349
LLNF01000064.1	NC_009656.1	99.278	5674250	5684491	10247	102647	112893	0.0	18508	10173
LLNF01000064.1	NC_009656.1	98.618	5684475	5686065	1592	113261	114852	0.0	2817	1570
LLNF01000064.1	NC_009656.1	98.291	806919	806569	351	1	351	7.37e-174	616	345
LLNF01000064.1	NC_009656.1	100.000	879131	879102	30	187333	187362	2.01e-05	56.5	30
LLNF01000064.1	NC_009656.1	100.000	5753120	5753091	30	239842	239871	2.01e-05	56.5	30
LLNF01000064.1	NC_009656.1	100.000	5800091	5800063	29	192850	192878	7.24e-05	54.7	29
LLNF01000064.1	NC_009656.1	100.000	5838963	5838935	29	107993	108021	7.24e-05	54.7	29
LLNF01000064.1	NC_009656.1	100.000	1730797	1730770	28	202920	202947	2.60e-04	52.8	28
LLNF01000065.1	NC_009656.1	99.069	5109001	5220941	111960	80848	192801	0.0	2.010e+05	110918
LLNF01000065.1	NC_009656.1	99.190	5027111	5102990	75904	110	76003	0.0	1.367e+05	75289
LLNF01000065.1	NC_009656.1	99.250	5221133	5284859	63738	192803	256534	0.0	1.150e+05	63260
LLNF01000065.1	NC_009656.1	98.272	716962	689324	27663	164042	191669	0.0	48381	27185
LLNF01000065.1	NC_009656.1	99.563	5286183	5295107	8925	256532	265456	0.0	16266	8886
LLNF01000065.1	NC_009656.1	98.429	5104309	5109017	4709	75997	80705	0.0	8287	4635
LLNF01000065.1	NC_009656.1	98.129	5031043	5031523	481	110	590	0.0	839	472
LLNF01000065.1	NC_009656.1	100.000	5026876	5026995	120	1	120	1.67e-55	222	120
LLNF01000065.1	NC_009656.1	98.333	5030808	5030927	120	1	120	3.61e-52	211	118
LLNF01000065.1	NC_009656.1	98.333	5032911	5033030	120	1	120	3.61e-52	211	118
LLNF01000065.1	NC_009656.1	100.000	5305947	5306028	82	265410	265491	2.22e-34	152	82
LLNF01000065.1	NC_009656.1	100.000	2359743	2359776	34	62636	62669	1.07e-07	63.9	34
LLNF01000065.1	NC_009656.1	100.000	4443146	4443174	29	158747	158775	6.44e-05	54.7	29
