LLVM01000001.1	NC_009656.1	100.000	1113485	1113452	34	170336	170369	2.57e-07	63.9	34
LLVM01000001.1	NC_009656.1	100.000	1730800	1730768	33	582446	582478	9.24e-07	62.1	33
LLVM01000001.1	NC_009656.1	100.000	1763165	1763197	33	233349	233381	9.24e-07	62.1	33
LLVM01000001.1	NC_009656.1	100.000	6517439	6517407	33	484611	484643	9.24e-07	62.1	33
LLVM01000001.1	NC_009656.1	100.000	1730770	1730800	31	473854	473884	1.20e-05	58.4	31
LLVM01000001.1	NC_009656.1	100.000	1009457	1009486	30	483930	483959	4.30e-05	56.5	30
LLVM01000001.1	NC_009656.1	100.000	5753091	5753120	30	436017	436046	4.30e-05	56.5	30
LLVM01000001.1	NC_009656.1	100.000	1890503	1890531	29	639230	639258	1.55e-04	54.7	29
LLVM01000001.1	NC_009656.1	100.000	5838935	5838963	29	566074	566102	1.55e-04	54.7	29
LLVM01000002.1	NC_009656.1	100.000	1181194	1181161	34	18917	18950	1.02e-07	63.9	34
LLVM01000002.1	NC_009656.1	100.000	103479	103451	29	45749	45777	6.12e-05	54.7	29
LLVM01000002.1	NC_009656.1	100.000	2321497	2321525	29	34803	34831	6.12e-05	54.7	29
LLVM01000013.1	NC_009656.1	98.283	1296612	1293818	2795	106050	108844	0.0	4896	2747
LLVM01000013.1	NC_009656.1	100.000	1297177	1297283	107	105946	106052	2.60e-48	198	107
LLVM01000013.1	NC_009656.1	100.000	377668	377639	30	170375	170404	1.66e-05	56.5	30
LLVM01000013.1	NC_009656.1	100.000	857764	857792	29	139832	139860	5.97e-05	54.7	29
LLVM01000014.1	NC_009656.1	100.000	3407725	3407687	39	1	39	6.01e-13	73.1	39
LLVM01000022.1	NC_009656.1	99.513	2814037	2813627	411	1	411	0.0	749	409
LLVM01000022.1	NC_009656.1	98.148	2834563	2834240	324	555	878	2.04e-161	566	318
LLVM01000022.1	NC_009656.1	98.980	2813587	2813490	98	781	878	4.01e-44	176	97
LLVM01000022.1	NC_009656.1	100.000	2813018	2813049	32	556	587	4.21e-09	60.2	32
LLVM01000022.1	NC_009656.1	100.000	2831144	2831175	32	556	587	4.21e-09	60.2	32
LLVM01000024.1	NC_009656.1	98.086	2077963	2078171	209	191110	191318	2.09e-98	364	205
LLVM01000024.1	NC_009656.1	100.000	2078273	2078354	82	191229	191310	1.77e-34	152	82
LLVM01000024.1	NC_009656.1	100.000	5674245	5674215	31	209	239	3.97e-06	58.4	31
LLVM01000024.1	NC_009656.1	100.000	158680	158709	30	105253	105282	1.43e-05	56.5	30
LLVM01000024.1	NC_009656.1	100.000	6520030	6520059	30	58642	58671	1.43e-05	56.5	30
LLVM01000035.1	NC_009656.1	100.000	2717949	2717917	33	83835	83867	2.95e-07	62.1	33
LLVM01000035.1	NC_009656.1	100.000	5753123	5753091	33	116944	116976	2.95e-07	62.1	33
LLVM01000035.1	NC_009656.1	100.000	2889342	2889312	31	83837	83867	3.81e-06	58.4	31
LLVM01000042.1	NC_009656.1	99.432	3860755	3860930	176	535	710	1.41e-87	320	175
LLVM01000046.1	NC_009656.1	100.000	879042	879006	37	25151	25187	1.76e-09	69.4	37
LLVM01000046.1	NC_009656.1	100.000	630183	630150	34	172251	172284	8.17e-08	63.9	34
LLVM01000046.1	NC_009656.1	100.000	3277172	3277202	31	50472	50502	3.80e-06	58.4	31
LLVM01000057.1	NC_009656.1	100.000	4825286	4825523	238	208152	208389	3.14e-121	440	238
LLVM01000058.1	NC_009656.1	99.704	4825348	4826022	675	1	675	0.0	1236	673
LLVM01000058.1	NC_009656.1	98.815	4563201	4562527	675	1	675	0.0	1203	667
LLVM01000058.1	NC_009656.1	98.667	2887292	2887966	675	1	675	0.0	1197	666
LLVM01000058.1	NC_009656.1	98.667	4369931	4369257	675	1	675	0.0	1197	666
LLVM01000058.1	NC_009656.1	98.519	2430354	2429680	675	1	675	0.0	1192	665
LLVM01000058.1	NC_009656.1	98.519	2538442	2539116	675	1	675	0.0	1192	665
LLVM01000058.1	NC_009656.1	98.519	4925458	4926132	675	1	675	0.0	1192	665
LLVM01000068.1	NC_009656.1	99.163	2521239	2521477	239	1	239	1.58e-118	431	237
LLVM01000068.1	NC_009656.1	100.000	4562455	4562497	43	173937	173979	6.58e-13	80.5	43
LLVM01000068.1	NC_009656.1	100.000	21361	21334	28	146159	146186	1.43e-04	52.8	28
LLVM01000079.1	NC_009656.1	98.223	2520274	2521061	788	154992	155779	0.0	1378	774
LLVM01000079.1	NC_009656.1	100.000	2521060	2521358	299	155810	156108	2.90e-155	553	299
LLVM01000079.1	NC_009656.1	99.336	4825586	4825286	301	1	301	4.84e-153	545	299
LLVM01000079.1	NC_009656.1	98.671	2430116	2430416	301	1	301	1.05e-149	534	297
LLVM01000079.1	NC_009656.1	98.671	2538680	2538380	301	1	301	1.05e-149	534	297
LLVM01000079.1	NC_009656.1	98.671	2887530	2887230	301	1	301	1.05e-149	534	297
LLVM01000079.1	NC_009656.1	98.671	4369693	4369993	301	1	301	1.05e-149	534	297
LLVM01000079.1	NC_009656.1	98.033	4562963	4563267	305	1	305	1.36e-148	531	299
LLVM01000079.1	NC_009656.1	98.344	4925696	4925395	302	1	302	1.36e-148	531	297
LLVM01000079.1	NC_009656.1	100.000	4728025	4728105	81	69939	70019	4.44e-34	150	81
LLVM01000079.1	NC_009656.1	100.000	4728212	4728291	80	69752	69831	1.60e-33	148	80
LLVM01000079.1	NC_009656.1	100.000	5325750	5325827	78	1059	1136	2.06e-32	145	78
LLVM01000085.1	NC_009656.1	98.990	2847579	2848172	594	1	594	0.0	1064	588
LLVM01000085.1	NC_009656.1	98.173	6408174	6408775	602	1	602	0.0	1051	591
LLVM01000089.1	NC_009656.1	99.029	1900405	1900200	206	348	553	1.13e-102	370	204
LLVM01000089.1	NC_009656.1	100.000	1900404	1900323	82	158	239	4.47e-37	152	82
LLVM01000090.1	NC_009656.1	98.128	3014127	2971839	42304	56463	98758	0.0	73711	41512
LLVM01000090.1	NC_009656.1	98.276	3019733	3019618	116	44213	44328	3.05e-50	204	114
LLVM01000090.1	NC_009656.1	100.000	6347719	6347752	34	24910	24943	5.39e-08	63.9	34
LLVM01000090.1	NC_009656.1	100.000	1730770	1730800	31	34327	34357	2.51e-06	58.4	31
LLVM01000101.1	NC_009656.1	99.748	3162495	3175191	12698	47839	60534	0.0	23268	12666
LLVM01000101.1	NC_009656.1	100.000	1054741	1054773	33	94994	95026	1.79e-07	62.1	33
LLVM01000101.1	NC_009656.1	100.000	1730770	1730800	31	94814	94844	2.31e-06	58.4	31
LLVM01000105.1	NC_009656.1	98.343	6407870	6408412	543	1	543	0.0	953	534
LLVM01000109.1	NC_009656.1	99.071	55544	56081	538	1	538	0.0	966	533
LLVM01000109.1	NC_009656.1	99.612	2813073	2813587	515	1	515	0.0	941	513
LLVM01000109.1	NC_009656.1	99.029	2831199	2831713	515	1	515	0.0	924	510
LLVM01000109.1	NC_009656.1	98.677	2833983	2834360	378	161	538	0.0	671	373
LLVM01000112.1	NC_009656.1	98.485	4150354	4150289	66	2466	2531	1.38e-23	117	65
LLVM01000112.1	NC_009656.1	100.000	6580599	6580569	31	95922	95952	8.50e-06	58.4	31
LLVM01000112.1	NC_009656.1	100.000	3725240	3725269	30	234426	234455	3.06e-05	56.5	30
LLVM01000113.1	NC_009656.1	98.765	2390591	2390671	81	114617	114696	6.04e-32	143	80
LLVM01000113.1	NC_009656.1	100.000	2390752	2390828	77	114618	114694	6.04e-32	143	77
LLVM01000124.1	NC_009656.1	100.000	3926978	3927006	29	43170	43198	2.81e-05	54.7	29
LLVM01000135.1	NC_009656.1	99.194	4825524	4825277	248	1	247	3.39e-123	446	246
LLVM01000141.1	NC_009656.1	98.125	4826441	4825962	480	1	480	0.0	837	471
LLVM01000141.1	NC_009656.1	100.000	4562455	4562587	133	348	480	1.61e-65	246	133
LLVM01000142.1	NC_009656.1	99.791	139836	139358	479	1	479	0.0	880	478
LLVM01000144.1	NC_009656.1	99.721	2521120	2521478	359	1	359	0.0	658	358
LLVM01000146.1	NC_009656.1	98.843	1974721	2044628	69920	1	69914	0.0	1.246e+05	69111
LLVM01000146.1	NC_009656.1	99.024	1900200	1900404	205	102730	102934	7.42e-100	368	203
LLVM01000146.1	NC_009656.1	100.000	2078273	2078354	82	102853	102934	8.14e-35	152	82
LLVM01000146.1	NC_009656.1	98.795	5325918	5326000	83	54492	54574	1.05e-33	148	82
LLVM01000146.1	NC_009656.1	100.000	2390513	2390589	77	63493	63569	4.90e-32	143	77
LLVM01000146.1	NC_009656.1	100.000	2390514	2390589	76	63785	63860	1.76e-31	141	76
LLVM01000146.1	NC_009656.1	100.000	2002682	2002653	30	27935	27964	6.56e-06	56.5	30
LLVM01000146.1	NC_009656.1	100.000	1038123	1038095	29	69886	69914	2.36e-05	54.7	29
LLVM01000157.1	NC_009656.1	99.219	139598	139981	384	1	384	0.0	693	381
LLVM01000157.1	NC_009656.1	100.000	3794381	3794409	29	82577	82605	2.15e-05	54.7	29
LLVM01000158.1	NC_009656.1	100.000	5674214	5674245	32	143	174	2.20e-09	60.2	32
LLVM01000162.1	NC_009656.1	99.567	5566240	5566701	462	1	462	0.0	843	460
LLVM01000162.1	NC_009656.1	99.351	812241	811780	462	1	462	0.0	837	459
LLVM01000162.1	NC_009656.1	99.351	4982924	4983385	462	1	462	0.0	837	459
LLVM01000162.1	NC_009656.1	99.134	6353476	6353937	462	1	462	0.0	832	458
LLVM01000164.1	NC_009656.1	99.132	2887728	2888188	461	1	461	0.0	830	457
LLVM01000164.1	NC_009656.1	99.132	4925894	4926354	461	1	461	0.0	830	457
LLVM01000164.1	NC_009656.1	98.915	2429918	2429458	461	1	461	0.0	824	456
LLVM01000164.1	NC_009656.1	98.915	2538878	2539338	461	1	461	0.0	824	456
LLVM01000164.1	NC_009656.1	98.915	4369495	4369035	461	1	461	0.0	824	456
LLVM01000164.1	NC_009656.1	98.915	4825784	4826244	461	1	461	0.0	824	456
LLVM01000164.1	NC_009656.1	98.392	4562765	4562455	311	1	311	3.79e-156	547	306
LLVM01000167.1	NC_009656.1	98.904	5566209	5566663	456	1	456	0.0	813	451
LLVM01000167.1	NC_009656.1	98.465	6353445	6353899	456	1	456	0.0	802	449
LLVM01000167.1	NC_009656.1	98.455	812269	811818	453	4	456	0.0	797	446
LLVM01000167.1	NC_009656.1	98.246	4982893	4983347	456	1	456	0.0	797	448
LLVM01000168.1	NC_009656.1	100.000	1054741	1054776	36	88030	88065	2.61e-09	67.6	36
LLVM01000168.1	NC_009656.1	100.000	454851	454884	34	87837	87870	3.37e-08	63.9	34
LLVM01000168.1	NC_009656.1	100.000	1593808	1593776	33	88268	88300	1.21e-07	62.1	33
LLVM01000168.1	NC_009656.1	100.000	2889345	2889313	33	88268	88300	1.21e-07	62.1	33
LLVM01000168.1	NC_009656.1	100.000	2717947	2717918	30	88271	88300	5.64e-06	56.5	30
LLVM01000168.1	NC_009656.1	100.000	5169524	5169553	30	23517	23546	5.64e-06	56.5	30
LLVM01000171.1	NC_009656.1	100.000	4626348	4626110	239	1	239	1.81e-124	442	239
LLVM01000171.1	NC_009656.1	100.000	6228675	6228888	214	240	453	1.43e-110	396	214
LLVM01000179.1	NC_009656.1	98.592	5412979	5412909	71	8748	8818	4.22e-27	126	70
LLVM01000179.1	NC_009656.1	100.000	4760196	4760165	32	78817	78848	4.35e-07	60.2	32
LLVM01000182.1	NC_009656.1	100.000	2813702	2813627	76	2	77	7.14e-34	141	76
LLVM01000185.1	NC_009656.1	99.764	5566240	5566663	424	1	424	0.0	778	423
LLVM01000185.1	NC_009656.1	99.292	6353476	6353899	424	1	424	0.0	767	421
LLVM01000185.1	NC_009656.1	99.057	812241	811818	424	1	424	0.0	761	420
LLVM01000185.1	NC_009656.1	99.057	4982924	4983347	424	1	424	0.0	761	420
LLVM01000187.1	NC_009656.1	98.313	2429675	2429261	415	1	415	0.0	728	408
LLVM01000187.1	NC_009656.1	98.313	2539121	2539535	415	1	415	0.0	728	408
LLVM01000187.1	NC_009656.1	98.313	4826027	4826441	415	1	415	0.0	728	408
LLVM01000187.1	NC_009656.1	98.072	2887971	2888385	415	1	415	0.0	723	407
LLVM01000187.1	NC_009656.1	98.072	4369252	4368838	415	1	415	0.0	723	407
LLVM01000187.1	NC_009656.1	98.077	4926137	4926552	416	1	415	0.0	723	408
LLVM01000187.1	NC_009656.1	100.000	4562522	4562455	68	1	68	1.88e-29	126	68
LLVM01000188.1	NC_009656.1	98.554	2847403	2847817	415	1	415	0.0	734	409
LLVM01000190.1	NC_009656.1	100.000	5305947	5306028	82	30608	30689	5.17e-35	152	82
LLVM01000190.1	NC_009656.1	100.000	4659312	4659359	48	50002	50049	4.11e-16	89.8	48
LLVM01000190.1	NC_009656.1	98.000	4573753	4573802	50	49997	50046	1.48e-15	87.9	49
LLVM01000190.1	NC_009656.1	100.000	4590081	4590109	29	65161	65189	1.50e-05	54.7	29
LLVM01000190.1	NC_009656.1	100.000	3583954	3583927	28	30574	30601	5.40e-05	52.8	28
LLVM01000191.1	NC_009656.1	98.049	1262301	1261892	410	1	410	0.0	713	402
LLVM01000193.1	NC_009656.1	99.024	1900404	1900200	205	158	362	2.70e-102	368	203
LLVM01000195.1	NC_009656.1	99.217	815721	815339	383	1	383	0.0	691	380
LLVM01000195.1	NC_009656.1	98.433	832226	831844	383	1	383	0.0	675	377
LLVM01000196.1	NC_009656.1	100.000	5674214	5674245	32	143	174	1.77e-09	60.2	32
LLVM01000197.1	NC_009656.1	99.733	139731	139358	374	1	374	0.0	686	373
LLVM01000200.1	NC_009656.1	98.093	6407870	6408236	367	1	367	0.0	640	360
LLVM01000201.1	NC_009656.1	100.000	2917918	2917956	39	32561	32599	4.11e-11	73.1	39
LLVM01000201.1	NC_009656.1	100.000	454850	454882	33	13109	13141	8.90e-08	62.1	33
LLVM01000201.1	NC_009656.1	100.000	1704354	1704385	32	37501	37532	3.20e-07	60.2	32
LLVM01000203.1	NC_009656.1	99.167	2521478	2521239	240	121	360	8.52e-122	433	238
LLVM01000204.1	NC_009656.1	99.441	2521120	2521477	358	1	358	0.0	651	356
LLVM01000205.1	NC_009656.1	98.319	55843	56199	357	1	357	3.61e-180	627	351
LLVM01000205.1	NC_009656.1	98.319	2834122	2834478	357	1	357	3.61e-180	627	351
LLVM01000205.1	NC_009656.1	99.537	2813372	2813587	216	1	216	3.99e-110	394	215
LLVM01000206.1	NC_009656.1	99.419	139493	139836	344	1	344	1.25e-179	625	342
LLVM01000208.1	NC_009656.1	98.423	2811780	2811464	317	1	317	1.18e-159	558	312
LLVM01000208.1	NC_009656.1	98.423	2824631	2824315	317	1	317	1.18e-159	558	312
LLVM01000208.1	NC_009656.1	98.423	2826394	2826078	317	1	317	1.18e-159	558	312
LLVM01000208.1	NC_009656.1	98.423	2828215	2827899	317	1	317	1.18e-159	558	312
LLVM01000209.1	NC_009656.1	98.333	1262302	1262063	240	69	308	1.56e-118	422	236
LLVM01000211.1	NC_009656.1	99.671	4826265	4825962	304	1	304	4.04e-159	556	303
LLVM01000211.1	NC_009656.1	99.342	2888209	2887906	304	1	304	1.88e-157	551	302
LLVM01000211.1	NC_009656.1	99.342	4926375	4926072	304	1	304	1.88e-157	551	302
LLVM01000211.1	NC_009656.1	99.013	2429437	2429740	304	1	304	8.75e-156	545	301
LLVM01000211.1	NC_009656.1	99.013	2539359	2539056	304	1	304	8.75e-156	545	301
LLVM01000211.1	NC_009656.1	98.684	4369014	4369317	304	1	304	4.07e-154	540	300
LLVM01000211.1	NC_009656.1	100.000	4562455	4562587	133	172	304	9.94e-66	246	133
LLVM01000212.1	NC_009656.1	98.529	2813807	2814146	340	1	340	3.94e-170	601	335
LLVM01000212.1	NC_009656.1	100.000	56283	56253	31	362	392	1.07e-06	58.4	31
LLVM01000212.1	NC_009656.1	100.000	2834562	2834532	31	362	392	1.07e-06	58.4	31
LLVM01000213.1	NC_009656.1	100.000	4826200	4825898	303	1	303	3.12e-160	560	303
LLVM01000213.1	NC_009656.1	99.670	2888144	2887842	303	1	303	1.45e-158	555	302
LLVM01000213.1	NC_009656.1	99.670	4369079	4369381	303	1	303	1.45e-158	555	302
LLVM01000213.1	NC_009656.1	99.670	4926310	4926008	303	1	303	1.45e-158	555	302
LLVM01000213.1	NC_009656.1	99.340	2429502	2429804	303	1	303	6.74e-157	549	301
LLVM01000213.1	NC_009656.1	99.340	2539294	2538992	303	1	303	6.74e-157	549	301
LLVM01000213.1	NC_009656.1	100.000	4562455	4562651	197	107	303	2.62e-101	364	197
LLVM01000214.1	NC_009656.1	100.000	4825286	4825586	301	1	301	4.00e-159	556	301
LLVM01000214.1	NC_009656.1	98.007	2430416	2430116	301	1	301	4.06e-149	523	295
LLVM01000214.1	NC_009656.1	98.007	2538380	2538680	301	1	301	4.06e-149	523	295
LLVM01000214.1	NC_009656.1	98.007	2887230	2887530	301	1	301	4.06e-149	523	295
LLVM01000214.1	NC_009656.1	98.007	4369993	4369693	301	1	301	4.06e-149	523	295
LLVM01000218.1	NC_009656.1	98.519	5566209	5566478	270	1	270	2.86e-135	477	266
LLVM01000218.1	NC_009656.1	98.127	812269	812003	267	4	270	6.19e-132	466	262
LLVM01000220.1	NC_009656.1	98.846	2888209	2887950	260	1	260	2.14e-131	464	257
LLVM01000220.1	NC_009656.1	98.846	4926375	4926116	260	1	260	2.14e-131	464	257
LLVM01000220.1	NC_009656.1	98.462	2429437	2429696	260	1	260	9.94e-130	459	256
LLVM01000220.1	NC_009656.1	98.462	2539359	2539100	260	1	260	9.94e-130	459	256
LLVM01000220.1	NC_009656.1	98.462	4826265	4826006	260	1	260	9.94e-130	459	256
LLVM01000220.1	NC_009656.1	98.077	4369014	4369273	260	1	260	4.63e-128	453	255
LLVM01000221.1	NC_009656.1	98.069	5566189	5566447	259	1	259	1.66e-127	451	254
LLVM01000223.1	NC_009656.1	99.029	137375	137786	412	470419	470830	0.0	739	408
LLVM01000223.1	NC_009656.1	98.333	717949	717831	120	83165	83283	2.18e-51	209	118
LLVM01000223.1	NC_009656.1	100.000	1254881	1254839	43	231578	231620	1.78e-12	80.5	43
LLVM01000223.1	NC_009656.1	100.000	1054789	1054822	34	190785	190818	1.79e-07	63.9	34
LLVM01000223.1	NC_009656.1	100.000	1054789	1054822	34	190906	190939	1.79e-07	63.9	34
LLVM01000223.1	NC_009656.1	100.000	537623	537655	33	239627	239659	6.45e-07	62.1	33
LLVM01000223.1	NC_009656.1	100.000	1593776	1593807	32	141380	141411	2.32e-06	60.2	32
LLVM01000223.1	NC_009656.1	100.000	2889313	2889344	32	141380	141411	2.32e-06	60.2	32
LLVM01000223.1	NC_009656.1	100.000	2717918	2717947	30	141380	141409	3.00e-05	56.5	30
LLVM01000223.1	NC_009656.1	100.000	5798839	5798868	30	369989	370018	3.00e-05	56.5	30
LLVM01000223.1	NC_009656.1	100.000	1699769	1699797	29	198104	198132	1.08e-04	54.7	29
LLVM01000223.1	NC_009656.1	100.000	94211	94238	28	470420	470447	3.88e-04	52.8	28
LLVM01000223.1	NC_009656.1	100.000	509810	509837	28	270470	270497	3.88e-04	52.8	28
LLVM01000223.1	NC_009656.1	100.000	5110450	5110423	28	108834	108861	3.88e-04	52.8	28
LLVM01000224.1	NC_009656.1	99.983	6232487	6250417	17931	28817	46747	0.0	33096	17928
LLVM01000224.1	NC_009656.1	99.987	6250886	6258565	7680	48816	56495	0.0	14177	7679
LLVM01000224.1	NC_009656.1	100.000	6250416	6250889	474	47327	47800	0.0	876	474
LLVM01000224.1	NC_009656.1	98.792	137373	137786	414	56492	56905	0.0	737	409
LLVM01000224.1	NC_009656.1	100.000	6231111	6231152	42	28777	28818	7.74e-13	78.7	42
LLVM01000224.1	NC_009656.1	100.000	94210	94238	29	56494	56522	1.30e-05	54.7	29
LLVM01000226.1	NC_009656.1	99.608	4988417	4988163	255	1	255	5.82e-132	466	254
LLVM01000226.1	NC_009656.1	99.608	6358969	6358715	255	1	255	5.82e-132	466	254
LLVM01000226.1	NC_009656.1	99.216	806748	807002	255	1	255	2.71e-130	460	253
LLVM01000226.1	NC_009656.1	99.216	5571733	5571479	255	1	255	2.71e-130	460	253
LLVM01000227.1	NC_009656.1	99.595	2813799	2814045	247	1	247	1.57e-127	451	246
LLVM01000232.1	NC_009656.1	100.000	4825524	4825286	239	1	239	9.18e-125	442	239
LLVM01000234.1	NC_009656.1	100.000	4825523	4825286	238	1	238	3.30e-124	440	238
LLVM01000235.1	NC_009656.1	98.268	2539655	2549873	10221	925	11143	0.0	17891	10044
LLVM01000236.1	NC_009656.1	100.000	2497716	2497689	28	38437	38464	4.06e-05	52.8	28
LLVM01000237.1	NC_009656.1	98.237	815483	816503	1021	1	1021	0.0	1786	1003
LLVM01000237.1	NC_009656.1	100.000	1054741	1054776	36	48608	48643	1.44e-09	67.6	36
LLVM01000238.1	NC_009656.1	100.000	5674245	5674214	32	66	97	2.06e-07	60.2	32
LLVM01000239.1	NC_009656.1	100.000	4825524	4825284	241	1	241	1.18e-123	446	241
LLVM01000240.1	NC_009656.1	100.000	207158	207193	36	19773	19808	8.04e-10	67.6	36
LLVM01000240.1	NC_009656.1	100.000	5782615	5782646	32	6693	6724	1.35e-07	60.2	32
LLVM01000240.1	NC_009656.1	100.000	4275848	4275878	31	19776	19806	4.84e-07	58.4	31
LLVM01000241.1	NC_009656.1	98.532	4601669	4590434	11243	8497	19736	0.0	19839	11078
LLVM01000241.1	NC_009656.1	98.469	4611186	4602956	8231	239	8469	0.0	14502	8105
LLVM01000242.1	NC_009656.1	98.182	4369032	4368758	275	4	278	1.66e-134	481	270
LLVM01000243.1	NC_009656.1	98.041	832082	815906	16178	1	16177	0.0	28118	15861
LLVM01000244.1	NC_009656.1	100.000	1900404	1900323	82	407861	407942	3.23e-34	152	82
LLVM01000244.1	NC_009656.1	100.000	2390829	2390752	78	106201	106278	5.40e-32	145	78
LLVM01000244.1	NC_009656.1	100.000	2038284	2038208	77	106281	106357	1.94e-31	143	77
LLVM01000244.1	NC_009656.1	100.000	2038575	2038500	76	106281	106356	6.98e-31	141	76
LLVM01000244.1	NC_009656.1	100.000	2390667	2390592	76	106043	106118	6.98e-31	141	76
LLVM01000244.1	NC_009656.1	98.734	2635974	2635896	79	106043	106121	6.98e-31	141	78
LLVM01000244.1	NC_009656.1	100.000	2635974	2635899	76	106203	106278	6.98e-31	141	76
LLVM01000244.1	NC_009656.1	100.000	5089668	5089635	34	136908	136941	1.55e-07	63.9	34
LLVM01000244.1	NC_009656.1	100.000	3387614	3387642	29	175216	175244	9.36e-05	54.7	29
LLVM01000244.1	NC_009656.1	100.000	6397271	6397298	28	52897	52924	3.36e-04	52.8	28
LLVM01000245.1	NC_009656.1	98.376	2827977	2829452	1478	1	1478	0.0	2595	1454
LLVM01000247.1	NC_009656.1	98.803	2824955	2823703	1253	5402	6654	0.0	2231	1238
LLVM01000247.1	NC_009656.1	98.874	2812094	2810852	1243	5412	6654	0.0	2218	1229
LLVM01000247.1	NC_009656.1	98.582	2811702	2811421	282	1	282	2.61e-140	499	278
LLVM01000247.1	NC_009656.1	98.582	2824553	2824272	282	1	282	2.61e-140	499	278
LLVM01000247.1	NC_009656.1	99.038	2826802	2826699	104	4469	4572	2.31e-46	187	103
LLVM01000247.1	NC_009656.1	100.000	2834565	2834533	33	3372	3404	1.46e-08	62.1	33
LLVM01000247.1	NC_009656.1	100.000	56285	56254	32	1806	1837	5.24e-08	60.2	32
LLVM01000247.1	NC_009656.1	100.000	2834531	2834562	32	3567	3598	5.24e-08	60.2	32
LLVM01000247.1	NC_009656.1	100.000	2834564	2834533	32	1806	1837	5.24e-08	60.2	32
LLVM01000247.1	NC_009656.1	100.000	2829715	2829745	31	3568	3598	1.89e-07	58.4	31
LLVM01000247.1	NC_009656.1	100.000	2829715	2829745	31	4433	4463	1.89e-07	58.4	31
LLVM01000248.1	NC_009656.1	98.241	4369495	4368757	739	1	738	0.0	1291	726
LLVM01000248.1	NC_009656.1	98.106	2538878	2539616	739	1	738	0.0	1286	725
LLVM01000248.1	NC_009656.1	98.106	4925894	4926632	739	1	737	0.0	1286	725
LLVM01000248.1	NC_009656.1	98.103	2429918	2429181	738	1	737	0.0	1284	724
LLVM01000248.1	NC_009656.1	98.103	2887728	2888465	738	1	737	0.0	1284	724
LLVM01000248.1	NC_009656.1	98.103	4825784	4826521	738	1	737	0.0	1284	724
LLVM01000248.1	NC_009656.1	98.714	4562765	4562455	311	1	311	1.49e-156	553	307
LLVM01000248.1	NC_009656.1	99.160	2521478	2521360	119	7930	8048	7.98e-55	215	118
LLVM01000250.1	NC_009656.1	100.000	2829745	2829715	31	5283	5313	1.19e-07	58.4	31
LLVM01000251.1	NC_009656.1	98.350	2521061	2520274	788	43	830	0.0	1384	775
LLVM01000253.1	NC_009656.1	98.032	2817313	2818378	1067	1697	2763	0.0	1853	1046
LLVM01000253.1	NC_009656.1	99.593	2813792	2814037	246	5109	5354	1.33e-125	449	245
LLVM01000253.1	NC_009656.1	100.000	2813627	2813702	76	5032	5107	9.12e-33	141	76
LLVM01000254.1	NC_009656.1	99.416	5566425	5571714	5307	1	5307	0.0	9612	5276
LLVM01000254.1	NC_009656.1	99.397	4983109	4988398	5307	1	5307	0.0	9607	5275
LLVM01000254.1	NC_009656.1	99.360	812056	806764	5310	1	5310	0.0	9601	5276
LLVM01000254.1	NC_009656.1	99.378	6353661	6358950	5307	1	5307	0.0	9601	5274
LLVM01000255.1	NC_009656.1	100.000	5326191	5326159	33	294021	294053	5.15e-07	62.1	33
LLVM01000255.1	NC_009656.1	100.000	3583926	3583955	30	294021	294050	2.40e-05	56.5	30
LLVM01000258.1	NC_009656.1	98.018	2826710	2826156	555	4208	4762	0.0	965	544
LLVM01000258.1	NC_009656.1	98.014	2828530	2827977	554	4209	4762	0.0	963	543
LLVM01000258.1	NC_009656.1	98.011	2824945	2824393	553	4210	4762	0.0	961	542
LLVM01000258.1	NC_009656.1	100.000	2819327	2819293	35	1463	1497	5.02e-10	65.8	35
LLVM01000258.1	NC_009656.1	100.000	56285	56252	34	2364	2397	1.81e-09	63.9	34
LLVM01000258.1	NC_009656.1	100.000	2834564	2834531	34	2364	2397	1.81e-09	63.9	34
LLVM01000258.1	NC_009656.1	100.000	2813018	2813050	33	2366	2398	6.49e-09	62.1	33
LLVM01000258.1	NC_009656.1	100.000	2831144	2831176	33	2366	2398	6.49e-09	62.1	33
LLVM01000258.1	NC_009656.1	100.000	2829715	2829745	31	3510	3540	8.40e-08	58.4	31
LLVM01000260.1	NC_009656.1	99.182	139493	139981	489	1	489	0.0	881	485
LLVM01000264.1	NC_009656.1	98.555	2829752	2831135	1384	989	2371	0.0	2444	1364
LLVM01000264.1	NC_009656.1	98.925	2813011	2813381	372	2951	3322	0.0	664	368
LLVM01000264.1	NC_009656.1	98.913	2831137	2831504	368	2952	3319	0.0	658	364
LLVM01000264.1	NC_009656.1	98.910	55486	55852	367	2956	3322	0.0	656	363
LLVM01000264.1	NC_009656.1	100.000	56283	56252	32	2959	2990	1.63e-08	60.2	32
LLVM01000264.1	NC_009656.1	100.000	2834562	2834531	32	2959	2990	1.63e-08	60.2	32
LLVM01000264.1	NC_009656.1	100.000	2829745	2829715	31	2959	2989	5.85e-08	58.4	31
LLVM01000266.1	NC_009656.1	99.558	4651442	4626110	25336	217483	242817	0.0	46163	25224
LLVM01000266.1	NC_009656.1	100.000	4625953	4616293	9661	242818	252478	0.0	17841	9661
LLVM01000266.1	NC_009656.1	100.000	4616163	4611180	4984	254643	259626	0.0	9204	4984
LLVM01000266.1	NC_009656.1	98.057	5104309	5103126	1184	339323	340506	0.0	2060	1161
LLVM01000266.1	NC_009656.1	98.795	2029292	2029210	83	209682	209764	3.54e-33	148	82
LLVM01000266.1	NC_009656.1	98.780	4659389	4659308	82	209854	209935	1.27e-32	147	81
LLVM01000266.1	NC_009656.1	100.000	111843	111880	38	28540	28577	7.88e-10	71.3	38
LLVM01000266.1	NC_009656.1	100.000	111880	111843	38	34966	35003	7.88e-10	71.3	38
LLVM01000266.1	NC_009656.1	100.000	5221132	5221098	35	339323	339357	3.66e-08	65.8	35
LLVM01000266.1	NC_009656.1	100.000	2370352	2370383	32	209471	209502	1.70e-06	60.2	32
LLVM01000266.1	NC_009656.1	100.000	2414409	2414380	30	265654	265683	2.21e-05	56.5	30
LLVM01000277.1	NC_009656.1	100.000	4825522	4825286	237	1	237	1.54e-120	438	237
LLVM01000277.1	NC_009656.1	99.415	1262302	1262132	171	284800	284970	3.51e-82	311	170
LLVM01000277.1	NC_009656.1	100.000	5270168	5270206	39	107756	107794	1.80e-10	73.1	39
LLVM01000278.1	NC_009656.1	98.457	2834240	2834563	324	1	324	1.07e-162	571	319
LLVM01000278.1	NC_009656.1	98.148	55961	56284	324	1	324	5.00e-161	566	318
LLVM01000278.1	NC_009656.1	99.331	2813013	2813311	299	1823	2121	8.42e-154	542	297
LLVM01000278.1	NC_009656.1	98.990	55486	55782	297	1825	2121	5.07e-151	532	294
LLVM01000278.1	NC_009656.1	99.219	2833853	2833980	128	329	456	2.07e-60	231	127
LLVM01000278.1	NC_009656.1	98.980	2813490	2813587	98	1	98	9.84e-44	176	97
LLVM01000278.1	NC_009656.1	98.734	2833983	2834061	79	2043	2121	3.59e-33	141	78
LLVM01000278.1	NC_009656.1	100.000	56283	56252	32	1828	1859	1.03e-08	60.2	32
LLVM01000278.1	NC_009656.1	100.000	2813049	2813018	32	292	323	1.03e-08	60.2	32
LLVM01000278.1	NC_009656.1	100.000	2829715	2829746	32	293	324	1.03e-08	60.2	32
LLVM01000278.1	NC_009656.1	100.000	2831175	2831144	32	292	323	1.03e-08	60.2	32
LLVM01000278.1	NC_009656.1	100.000	2834562	2834531	32	1828	1859	1.03e-08	60.2	32
LLVM01000278.1	NC_009656.1	100.000	2829745	2829715	31	1828	1858	3.72e-08	58.4	31
LLVM01000279.1	NC_009656.1	98.681	2822771	2821180	1592	52	1642	0.0	2822	1571
LLVM01000279.1	NC_009656.1	98.190	56284	55843	442	1648	2089	0.0	773	434
LLVM01000279.1	NC_009656.1	98.190	2834563	2834122	442	1648	2089	0.0	773	434
LLVM01000279.1	NC_009656.1	99.537	2813587	2813372	216	1874	2089	2.46e-109	394	215
LLVM01000279.1	NC_009656.1	100.000	2813018	2813049	32	1649	1680	1.02e-08	60.2	32
LLVM01000279.1	NC_009656.1	100.000	2829746	2829715	32	1648	1679	1.02e-08	60.2	32
LLVM01000279.1	NC_009656.1	100.000	2831144	2831175	32	1649	1680	1.02e-08	60.2	32
LLVM01000283.1	NC_009656.1	99.336	2813011	2813311	301	1588	1888	5.79e-155	545	299
LLVM01000283.1	NC_009656.1	99.663	2831141	2831437	297	1592	1888	2.08e-154	544	296
LLVM01000283.1	NC_009656.1	98.993	55485	55782	298	1591	1888	1.25e-151	534	295
LLVM01000283.1	NC_009656.1	98.734	2833983	2834061	79	1810	1888	3.19e-33	141	78
LLVM01000283.1	NC_009656.1	100.000	56283	56252	32	1595	1626	9.19e-09	60.2	32
LLVM01000283.1	NC_009656.1	100.000	2834562	2834531	32	1595	1626	9.19e-09	60.2	32
LLVM01000283.1	NC_009656.1	100.000	2829745	2829715	31	1595	1625	3.31e-08	58.4	31
LLVM01000288.1	NC_009656.1	98.144	4827739	4835927	8190	27104	35291	0.0	14279	8038
LLVM01000288.1	NC_009656.1	100.000	116192	111842	4351	191410	195760	0.0	8035	4351
LLVM01000288.1	NC_009656.1	100.000	5509772	5508623	1150	189228	190377	0.0	2124	1150
LLVM01000288.1	NC_009656.1	99.711	5511660	5512697	1039	190378	191416	0.0	1901	1036
LLVM01000288.1	NC_009656.1	99.774	5498446	5497562	885	190374	191257	0.0	1622	883
LLVM01000288.1	NC_009656.1	99.688	3861394	3860755	640	186237	186876	0.0	1171	638
LLVM01000288.1	NC_009656.1	100.000	4825522	4825286	237	1	237	1.49e-120	438	237
LLVM01000288.1	NC_009656.1	100.000	116354	116188	167	184720	184886	1.22e-81	309	167
LLVM01000288.1	NC_009656.1	100.000	1203622	1203654	33	73298	73330	3.76e-07	62.1	33
LLVM01000299.1	NC_009656.1	98.272	689324	716962	27663	36527	64154	0.0	48381	27185
LLVM01000299.1	NC_009656.1	100.000	2359776	2359743	34	167151	167184	1.02e-07	63.9	34
LLVM01000299.1	NC_009656.1	100.000	566142	566114	29	13901	13929	6.15e-05	54.7	29
LLVM01000299.1	NC_009656.1	100.000	3447902	3447875	28	86791	86818	2.21e-04	52.8	28
LLVM01000300.1	NC_009656.1	100.000	5674245	5674215	31	1250	1280	2.23e-08	58.4	31
