NZ_CAADQX010000014.1	NC_009656.1	100.000	5325971	5326000	30	1	30	5.63e-07	56.5	30
NZ_CAADQX010000018.1	NC_009656.1	99.313	4603296	4619894	16599	3	16601	0.0	30022	16485
NZ_CAADQX010000023.1	NC_009656.1	100.000	4659359	4659330	30	7975	8004	5.09e-07	56.5	30
NZ_CAADQX010000023.1	NC_009656.1	100.000	5325798	5325769	30	7975	8004	5.09e-07	56.5	30
NZ_CAADQX010000032.1	NC_009656.1	100.000	1900375	1900404	30	1	30	2.26e-07	56.5	30
NZ_CAADQX010000037.1	NC_009656.1	100.000	5674214	5674242	29	3214	3242	7.38e-07	54.7	29
NZ_CAADQX010000041.1	NC_009656.1	100.000	381421	381450	30	1	30	2.94e-07	56.5	30
NZ_CAADQX010000043.1	NC_009656.1	98.100	6099755	6100912	1158	1	1158	0.0	2017	1136
NZ_CAADQX010000051.1	NC_009656.1	100.000	2299174	2299145	30	1	30	1.11e-06	56.5	30
NZ_CAADQX010000064.1	NC_009656.1	100.000	2370383	2370356	28	1937	1964	1.60e-06	52.8	28
NZ_CAADQX010000066.1	NC_009656.1	98.000	6418649	6408953	9700	1	9697	0.0	16833	9506
NZ_CAADQX010000070.1	NC_009656.1	98.223	2521061	2520274	788	449	1236	0.0	1378	774
NZ_CAADQX010000070.1	NC_009656.1	99.761	2521477	2521060	418	1	418	0.0	767	417
NZ_CAADQX010000073.1	NC_009656.1	100.000	1593807	1593780	28	2095	2122	1.73e-06	52.8	28
NZ_CAADQX010000073.1	NC_009656.1	100.000	2889344	2889317	28	2095	2122	1.73e-06	52.8	28
NZ_CAADQX010000091.1	NC_009656.1	100.000	4926606	4926634	29	1	29	2.85e-06	54.7	29
NZ_CAADQX010000091.1	NC_009656.1	100.000	4826495	4826522	28	1	28	1.02e-05	52.8	28
NZ_CAADQX010000096.1	NC_009656.1	100.000	4563265	4563237	29	26192	26220	6.01e-06	54.7	29
NZ_CAADQX010000096.1	NC_009656.1	100.000	2538379	2538406	28	26193	26220	2.16e-05	52.8	28
NZ_CAADQX010000100.1	NC_009656.1	100.000	6397298	6397271	28	15146	15173	2.00e-05	52.8	28
NZ_CAADQX010000107.1	NC_009656.1	100.000	5326160	5326191	32	1	32	3.87e-08	60.2	32
NZ_CAADQX010000107.1	NC_009656.1	100.000	3583955	3583926	30	3	32	5.00e-07	56.5	30
NZ_CAADQX010000107.1	NC_009656.1	100.000	5295027	5295054	28	4	31	6.47e-06	52.8	28
NZ_CAADQX010000111.1	NC_009656.1	98.001	662856	667606	4752	1	4750	0.0	8246	4657
NZ_CAADQX010000111.1	NC_009656.1	100.000	5110423	5110450	28	1	28	3.90e-06	52.8	28
NZ_CAADQX010000115.1	NC_009656.1	98.333	717949	717831	120	180	298	4.27e-53	209	118
NZ_CAADQX010000117.1	NC_009656.1	100.000	1934655	1934683	29	1	29	1.59e-06	54.7	29
NZ_CAADQX010000123.1	NC_009656.1	100.000	1203654	1203622	33	3410	3442	1.14e-08	62.1	33
NZ_CAADQX010000124.1	NC_009656.1	100.000	509837	509810	28	1856	1883	4.94e-06	52.8	28
NZ_CAADQX010000126.1	NC_009656.1	100.000	2768330	2768302	29	1	29	2.45e-06	54.7	29
NZ_CAADQX010000127.1	NC_009656.1	100.000	139984	139955	30	5536	5565	3.53e-07	56.5	30
NZ_CAADQX010000137.1	NC_009656.1	100.000	207158	207193	36	1797	1832	1.96e-10	67.6	36
NZ_CAADQX010000137.1	NC_009656.1	100.000	4275848	4275878	31	1800	1830	1.18e-07	58.4	31
NZ_CAADQX010000140.1	NC_009656.1	100.000	4111448	4111419	30	8397	8426	5.36e-07	56.5	30
NZ_CAADQX010000145.1	NC_009656.1	100.000	2390667	2390640	28	15710	15737	1.30e-05	52.8	28
NZ_CAADQX010000145.1	NC_009656.1	100.000	2635974	2635947	28	15710	15737	1.30e-05	52.8	28
NZ_CAADQX010000146.1	NC_009656.1	100.000	2038208	2038237	30	11236	11265	7.17e-07	56.5	30
NZ_CAADQX010000146.1	NC_009656.1	100.000	2038500	2038528	29	11237	11265	2.58e-06	54.7	29
NZ_CAADQX010000148.1	NC_009656.1	99.688	3860755	3861394	640	1887	2526	0.0	1171	638
NZ_CAADQX010000154.1	NC_009656.1	99.740	3175191	3162495	12698	15039	27734	0.0	23263	12665
NZ_CAADQX010000154.1	NC_009656.1	100.000	6230758	6230787	30	39217	39246	2.50e-06	56.5	30
NZ_CAADQX010000157.1	NC_009656.1	98.134	2321994	2319691	2304	4521	6824	0.0	4017	2261
NZ_CAADQX010000157.1	NC_009656.1	100.000	3387614	3387642	29	4990	5018	1.56e-06	54.7	29
NZ_CAADQX010000158.1	NC_009656.1	98.926	2319707	2318777	931	1	931	0.0	1664	921
NZ_CAADQX010000159.1	NC_009656.1	100.000	2390799	2390828	30	1	30	7.75e-07	56.5	30
NZ_CAADQX010000167.1	NC_009656.1	98.094	4829008	4832418	3411	1	3411	0.0	5939	3346
NZ_CAADQX010000169.1	NC_009656.1	100.000	5110451	5110424	28	140	167	1.68e-05	52.8	28
NZ_CAADQX010000175.1	NC_009656.1	100.000	3447875	3447902	28	12083	12110	1.52e-05	52.8	28
NZ_CAADQX010000182.1	NC_009656.1	99.195	842760	832947	9814	1	9812	0.0	17684	9735
NZ_CAADQX010000182.1	NC_009656.1	98.387	816503	816442	62	9751	9812	4.72e-23	110	61
NZ_CAADQX010000185.1	NC_009656.1	99.451	5508471	5508652	182	5962	6143	5.79e-90	331	181
NZ_CAADQX010000185.1	NC_009656.1	100.000	5512691	5512540	152	3014	3165	5.91e-75	281	152
NZ_CAADQX010000186.1	NC_009656.1	100.000	3471854	3471885	32	1208	1239	6.00e-09	60.2	32
NZ_CAADQX010000191.1	NC_009656.1	100.000	1593781	1593810	30	1	30	2.06e-07	56.5	30
NZ_CAADQX010000198.1	NC_009656.1	100.000	251363	251390	28	1	28	1.35e-06	52.8	28
NZ_CAADQX010000199.1	NC_009656.1	100.000	2497689	2497716	28	10581	10608	1.26e-05	52.8	28
NZ_CAADQX010000202.1	NC_009656.1	100.000	566142	566114	29	5395	5423	2.36e-06	54.7	29
NZ_CAADQX010000203.1	NC_009656.1	100.000	4728240	4728212	29	1	29	3.68e-06	54.7	29
NZ_CAADQX010000204.1	NC_009656.1	98.149	4858307	4855287	3026	9654	12679	0.0	5273	2970
NZ_CAADQX010000208.1	NC_009656.1	100.000	5089660	5089631	30	1	30	1.31e-06	56.5	30
NZ_CAADQX010000214.1	NC_009656.1	100.000	5089664	5089635	30	1	30	6.93e-07	56.5	30
NZ_CAADQX010000215.1	NC_009656.1	98.728	2985577	2988248	2673	1	2673	0.0	4747	2639
NZ_CAADQX010000219.1	NC_009656.1	100.000	5306028	5305947	82	3206	3287	2.61e-36	152	82
NZ_CAADQX010000219.1	NC_009656.1	100.000	5295107	5295027	81	3241	3321	9.38e-36	150	81
NZ_CAADQX010000219.1	NC_009656.1	100.000	3583927	3583954	28	3294	3321	2.72e-06	52.8	28
NZ_CAADQX010000219.1	NC_009656.1	100.000	5110450	5110423	28	3294	3321	2.72e-06	52.8	28
NZ_CAADQX010000233.1	NC_009656.1	100.000	55501	55530	30	845	874	5.43e-08	56.5	30
NZ_CAADQX010000233.1	NC_009656.1	100.000	2813030	2813059	30	845	874	5.43e-08	56.5	30
NZ_CAADQX010000233.1	NC_009656.1	100.000	2831156	2831185	30	845	874	5.43e-08	56.5	30
NZ_CAADQX010000235.1	NC_009656.1	100.000	3927006	3926978	29	19473	19501	4.54e-06	54.7	29
NZ_CAADQX010000236.1	NC_009656.1	98.460	6389785	6385695	4091	1	4091	0.0	7206	4028
NZ_CAADQX010000238.1	NC_009656.1	99.118	5511103	5510424	680	1	680	0.0	1223	674
NZ_CAADQX010000247.1	NC_009656.1	100.000	2321525	2321497	29	4224	4252	1.64e-06	54.7	29
NZ_CAADQX010000248.1	NC_009656.1	100.000	4775712	4775739	28	6780	6807	5.59e-06	52.8	28
NZ_CAADQX010000249.1	NC_009656.1	100.000	1113485	1113456	30	6582	6611	4.20e-07	56.5	30
NZ_CAADQX010000252.1	NC_009656.1	98.262	2549873	2539747	10129	14266	24392	0.0	17727	9953
NZ_CAADQX010000254.1	NC_009656.1	100.000	1730800	1730773	28	3379	3406	2.79e-06	52.8	28
NZ_CAADQX010000256.1	NC_009656.1	100.000	5674215	5674245	31	1	31	1.75e-08	58.4	31
NZ_CAADQX010000259.1	NC_009656.1	100.000	137406	137376	31	1	31	4.03e-07	58.4	31
NZ_CAADQX010000259.1	NC_009656.1	100.000	94238	94211	28	4	31	1.88e-05	52.8	28
NZ_CAADQX010000261.1	NC_009656.1	98.344	1605075	1601996	3080	1	3080	0.0	5406	3029
NZ_CAADQX010000265.1	NC_009656.1	99.957	4630902	4644712	13811	1	13809	0.0	25470	13805
NZ_CAADQX010000266.1	NC_009656.1	100.000	2781553	2781582	30	1	30	1.52e-06	56.5	30
NZ_CAADQX010000268.1	NC_009656.1	100.000	275129	275157	29	3735	3763	8.57e-07	54.7	29
NZ_CAADQX010000270.1	NC_009656.1	98.445	4835927	4832391	3538	923	4458	0.0	6226	3483
NZ_CAADQX010000274.1	NC_009656.1	100.000	2038258	2038287	30	1	30	2.79e-07	56.5	30
NZ_CAADQX010000276.1	NC_009656.1	100.000	377639	377668	30	3680	3709	6.56e-07	56.5	30
NZ_CAADQX010000278.1	NC_009656.1	100.000	5831026	5831055	30	14106	14135	9.00e-07	56.5	30
NZ_CAADQX010000280.1	NC_009656.1	100.000	3932484	3932511	28	1	28	7.55e-06	52.8	28
NZ_CAADQX010000291.1	NC_009656.1	98.020	643328	632825	10504	1	10504	0.0	18246	10296
NZ_CAADQX010000292.1	NC_009656.1	100.000	137406	137377	30	1	30	1.04e-06	56.5	30
NZ_CAADQX010000294.1	NC_009656.1	100.000	3189883	3189912	30	1	30	6.34e-07	56.5	30
NZ_CAADQX010000299.1	NC_009656.1	100.000	5800091	5800062	30	12687	12716	8.09e-07	56.5	30
NZ_CAADQX010000299.1	NC_009656.1	100.000	6517407	6517436	30	12687	12716	8.09e-07	56.5	30
NZ_CAADQX010000300.1	NC_009656.1	98.490	4986514	4988417	1920	1	1920	0.0	3371	1891
NZ_CAADQX010000300.1	NC_009656.1	98.438	808651	806748	1920	1	1920	0.0	3365	1890
NZ_CAADQX010000300.1	NC_009656.1	98.438	5569830	5571733	1920	1	1920	0.0	3365	1890
NZ_CAADQX010000300.1	NC_009656.1	98.385	6357066	6358969	1920	1	1920	0.0	3360	1889
NZ_CAADQX010000301.1	NC_009656.1	100.000	630150	630178	29	7436	7464	1.71e-06	54.7	29
NZ_CAADQX010000311.1	NC_009656.1	100.000	4825284	4825315	32	15355	15386	7.57e-08	60.2	32
NZ_CAADQX010000311.1	NC_009656.1	100.000	2430417	2430387	31	15356	15386	2.72e-07	58.4	31
NZ_CAADQX010000311.1	NC_009656.1	100.000	2538380	2538409	30	15357	15386	9.80e-07	56.5	30
NZ_CAADQX010000311.1	NC_009656.1	100.000	2887230	2887259	30	15357	15386	9.80e-07	56.5	30
NZ_CAADQX010000311.1	NC_009656.1	100.000	4369993	4369964	30	15357	15386	9.80e-07	56.5	30
NZ_CAADQX010000311.1	NC_009656.1	100.000	4563263	4563234	30	15357	15386	9.80e-07	56.5	30
NZ_CAADQX010000311.1	NC_009656.1	100.000	4925396	4925425	30	15357	15386	9.80e-07	56.5	30
NZ_CAADQX010000311.1	NC_009656.1	100.000	6228621	6228650	30	15357	15386	9.80e-07	56.5	30
NZ_CAADQX010000325.1	NC_009656.1	100.000	1254881	1254852	30	4013	4042	2.56e-07	56.5	30
NZ_CAADQX010000328.1	NC_009656.1	98.136	2585672	2575532	10141	1	10140	0.0	17679	9952
NZ_CAADQX010000329.1	NC_009656.1	100.000	2029239	2002653	26587	1	26587	0.0	49097	26587
NZ_CAADQX010000329.1	NC_009656.1	100.000	2002653	2002682	30	26558	26587	1.69e-06	56.5	30
NZ_CAADQX010000331.1	NC_009656.1	100.000	3966447	3966418	30	839	868	5.39e-08	56.5	30
NZ_CAADQX010000338.1	NC_009656.1	100.000	103451	103479	29	11863	11891	3.34e-06	54.7	29
NZ_CAADQX010000339.1	NC_009656.1	99.849	4646285	4644958	1328	1	1328	0.0	2442	1326
NZ_CAADQX010000343.1	NC_009656.1	99.650	5569828	5568117	1714	1	1714	0.0	3131	1708
NZ_CAADQX010000343.1	NC_009656.1	99.650	6357064	6355353	1714	1	1714	0.0	3131	1708
NZ_CAADQX010000343.1	NC_009656.1	99.533	808653	810364	1714	1	1714	0.0	3120	1706
NZ_CAADQX010000343.1	NC_009656.1	99.533	4986512	4984801	1714	1	1714	0.0	3120	1706
NZ_CAADQX010000349.1	NC_009656.1	100.000	5270206	5270177	30	5671	5700	3.62e-07	56.5	30
NZ_CAADQX010000357.1	NC_009656.1	98.592	5412909	5412979	71	1546	1616	4.78e-28	126	70
NZ_CAADQX010000366.1	NC_009656.1	100.000	879038	879009	30	11471	11500	7.32e-07	56.5	30
NZ_CAADQX010000366.1	NC_009656.1	100.000	1054773	1054744	30	11471	11500	7.32e-07	56.5	30
NZ_CAADQX010000383.1	NC_009656.1	100.000	5587627	5587599	29	3	31	1.31e-06	54.7	29
NZ_CAADQX010000385.1	NC_009656.1	98.411	816471	815339	1133	1	1133	0.0	1993	1115
NZ_CAADQX010000401.1	NC_009656.1	100.000	6298955	6298926	30	8419	8448	5.37e-07	56.5	30
NZ_CAADQX010000408.1	NC_009656.1	100.000	941385	941358	28	1023	1050	8.48e-07	52.8	28
NZ_CAADQX010000408.1	NC_009656.1	100.000	1088056	1088029	28	1023	1050	8.48e-07	52.8	28
NZ_CAADQX010000408.1	NC_009656.1	100.000	5609813	5609786	28	1023	1050	8.48e-07	52.8	28
NZ_CAADQX010000408.1	NC_009656.1	100.000	6056792	6056765	28	1023	1050	8.48e-07	52.8	28
NZ_CAADQX010000408.1	NC_009656.1	100.000	6498314	6498287	28	1023	1050	8.48e-07	52.8	28
NZ_CAADQX010000417.1	NC_009656.1	98.990	4623067	4629892	6829	1	6829	0.0	12225	6760
NZ_CAADQX010000422.1	NC_009656.1	98.532	3021829	3019720	2111	1	2109	0.0	3723	2080
NZ_CAADQX010000422.1	NC_009656.1	100.000	3002256	3002227	30	1	30	1.34e-07	56.5	30
NZ_CAADQX010000426.1	NC_009656.1	98.795	216499	218738	2240	1	2240	0.0	3988	2213
NZ_CAADQX010000430.1	NC_009656.1	98.057	5103126	5104309	1184	2209	3392	0.0	2060	1161
NZ_CAADQX010000430.1	NC_009656.1	100.000	5221098	5221132	35	3358	3392	6.02e-10	65.8	35
NZ_CAADQX010000432.1	NC_009656.1	100.000	5674244	5674215	30	1	30	1.87e-06	56.5	30
NZ_CAADQX010000435.1	NC_009656.1	98.783	4650375	4651442	1068	1	1067	0.0	1899	1055
NZ_CAADQX010000436.1	NC_009656.1	99.219	5759022	5758895	128	1	128	9.14e-61	231	127
NZ_CAADQX010000445.1	NC_009656.1	98.182	3232651	3232705	55	454	508	1.83e-20	97.1	54
NZ_CAADQX010000467.1	NC_009656.1	100.000	6347752	6347719	34	9412	9445	4.82e-09	63.9	34
NZ_CAADQX010000467.1	NC_009656.1	100.000	1730797	1730770	28	1	28	1.04e-05	52.8	28
NZ_CAADQX010000471.1	NC_009656.1	99.120	843888	842752	1137	1	1137	0.0	2045	1127
NZ_CAADQX010000474.1	NC_009656.1	98.939	1242136	1247884	5749	1	5749	0.0	10279	5688
NZ_CAADQX010000480.1	NC_009656.1	100.000	2370383	2370356	28	9134	9161	7.54e-06	52.8	28
NZ_CAADQX010000483.1	NC_009656.1	100.000	2359747	2359776	30	1	30	1.21e-07	56.5	30
NZ_CAADQX010000484.1	NC_009656.1	99.813	1981338	1986144	4807	1	4807	0.0	8828	4798
NZ_CAADQX010000485.1	NC_009656.1	100.000	1254839	1254868	30	2040	2069	1.30e-07	56.5	30
NZ_CAADQX010000489.1	NC_009656.1	100.000	537626	537655	30	1	30	2.57e-07	56.5	30
NZ_CAADQX010000491.1	NC_009656.1	98.162	1728539	1729572	1034	1	1034	0.0	1805	1015
NZ_CAADQX010000497.1	NC_009656.1	100.000	4621722	4623096	1375	1	1375	0.0	2540	1375
NZ_CAADQX010000499.1	NC_009656.1	100.000	5508623	5509772	1150	1	1150	0.0	2124	1150
NZ_CAADQX010000516.1	NC_009656.1	100.000	4650252	4649330	923	1	923	0.0	1705	923
NZ_CAADQX010000517.1	NC_009656.1	99.887	4646714	4649358	2645	1	2645	0.0	4868	2642
NZ_CAADQX010000521.1	NC_009656.1	100.000	2370377	2370350	28	2633	2660	2.18e-06	52.8	28
NZ_CAADQX010000521.1	NC_009656.1	100.000	3583954	3583927	28	2633	2660	2.18e-06	52.8	28
NZ_CAADQX010000521.1	NC_009656.1	100.000	5326163	5326190	28	2633	2660	2.18e-06	52.8	28
NZ_CAADQX010000524.1	NC_009656.1	98.249	432500	431930	571	1	571	0.0	1000	561
NZ_CAADQX010000525.1	NC_009656.1	99.654	4601669	4592127	9546	88	9631	0.0	17440	9513
NZ_CAADQX010000525.1	NC_009656.1	98.333	4603015	4602956	60	1	60	6.00e-22	106	59
NZ_CAADQX010000526.1	NC_009656.1	100.000	139981	139953	29	12489	12517	2.86e-06	54.7	29
NZ_CAADQX010000528.1	NC_009656.1	98.035	816442	830998	14558	1	14557	0.0	25298	14272
NZ_CAADQX010000531.1	NC_009656.1	100.000	56257	56285	29	1	29	1.78e-07	54.7	29
NZ_CAADQX010000531.1	NC_009656.1	100.000	2829719	2829747	29	1	29	1.78e-07	54.7	29
NZ_CAADQX010000531.1	NC_009656.1	100.000	2834536	2834564	29	1	29	1.78e-07	54.7	29
NZ_CAADQX010000534.1	NC_009656.1	100.000	2269243	2269272	30	2121	2150	1.36e-07	56.5	30
NZ_CAADQX010000536.1	NC_009656.1	100.000	1934652	1934681	30	1	30	4.80e-08	56.5	30
NZ_CAADQX010000538.1	NC_009656.1	100.000	1593773	1593800	28	3911	3938	3.23e-06	52.8	28
NZ_CAADQX010000541.1	NC_009656.1	100.000	3583958	3583927	32	792	823	3.95e-09	60.2	32
NZ_CAADQX010000541.1	NC_009656.1	100.000	5295027	5295056	30	796	825	5.11e-08	56.5	30
NZ_CAADQX010000541.1	NC_009656.1	100.000	2370378	2370350	29	795	823	1.84e-07	54.7	29
NZ_CAADQX010000541.1	NC_009656.1	100.000	5326162	5326190	29	795	823	1.84e-07	54.7	29
NZ_CAADQX010000541.1	NC_009656.1	100.000	5110423	5110450	28	796	823	6.62e-07	52.8	28
NZ_CAADQX010000543.1	NC_009656.1	100.000	3934817	3934846	30	7772	7801	4.96e-07	56.5	30
NZ_CAADQX010000547.1	NC_009656.1	100.000	540782	540811	30	1	30	1.09e-07	56.5	30
NZ_CAADQX010000555.1	NC_009656.1	98.724	4850832	4855298	4467	1	4467	0.0	7934	4410
NZ_CAADQX010000557.1	NC_009656.1	100.000	1593775	1593803	29	5957	5985	1.37e-06	54.7	29
NZ_CAADQX010000557.1	NC_009656.1	100.000	2717917	2717945	29	5957	5985	1.37e-06	54.7	29
NZ_CAADQX010000557.1	NC_009656.1	100.000	2889312	2889340	29	5957	5985	1.37e-06	54.7	29
NZ_CAADQX010000558.1	NC_009656.1	98.642	2985606	2975150	10457	1	10456	0.0	18523	10315
NZ_CAADQX010000560.1	NC_009656.1	100.000	2078326	2078354	29	1	29	1.94e-06	54.7	29
NZ_CAADQX010000569.1	NC_009656.1	100.000	1567298	1567269	30	1	30	5.81e-07	56.5	30
NZ_CAADQX010000569.1	NC_009656.1	100.000	5753123	5753094	30	9115	9144	5.81e-07	56.5	30
NZ_CAADQX010000570.1	NC_009656.1	100.000	5567308	5566425	884	1	884	0.0	1633	884
NZ_CAADQX010000570.1	NC_009656.1	99.887	6354544	6353661	884	1	884	0.0	1628	883
NZ_CAADQX010000570.1	NC_009656.1	99.774	811173	812056	884	1	884	0.0	1622	882
NZ_CAADQX010000570.1	NC_009656.1	99.774	4983992	4983109	884	1	884	0.0	1622	882
NZ_CAADQX010000571.1	NC_009656.1	100.000	5838963	5838935	29	2992	3020	9.86e-07	54.7	29
NZ_CAADQX010000573.1	NC_009656.1	100.000	5397323	5397294	30	1	30	9.88e-08	56.5	30
NZ_CAADQX010000575.1	NC_009656.1	100.000	5587600	5587627	28	5115	5142	4.22e-06	52.8	28
NZ_CAADQX010000576.1	NC_009656.1	98.164	3021944	3029394	7460	1	7459	0.0	13008	7323
NZ_CAADQX010000577.1	NC_009656.1	98.836	2587785	2590103	2319	1	2319	0.0	4133	2292
NZ_CAADQX010000593.1	NC_009656.1	100.000	2538408	2538378	31	1	31	7.71e-08	58.4	31
NZ_CAADQX010000593.1	NC_009656.1	100.000	4563235	4563264	30	1	30	2.77e-07	56.5	30
NZ_CAADQX010000593.1	NC_009656.1	100.000	2430388	2430416	29	1	29	9.97e-07	54.7	29
NZ_CAADQX010000593.1	NC_009656.1	100.000	2887258	2887230	29	1	29	9.97e-07	54.7	29
NZ_CAADQX010000593.1	NC_009656.1	100.000	4369965	4369993	29	1	29	9.97e-07	54.7	29
NZ_CAADQX010000593.1	NC_009656.1	100.000	4825314	4825286	29	1	29	9.97e-07	54.7	29
NZ_CAADQX010000593.1	NC_009656.1	100.000	4925424	4925396	29	1	29	9.97e-07	54.7	29
NZ_CAADQX010000593.1	NC_009656.1	100.000	6228649	6228621	29	1	29	9.97e-07	54.7	29
NZ_CAADQX010000594.1	NC_009656.1	98.826	1242134	1237705	4430	1	4429	0.0	7891	4378
NZ_CAADQX010000601.1	NC_009656.1	100.000	139981	139953	29	3145	3173	7.22e-07	54.7	29
NZ_CAADQX010000603.1	NC_009656.1	100.000	3582517	3582546	30	1	30	9.18e-08	56.5	30
NZ_CAADQX010000612.1	NC_009656.1	100.000	2717949	2717919	31	5282	5312	9.37e-08	58.4	31
NZ_CAADQX010000612.1	NC_009656.1	100.000	2889342	2889314	29	5284	5312	1.21e-06	54.7	29
NZ_CAADQX010000612.1	NC_009656.1	100.000	878960	878987	28	5285	5312	4.36e-06	52.8	28
NZ_CAADQX010000617.1	NC_009656.1	100.000	3038685	3038642	44	3866	3909	4.09e-15	82.4	44
NZ_CAADQX010000618.1	NC_009656.1	100.000	1038095	1038123	29	16806	16834	4.23e-06	54.7	29
NZ_CAADQX010000626.1	NC_009656.1	100.000	4589995	4589967	29	37	65	1.20e-06	54.7	29
NZ_CAADQX010000626.1	NC_009656.1	100.000	4590109	4590081	29	37	65	1.20e-06	54.7	29
NZ_CAADQX010000637.1	NC_009656.1	100.000	3490091	3490062	30	2947	2976	1.88e-07	56.5	30
NZ_CAADQX010000639.1	NC_009656.1	100.000	2102715	2102744	30	1	30	1.29e-07	56.5	30
NZ_CAADQX010000643.1	NC_009656.1	98.512	3002256	2997351	4906	1	4906	0.0	8656	4833
NZ_CAADQX010000646.1	NC_009656.1	100.000	4630929	4630425	505	1	505	0.0	933	505
NZ_CAADQX010000655.1	NC_009656.1	100.000	5511074	5511104	31	1	31	1.01e-07	58.4	31
NZ_CAADQX010000661.1	NC_009656.1	100.000	1890503	1890531	29	3133	3161	2.61e-06	54.7	29
NZ_CAADQX010000661.1	NC_009656.1	100.000	6498307	6498280	28	1	28	9.40e-06	52.8	28
NZ_CAADQX010000672.1	NC_009656.1	100.000	2002682	1986133	16550	1	16550	0.0	30563	16550
NZ_CAADQX010000672.1	NC_009656.1	100.000	2002653	2002682	30	1	30	1.05e-06	56.5	30
NZ_CAADQX010000676.1	NC_009656.1	98.686	5758867	5757498	1370	687	2056	0.0	2431	1352
NZ_CAADQX010000682.1	NC_009656.1	99.444	139981	139084	899	1	899	0.0	1631	894
NZ_CAADQX010000685.1	NC_009656.1	100.000	2917918	2917956	39	2456	2494	2.40e-12	73.1	39
NZ_CAADQX010000685.1	NC_009656.1	100.000	865967	865996	30	3786	3815	2.42e-07	56.5	30
NZ_CAADQX010000692.1	NC_009656.1	98.215	4847612	4850861	3250	1	3247	0.0	5677	3192
NZ_CAADQX010000700.1	NC_009656.1	100.000	2390620	2390591	30	1	30	9.99e-08	56.5	30
NZ_CAADQX010000700.1	NC_009656.1	100.000	2390780	2390752	29	1	29	3.59e-07	54.7	29
NZ_CAADQX010000713.1	NC_009656.1	100.000	1642315	1642287	29	2014	2042	4.63e-07	54.7	29
NZ_CAADQX010000719.1	NC_009656.1	100.000	6195222	6195251	30	840	869	5.40e-08	56.5	30
NZ_CAADQX010000720.1	NC_009656.1	100.000	3794381	3794409	29	698	726	6.36e-07	54.7	29
NZ_CAADQX010000725.1	NC_009656.1	100.000	2343639	2343610	30	15502	15531	9.89e-07	56.5	30
NZ_CAADQX010000730.1	NC_009656.1	98.290	556612	558424	1813	1	1813	0.0	3177	1782
NZ_CAADQX010000731.1	NC_009656.1	100.000	1699797	1699769	29	2357	2385	1.56e-06	54.7	29
NZ_CAADQX010000739.1	NC_009656.1	98.673	2883139	2884042	904	1	904	0.0	1604	892
NZ_CAADQX010000739.1	NC_009656.1	100.000	4162867	4162896	30	3033	3062	1.94e-07	56.5	30
NZ_CAADQX010000742.1	NC_009656.1	100.000	1763165	1763197	33	2402	2434	3.74e-09	62.1	33
NZ_CAADQX010000750.1	NC_009656.1	100.000	2768302	2768330	29	2840	2868	6.52e-07	54.7	29
NZ_CAADQX010000751.1	NC_009656.1	100.000	4659312	4659340	29	2947	2975	6.77e-07	54.7	29
NZ_CAADQX010000761.1	NC_009656.1	98.045	2815074	2814104	972	1	972	0.0	1688	953
NZ_CAADQX010000761.1	NC_009656.1	100.000	2827635	2827593	43	930	972	3.59e-15	80.5	43
NZ_CAADQX010000767.1	NC_009656.1	100.000	1181167	1181194	28	29	56	5.35e-06	52.8	28
NZ_CAADQX010000774.1	NC_009656.1	98.709	400275	401901	1627	1	1627	0.0	2889	1606
NZ_CAADQX010000777.1	NC_009656.1	100.000	4760165	4760196	32	294	325	1.52e-08	60.2	32
NZ_CAADQX010000780.1	NC_009656.1	100.000	5169553	5169524	30	6861	6890	5.06e-07	56.5	30
NZ_CAADQX010000781.1	NC_009656.1	100.000	4369994	4369964	31	5728	5758	1.02e-07	58.4	31
NZ_CAADQX010000781.1	NC_009656.1	100.000	6228620	6228650	31	5728	5758	1.02e-07	58.4	31
NZ_CAADQX010000781.1	NC_009656.1	100.000	2430416	2430387	30	5729	5758	3.66e-07	56.5	30
NZ_CAADQX010000781.1	NC_009656.1	100.000	2538380	2538409	30	5729	5758	3.66e-07	56.5	30
NZ_CAADQX010000781.1	NC_009656.1	100.000	4563263	4563234	30	5729	5758	3.66e-07	56.5	30
NZ_CAADQX010000781.1	NC_009656.1	100.000	4925396	4925425	30	5729	5758	3.66e-07	56.5	30
NZ_CAADQX010000785.1	NC_009656.1	100.000	21361	21334	28	7748	7775	7.25e-06	52.8	28
NZ_CAADQX010000786.1	NC_009656.1	98.373	1890372	1894243	3873	1	3872	0.0	6802	3810
NZ_CAADQX010000788.1	NC_009656.1	99.386	3184990	3184177	814	1	814	0.0	1476	809
NZ_CAADQX010000790.1	NC_009656.1	100.000	2819327	2819293	35	1156	1190	1.26e-10	65.8	35
NZ_CAADQX010000791.1	NC_009656.1	100.000	4368757	4368786	30	2164	2193	1.38e-07	56.5	30
NZ_CAADQX010000791.1	NC_009656.1	100.000	2888465	2888437	29	2165	2193	4.97e-07	54.7	29
NZ_CAADQX010000791.1	NC_009656.1	100.000	4826521	4826493	29	2165	2193	4.97e-07	54.7	29
NZ_CAADQX010000791.1	NC_009656.1	100.000	4926632	4926604	29	2165	2193	4.97e-07	54.7	29
NZ_CAADQX010000792.1	NC_009656.1	100.000	6092453	6092482	30	1	30	7.16e-07	56.5	30
NZ_CAADQX010000799.1	NC_009656.1	100.000	4728076	4728105	30	1	30	2.15e-07	56.5	30
NZ_CAADQX010000804.1	NC_009656.1	100.000	5325799	5325827	29	1	29	1.88e-06	54.7	29
NZ_CAADQX010000809.1	NC_009656.1	100.000	878961	878990	30	1	30	1.65e-07	56.5	30
NZ_CAADQX010000809.1	NC_009656.1	100.000	1593803	1593776	28	1	28	2.14e-06	52.8	28
NZ_CAADQX010000809.1	NC_009656.1	100.000	2717945	2717918	28	1	28	2.14e-06	52.8	28
NZ_CAADQX010000809.1	NC_009656.1	100.000	2889340	2889313	28	1	28	2.14e-06	52.8	28
NZ_CAADQX010000811.1	NC_009656.1	98.193	5882866	5891993	9129	1	9129	0.0	15943	8964
NZ_CAADQX010000817.1	NC_009656.1	100.000	454880	454851	30	1	30	2.93e-07	56.5	30
NZ_CAADQX010000819.1	NC_009656.1	100.000	6526479	6526508	30	4117	4146	2.63e-07	56.5	30
NZ_CAADQX010000822.1	NC_009656.1	98.810	2728772	2727345	1428	1	1428	0.0	2543	1411
NZ_CAADQX010000834.1	NC_009656.1	100.000	1054791	1054820	30	1	30	6.57e-07	56.5	30
NZ_CAADQX010000835.1	NC_009656.1	100.000	5398199	5398170	30	2648	2677	1.69e-07	56.5	30
NZ_CAADQX010000840.1	NC_009656.1	100.000	454882	454853	30	1158	1187	7.42e-08	56.5	30
NZ_CAADQX010000842.1	NC_009656.1	99.089	492079	495153	3075	1	3075	0.0	5524	3047
NZ_CAADQX010000872.1	NC_009656.1	98.016	3459825	3461689	1865	1	1864	0.0	3238	1828
NZ_CAADQX010000891.1	NC_009656.1	100.000	4925395	4925425	31	702	732	1.26e-08	58.4	31
NZ_CAADQX010000891.1	NC_009656.1	100.000	2430416	2430387	30	703	732	4.52e-08	56.5	30
NZ_CAADQX010000891.1	NC_009656.1	100.000	2538380	2538409	30	703	732	4.52e-08	56.5	30
NZ_CAADQX010000891.1	NC_009656.1	100.000	2887230	2887259	30	703	732	4.52e-08	56.5	30
NZ_CAADQX010000891.1	NC_009656.1	100.000	4369993	4369964	30	703	732	4.52e-08	56.5	30
NZ_CAADQX010000891.1	NC_009656.1	100.000	4825286	4825315	30	703	732	4.52e-08	56.5	30
NZ_CAADQX010000892.1	NC_009656.1	99.842	2810852	2811485	634	332	965	0.0	1166	633
NZ_CAADQX010000892.1	NC_009656.1	99.842	2823703	2824336	634	332	965	0.0	1166	633
NZ_CAADQX010000902.1	NC_009656.1	100.000	137377	137405	29	525	553	1.22e-07	54.7	29
NZ_CAADQX010000909.1	NC_009656.1	100.000	4621751	4619865	1887	1	1887	0.0	3485	1887
NZ_CAADQX010000910.1	NC_009656.1	100.000	537623	537655	33	3138	3170	4.31e-09	62.1	33
NZ_CAADQX010000919.1	NC_009656.1	100.000	5782615	5782646	32	6205	6236	5.44e-08	60.2	32
NZ_CAADQX010000925.1	NC_009656.1	98.535	52900	51468	1433	777	2209	0.0	2531	1412
NZ_CAADQX010000925.1	NC_009656.1	98.032	2818378	2817313	1067	760	1826	0.0	1853	1046
NZ_CAADQX010000927.1	NC_009656.1	99.740	138350	137582	769	1	769	0.0	1410	767
NZ_CAADQX010000929.1	NC_009656.1	98.020	3077790	3074811	2980	1	2980	0.0	5177	2921
NZ_CAADQX010000932.1	NC_009656.1	100.000	5674242	5674214	29	1	29	4.95e-07	54.7	29
NZ_CAADQX010000937.1	NC_009656.1	100.000	3725269	3725240	30	606	635	2.59e-07	56.5	30
NZ_CAADQX010000944.1	NC_009656.1	100.000	2888466	2888438	29	1675	1703	3.85e-07	54.7	29
NZ_CAADQX010000944.1	NC_009656.1	100.000	4368758	4368785	28	1676	1703	1.39e-06	52.8	28
NZ_CAADQX010000944.1	NC_009656.1	100.000	4826521	4826494	28	1676	1703	1.39e-06	52.8	28
NZ_CAADQX010000944.1	NC_009656.1	100.000	4926632	4926605	28	1676	1703	1.39e-06	52.8	28
NZ_CAADQX010000948.1	NC_009656.1	98.128	4057698	4059086	1389	1	1389	0.0	2422	1363
NZ_CAADQX010000949.1	NC_009656.1	99.774	5498446	5497562	885	27	910	0.0	1622	883
NZ_CAADQX010000949.1	NC_009656.1	99.886	5511660	5512539	880	31	910	0.0	1620	879
NZ_CAADQX010000949.1	NC_009656.1	100.000	5508652	5508623	30	1	30	1.30e-07	56.5	30
NZ_CAADQX010000950.1	NC_009656.1	100.000	1009457	1009486	30	2078	2107	1.76e-07	56.5	30
NZ_CAADQX010000950.1	NC_009656.1	100.000	6517439	6517410	30	2759	2788	1.76e-07	56.5	30
NZ_CAADQX010000955.1	NC_009656.1	100.000	1791929	1791957	29	5063	5091	1.16e-06	54.7	29
NZ_CAADQX010000967.1	NC_009656.1	98.107	400179	397222	2958	1	2958	0.0	5153	2902
NZ_CAADQX010000983.1	NC_009656.1	100.000	810361	811193	833	1	833	0.0	1539	833
NZ_CAADQX010000983.1	NC_009656.1	100.000	4984804	4983972	833	1	833	0.0	1539	833
NZ_CAADQX010000983.1	NC_009656.1	100.000	5568120	5567288	833	1	833	0.0	1539	833
NZ_CAADQX010000983.1	NC_009656.1	100.000	6355356	6354524	833	1	833	0.0	1539	833
NZ_CAADQX010000990.1	NC_009656.1	98.119	831873	830970	904	1	904	0.0	1576	887
NZ_CAADQX010001000.1	NC_009656.1	98.555	2831135	2829752	1384	13	1395	0.0	2444	1364
NZ_CAADQX010001008.1	NC_009656.1	100.000	2572834	2572799	36	1	36	2.74e-11	67.6	36
NZ_CAADQX010001012.1	NC_009656.1	98.272	2828471	2829452	984	1	984	0.0	1722	967
NZ_CAADQX010001016.1	NC_009656.1	100.000	5270168	5270197	30	587	616	3.79e-08	56.5	30
NZ_CAADQX010001020.1	NC_009656.1	100.000	545663	545692	30	1	30	2.09e-07	56.5	30
NZ_CAADQX010001020.1	NC_009656.1	100.000	857792	857764	29	1803	1831	7.53e-07	54.7	29
NZ_CAADQX010001021.1	NC_009656.1	100.000	2520132	2520161	30	5919	5948	3.78e-07	56.5	30
NZ_CAADQX010001030.1	NC_009656.1	98.179	2728778	2729326	549	1	549	0.0	959	539
NZ_CAADQX010001041.1	NC_009656.1	100.000	111852	111880	29	1	29	2.08e-07	54.7	29
NZ_CAADQX010001054.1	NC_009656.1	98.726	2990936	2988426	2512	1	2512	0.0	4460	2480
NZ_CAADQX010001062.1	NC_009656.1	100.000	6520058	6520030	29	1	29	8.00e-07	54.7	29
NZ_CAADQX010001064.1	NC_009656.1	100.000	4162900	4162872	29	2461	2489	5.65e-07	54.7	29
NZ_CAADQX010001071.1	NC_009656.1	98.698	553201	549673	3532	1	3529	0.0	6263	3486
NZ_CAADQX010001072.1	NC_009656.1	100.000	2370381	2370352	30	1	30	5.00e-08	56.5	30
NZ_CAADQX010001077.1	NC_009656.1	98.439	2768092	2766684	1409	1	1409	0.0	2481	1387
NZ_CAADQX010001078.1	NC_009656.1	98.387	488635	492100	3472	3216	6686	0.0	6095	3416
NZ_CAADQX010001078.1	NC_009656.1	98.029	478431	481626	3196	1	3196	0.0	5553	3133
NZ_CAADQX010001078.1	NC_009656.1	100.000	1791551	1791580	30	1	30	4.25e-07	56.5	30
NZ_CAADQX010001080.1	NC_009656.1	100.000	4563265	4563237	29	4226	4254	9.70e-07	54.7	29
NZ_CAADQX010001080.1	NC_009656.1	100.000	2538379	2538406	28	4227	4254	3.49e-06	52.8	28
NZ_CAADQX010001082.1	NC_009656.1	100.000	3631481	3631511	31	1	31	1.28e-07	58.4	31
NZ_CAADQX010001083.1	NC_009656.1	100.000	116354	116188	167	770	936	4.18e-84	309	167
NZ_CAADQX010001083.1	NC_009656.1	100.000	5511103	5511074	30	937	966	6.01e-08	56.5	30
NZ_CAADQX010001085.1	NC_009656.1	100.000	4223463	4223434	30	1562	1591	9.99e-08	56.5	30
NZ_CAADQX010001086.1	NC_009656.1	100.000	2829749	2829718	32	1331	1362	6.60e-09	60.2	32
NZ_CAADQX010001086.1	NC_009656.1	100.000	2834565	2834535	31	1332	1362	2.37e-08	58.4	31
NZ_CAADQX010001086.1	NC_009656.1	100.000	2813018	2813045	28	1335	1362	1.10e-06	52.8	28
NZ_CAADQX010001086.1	NC_009656.1	100.000	2831144	2831171	28	1335	1362	1.10e-06	52.8	28
NZ_CAADQX010001092.1	NC_009656.1	100.000	4278434	4278405	30	2929	2958	1.87e-07	56.5	30
NZ_CAADQX010001123.1	NC_009656.1	100.000	3189872	3189901	30	1	30	2.29e-07	56.5	30
NZ_CAADQX010001123.1	NC_009656.1	100.000	3309012	3308983	30	1	30	2.29e-07	56.5	30
NZ_CAADQX010001124.1	NC_009656.1	100.000	630178	630150	29	1	29	1.52e-07	54.7	29
NZ_CAADQX010001126.1	NC_009656.1	100.000	5270194	5270165	30	1	30	4.80e-08	56.5	30
NZ_CAADQX010001126.1	NC_009656.1	100.000	1934655	1934683	29	1	29	1.72e-07	54.7	29
NZ_CAADQX010001138.1	NC_009656.1	100.000	630185	630156	30	898	927	5.76e-08	56.5	30
NZ_CAADQX010001143.1	NC_009656.1	100.000	56257	56285	29	1	29	1.10e-07	54.7	29
NZ_CAADQX010001143.1	NC_009656.1	100.000	2829719	2829747	29	1	29	1.10e-07	54.7	29
NZ_CAADQX010001143.1	NC_009656.1	100.000	2834536	2834564	29	1	29	1.10e-07	54.7	29
NZ_CAADQX010001158.1	NC_009656.1	98.361	5775614	5776589	976	1	976	0.0	1714	960
NZ_CAADQX010001160.1	NC_009656.1	98.485	4150354	4150289	66	2257	2322	1.13e-25	117	65
NZ_CAADQX010001166.1	NC_009656.1	100.000	4883991	4883962	30	1	30	3.71e-07	56.5	30
NZ_CAADQX010001167.1	NC_009656.1	100.000	630183	630154	30	1113	1142	7.14e-08	56.5	30
NZ_CAADQX010001169.1	NC_009656.1	100.000	1262302	1262272	31	4785	4815	8.49e-08	58.4	31
NZ_CAADQX010001173.1	NC_009656.1	99.141	2587737	2585643	2095	1	2095	0.0	3770	2077
NZ_CAADQX010001188.1	NC_009656.1	98.692	2973430	2975035	1606	1	1606	0.0	2850	1585
NZ_CAADQX010001193.1	NC_009656.1	98.648	2997263	2993124	4141	1	4141	0.0	7336	4085
NZ_CAADQX010001204.1	NC_009656.1	100.000	6580569	6580599	31	394	424	1.70e-08	58.4	31
NZ_CAADQX010001207.1	NC_009656.1	99.038	2826699	2826802	104	899	1002	2.18e-47	187	103
NZ_CAADQX010001246.1	NC_009656.1	98.787	76101	75525	577	2733	3309	0.0	1027	570
NZ_CAADQX010001255.1	NC_009656.1	99.715	2822233	2821180	1054	1	1053	0.0	1929	1051
NZ_CAADQX010001260.1	NC_009656.1	100.000	533592	533621	30	802	831	5.15e-08	56.5	30
NZ_CAADQX010001261.1	NC_009656.1	98.165	6389831	6391519	1689	1	1689	0.0	2948	1658
NZ_CAADQX010001272.1	NC_009656.1	98.716	292243	293722	1480	1	1480	0.0	2628	1461
NZ_CAADQX010001275.1	NC_009656.1	100.000	1558048	1558077	30	1	30	8.79e-08	56.5	30
NZ_CAADQX010001275.1	NC_009656.1	100.000	5798839	5798868	30	1186	1215	8.79e-08	56.5	30
NZ_CAADQX010001287.1	NC_009656.1	98.422	626042	624902	1141	1	1141	0.0	2008	1123
NZ_CAADQX010001291.1	NC_009656.1	98.348	584571	583543	1029	1	1029	0.0	1807	1012
NZ_CAADQX010001297.1	NC_009656.1	100.000	2892874	2892845	30	1	30	1.20e-07	56.5	30
NZ_CAADQX010001301.1	NC_009656.1	100.000	2882630	2882601	30	1	30	6.83e-08	56.5	30
NZ_CAADQX010001319.1	NC_009656.1	99.196	4582686	4583805	1120	1	1120	0.0	2019	1111
NZ_CAADQX010001333.1	NC_009656.1	99.404	3914848	3913506	1343	4	1346	0.0	2436	1335
NZ_CAADQX010001338.1	NC_009656.1	98.421	477320	478459	1140	1	1140	0.0	2006	1122
NZ_CAADQX010001339.1	NC_009656.1	99.219	2833853	2833980	128	30	157	9.26e-61	231	127
NZ_CAADQX010001347.1	NC_009656.1	99.107	2539655	2539766	112	714	825	6.21e-52	202	111
NZ_CAADQX010001347.1	NC_009656.1	100.000	2888438	2888466	29	1	29	1.84e-07	54.7	29
NZ_CAADQX010001347.1	NC_009656.1	100.000	4368785	4368758	28	1	28	6.62e-07	52.8	28
NZ_CAADQX010001347.1	NC_009656.1	100.000	4826494	4826521	28	1	28	6.62e-07	52.8	28
NZ_CAADQX010001347.1	NC_009656.1	100.000	4926605	4926632	28	1	28	6.62e-07	52.8	28
NZ_CAADQX010001352.1	NC_009656.1	100.000	4368757	4368786	30	1683	1712	1.08e-07	56.5	30
NZ_CAADQX010001352.1	NC_009656.1	100.000	2888465	2888437	29	1684	1712	3.87e-07	54.7	29
NZ_CAADQX010001352.1	NC_009656.1	100.000	4826521	4826493	29	1684	1712	3.87e-07	54.7	29
NZ_CAADQX010001352.1	NC_009656.1	100.000	4926632	4926604	29	1684	1712	3.87e-07	54.7	29
NZ_CAADQX010001362.1	NC_009656.1	98.698	2991369	2993134	1767	1	1767	0.0	3134	1744
NZ_CAADQX010001377.1	NC_009656.1	98.217	2882608	2883168	561	1	561	0.0	981	551
