LLLU01000001.1	NC_009656.1	99.339	3631567	3829578	198053	181278	379299	0.0	3.584e+05	196743
LLLU01000001.1	NC_009656.1	99.462	3932460	4073171	140739	426990	567715	0.0	2.557e+05	139982
LLLU01000001.1	NC_009656.1	99.252	3579644	3631627	51990	80973	132955	0.0	93840	51601
LLLU01000001.1	NC_009656.1	98.853	3884852	3932509	47707	379295	426978	0.0	85002	47160
LLLU01000001.1	NC_009656.1	98.946	3538780	3579101	40330	32819	73139	0.0	72105	39905
LLLU01000001.1	NC_009656.1	99.279	4073429	4086748	13323	567706	581027	0.0	24068	13227
LLLU01000001.1	NC_009656.1	98.961	3503547	3515764	12222	1	12222	0.0	21863	12095
LLLU01000001.1	NC_009656.1	100.000	3725269	3725240	30	274971	275000	3.71e-05	56.5	30
LLLU01000001.1	NC_009656.1	100.000	2370349	2370376	28	85255	85282	4.79e-04	52.8	28
LLLU01000001.1	NC_009656.1	100.000	2414742	2414715	28	177048	177075	4.79e-04	52.8	28
LLLU01000001.1	NC_009656.1	100.000	4039165	4039138	28	533676	533703	4.79e-04	52.8	28
LLLU01000001.1	NC_009656.1	100.000	5326191	5326164	28	85255	85282	4.79e-04	52.8	28
LLLU01000001.1	NC_009656.1	100.000	5884643	5884670	28	322890	322917	4.79e-04	52.8	28
LLLU01000002.1	NC_009656.1	98.980	192327	277866	85565	66240	151776	0.0	1.531e+05	84692
LLLU01000002.1	NC_009656.1	99.205	297295	352277	54993	158424	213387	0.0	99096	54556
LLLU01000002.1	NC_009656.1	99.200	168691	190568	21879	42632	64509	0.0	39432	21704
LLLU01000002.1	NC_009656.1	99.102	57082	76101	19037	6078	25113	0.0	34191	18866
LLLU01000002.1	NC_009656.1	99.635	151107	168626	17520	25113	42632	0.0	31999	17456
LLLU01000002.1	NC_009656.1	98.248	55486	56284	799	4240	5037	0.0	1397	785
LLLU01000002.1	NC_009656.1	99.735	56316	57070	755	5040	5794	0.0	1384	753
LLLU01000002.1	NC_009656.1	98.988	51191	51783	593	1	593	0.0	1062	587
LLLU01000002.1	NC_009656.1	98.776	2813016	2813587	572	2546	3117	0.0	1018	565
LLLU01000002.1	NC_009656.1	98.604	2813015	2813587	573	4240	4811	0.0	1013	565
LLLU01000002.1	NC_009656.1	98.427	2831142	2831713	572	2546	3117	0.0	1007	563
LLLU01000002.1	NC_009656.1	98.261	2831139	2831713	575	4238	4811	0.0	1005	565
LLLU01000002.1	NC_009656.1	98.855	2816338	2816861	524	1947	2469	0.0	933	518
LLLU01000002.1	NC_009656.1	99.020	56189	56290	102	5794	5894	2.16e-43	182	101
LLLU01000002.1	NC_009656.1	100.000	2834468	2834565	98	5794	5891	2.16e-43	182	98
LLLU01000002.1	NC_009656.1	100.000	2813588	2813624	37	5002	5038	1.75e-09	69.4	37
LLLU01000002.1	NC_009656.1	100.000	2829715	2829748	34	3312	3345	8.15e-08	63.9	34
LLLU01000002.1	NC_009656.1	100.000	2829715	2829748	34	5858	5891	8.15e-08	63.9	34
LLLU01000002.1	NC_009656.1	100.000	56283	56252	32	2548	2579	1.05e-06	60.2	32
LLLU01000002.1	NC_009656.1	100.000	2813049	2813018	32	5857	5888	1.05e-06	60.2	32
LLLU01000002.1	NC_009656.1	100.000	2813049	2813018	32	3311	3342	1.05e-06	60.2	32
LLLU01000002.1	NC_009656.1	100.000	2831175	2831144	32	5857	5888	1.05e-06	60.2	32
LLLU01000002.1	NC_009656.1	100.000	2831175	2831144	32	3311	3342	1.05e-06	60.2	32
LLLU01000002.1	NC_009656.1	100.000	2834562	2834531	32	2548	2579	1.05e-06	60.2	32
LLLU01000002.1	NC_009656.1	100.000	2829745	2829715	31	2548	2578	3.79e-06	58.4	31
LLLU01000002.1	NC_009656.1	100.000	3926978	3927006	29	104072	104100	4.90e-05	54.7	29
LLLU01000002.1	NC_009656.1	100.000	2831141	2831168	28	5449	5476	1.76e-04	52.8	28
LLLU01000003.1	NC_009656.1	98.770	49921	49434	488	1	488	0.0	869	482
LLLU01000003.1	NC_009656.1	98.770	2809088	2808601	488	1	488	0.0	869	482
LLLU01000004.1	NC_009656.1	99.582	3503785	3503307	479	1	479	0.0	874	477
LLLU01000004.1	NC_009656.1	99.052	884394	883973	422	58	479	0.0	758	418
LLLU01000005.1	NC_009656.1	99.790	4368847	4369322	476	1	476	0.0	874	475
LLLU01000005.1	NC_009656.1	99.580	2429270	2429745	476	1	476	0.0	869	474
LLLU01000005.1	NC_009656.1	99.580	2539526	2539051	476	1	476	0.0	869	474
LLLU01000005.1	NC_009656.1	99.370	2888376	2887901	476	1	476	0.0	863	473
LLLU01000005.1	NC_009656.1	99.370	4826432	4825957	476	1	476	0.0	863	473
LLLU01000005.1	NC_009656.1	99.371	4926543	4926067	477	1	476	0.0	863	474
LLLU01000005.1	NC_009656.1	99.275	4562455	4562592	138	339	476	1.24e-66	250	137
LLLU01000006.1	NC_009656.1	98.347	1259061	1259423	363	102	464	0.0	638	357
LLLU01000007.1	NC_009656.1	100.000	4580159	4580599	441	1	441	0.0	815	441
LLLU01000008.1	NC_009656.1	99.544	49483	49921	439	1	439	0.0	800	437
LLLU01000008.1	NC_009656.1	99.544	2808650	2809088	439	1	439	0.0	800	437
LLLU01000008.1	NC_009656.1	98.895	2817132	2817312	181	1	181	6.60e-89	324	179
LLLU01000009.1	NC_009656.1	99.272	3503718	3503307	412	1	412	0.0	745	409
LLLU01000009.1	NC_009656.1	98.786	884384	883973	412	1	412	0.0	734	407
LLLU01000011.1	NC_009656.1	100.000	4574489	4574851	363	1	363	0.0	671	363
LLLU01000013.1	NC_009656.1	99.208	1059280	981390	77907	20348	98247	0.0	1.404e+05	77290
LLLU01000013.1	NC_009656.1	99.162	948644	884146	64524	132086	196599	0.0	1.161e+05	63983
LLLU01000013.1	NC_009656.1	99.464	981325	949421	31918	99239	131151	0.0	57978	31747
LLLU01000013.1	NC_009656.1	99.439	1085136	1064818	20320	1	20320	0.0	36891	20206
LLLU01000013.1	NC_009656.1	99.174	3424181	3423940	242	1	242	3.83e-120	436	240
LLLU01000013.1	NC_009656.1	100.000	4775712	4775742	31	24808	24838	3.49e-06	58.4	31
LLLU01000014.1	NC_009656.1	98.471	51103	51429	327	1	327	3.36e-165	577	322
LLLU01000014.1	NC_009656.1	98.165	2810270	2810596	327	1	327	1.56e-163	571	321
LLLU01000014.1	NC_009656.1	98.165	2823121	2823447	327	1	327	1.56e-163	571	321
LLLU01000015.1	NC_009656.1	99.677	1259185	1259494	310	1	310	1.91e-162	568	309
LLLU01000016.1	NC_009656.1	99.674	4368758	4369064	307	1	307	8.78e-161	562	306
LLLU01000016.1	NC_009656.1	99.349	2429181	2429487	307	1	307	4.09e-159	556	305
LLLU01000016.1	NC_009656.1	99.349	2539615	2539309	307	1	307	4.09e-159	556	305
LLLU01000016.1	NC_009656.1	99.349	4826521	4826215	307	1	307	4.09e-159	556	305
LLLU01000016.1	NC_009656.1	99.023	2888465	2888159	307	1	307	1.90e-157	551	304
LLLU01000016.1	NC_009656.1	99.026	4926632	4926325	308	1	307	1.90e-157	551	305
LLLU01000017.1	NC_009656.1	99.673	3503785	3503480	306	1	306	3.15e-160	560	305
LLLU01000017.1	NC_009656.1	99.598	884394	884146	249	58	306	1.53e-128	455	248
LLLU01000018.1	NC_009656.1	99.322	2430122	2430416	295	1	295	1.83e-152	534	293
LLLU01000018.1	NC_009656.1	99.322	2538674	2538380	295	1	295	1.83e-152	534	293
LLLU01000018.1	NC_009656.1	99.322	2887524	2887230	295	1	295	1.83e-152	534	293
LLLU01000018.1	NC_009656.1	99.322	4369699	4369993	295	1	295	1.83e-152	534	293
LLLU01000018.1	NC_009656.1	98.983	4562969	4563263	295	1	295	8.53e-151	529	292
LLLU01000018.1	NC_009656.1	98.983	4925690	4925396	295	1	295	8.53e-151	529	292
LLLU01000018.1	NC_009656.1	98.148	6228674	6228621	54	242	295	3.69e-20	95.3	53
LLLU01000020.1	NC_009656.1	100.000	2826314	2826590	277	1	277	8.06e-146	512	277
LLLU01000020.1	NC_009656.1	100.000	2828135	2828411	277	1	277	8.06e-146	512	277
LLLU01000020.1	NC_009656.1	99.278	2824551	2824827	277	1	277	1.74e-142	501	275
LLLU01000020.1	NC_009656.1	98.917	2811700	2811976	277	1	277	8.12e-141	496	274
LLLU01000021.1	NC_009656.1	99.639	5323348	5323624	277	1	277	3.75e-144	507	276
LLLU01000021.1	NC_009656.1	98.917	5876611	5876887	277	1	277	8.12e-141	496	274
LLLU01000022.1	NC_009656.1	98.000	2810679	2810480	200	62	261	2.25e-96	348	196
LLLU01000022.1	NC_009656.1	98.000	2823530	2823331	200	62	261	2.25e-96	348	196
LLLU01000023.1	NC_009656.1	99.615	2429508	2429249	260	1	260	9.87e-135	475	259
LLLU01000023.1	NC_009656.1	99.615	2539288	2539547	260	1	260	9.87e-135	475	259
LLLU01000023.1	NC_009656.1	99.615	4369085	4368826	260	1	260	9.87e-135	475	259
LLLU01000023.1	NC_009656.1	99.231	4826194	4826453	260	1	260	4.59e-133	470	258
LLLU01000023.1	NC_009656.1	98.846	2888138	2888397	260	1	260	2.14e-131	464	257
LLLU01000023.1	NC_009656.1	98.851	4926304	4926564	261	1	260	2.14e-131	464	258
LLLU01000024.1	NC_009656.1	99.357	1932534	1796345	136228	41760	177948	0.0	2.466e+05	135352
LLLU01000024.1	NC_009656.1	99.186	1974282	1932513	41779	1	41737	0.0	75220	41439
LLLU01000024.1	NC_009656.1	99.442	1262302	1259256	3047	182018	185064	0.0	5533	3030
LLLU01000024.1	NC_009656.1	99.296	3037826	3037401	426	1	426	0.0	771	423
LLLU01000024.1	NC_009656.1	99.010	2078164	2077963	202	73922	74123	6.21e-98	363	200
LLLU01000024.1	NC_009656.1	100.000	2078354	2078273	82	73923	74004	1.46e-34	152	82
LLLU01000024.1	NC_009656.1	100.000	630181	630149	33	41714	41746	2.54e-07	62.1	33
LLLU01000025.1	NC_009656.1	100.000	812053	812299	247	1	247	3.38e-129	457	247
LLLU01000025.1	NC_009656.1	100.000	6353664	6353418	247	1	247	3.38e-129	457	247
LLLU01000025.1	NC_009656.1	99.595	5566428	5566182	247	1	247	1.57e-127	451	246
LLLU01000025.1	NC_009656.1	99.187	4983112	4982868	246	1	246	9.47e-125	442	244
LLLU01000027.1	NC_009656.1	100.000	4580361	4580604	244	1	244	1.55e-127	451	244
LLLU01000028.1	NC_009656.1	100.000	812301	812061	241	1	241	7.13e-126	446	241
LLLU01000028.1	NC_009656.1	100.000	6353418	6353656	239	3	241	9.22e-125	442	239
LLLU01000028.1	NC_009656.1	99.585	5566180	5566420	241	1	241	3.32e-124	440	240
LLLU01000028.1	NC_009656.1	99.160	4982868	4983104	238	4	241	2.58e-120	427	236
LLLU01000034.1	NC_009656.1	99.455	3293600	3232546	61062	68843	129904	0.0	1.109e+05	60729
LLLU01000034.1	NC_009656.1	99.160	3231320	3184197	47132	132817	179937	0.0	84825	46736
LLLU01000034.1	NC_009656.1	99.339	3326667	3293996	32678	32672	65343	0.0	59138	32462
LLLU01000034.1	NC_009656.1	99.309	3361478	3337304	24184	1	24172	0.0	43715	24017
LLLU01000034.1	NC_009656.1	99.162	3335245	3326775	8472	24215	32685	0.0	15250	8401
LLLU01000034.1	NC_009656.1	98.361	3293994	3293812	183	65554	65736	1.03e-85	322	180
LLLU01000035.1	NC_009656.1	99.283	1085706	1150371	64704	1	64687	0.0	1.169e+05	64240
LLLU01000035.1	NC_009656.1	99.282	1225079	1259494	34417	139021	173435	0.0	62185	34170
LLLU01000035.1	NC_009656.1	99.352	1181161	1203538	22391	94733	117123	0.0	40533	22246
LLLU01000035.1	NC_009656.1	98.786	1204501	1225079	20587	118270	138850	0.0	36620	20337
LLLU01000035.1	NC_009656.1	99.153	1151648	1167695	16052	64847	80897	0.0	28884	15916
LLLU01000035.1	NC_009656.1	98.385	3424751	3425431	681	1	681	0.0	1197	670
LLLU01000035.1	NC_009656.1	100.000	4367979	4367948	32	118843	118874	8.55e-07	60.2	32
LLLU01000035.1	NC_009656.1	100.000	1111743	1111714	30	26009	26038	1.11e-05	56.5	30
LLLU01000035.1	NC_009656.1	100.000	1204801	1204829	29	118029	118057	3.98e-05	54.7	29
LLLU01000035.1	NC_009656.1	100.000	2886935	2886963	29	118571	118599	3.98e-05	54.7	29
LLLU01000035.1	NC_009656.1	100.000	1204501	1204528	28	118089	118116	1.43e-04	52.8	28
LLLU01000035.1	NC_009656.1	100.000	1204561	1204588	28	118029	118056	1.43e-04	52.8	28
LLLU01000035.1	NC_009656.1	100.000	1204561	1204588	28	118149	118176	1.43e-04	52.8	28
LLLU01000035.1	NC_009656.1	100.000	1204801	1204828	28	118270	118297	1.43e-04	52.8	28
LLLU01000035.1	NC_009656.1	100.000	2886935	2886962	28	118270	118297	1.43e-04	52.8	28
LLLU01000036.1	NC_009656.1	99.331	4856483	4924312	67859	37387	105228	0.0	1.228e+05	67405
LLLU01000036.1	NC_009656.1	98.821	4927336	4983112	55788	106604	162342	0.0	99321	55130
LLLU01000036.1	NC_009656.1	98.443	4826510	4856486	29989	7372	37335	0.0	52758	29522
LLLU01000036.1	NC_009656.1	99.187	812298	812053	246	162098	162342	6.80e-122	442	244
LLLU01000036.1	NC_009656.1	99.187	6353419	6353664	246	162098	162342	6.80e-122	442	244
LLLU01000036.1	NC_009656.1	98.780	5566183	5566428	246	162098	162342	3.16e-120	436	243
LLLU01000037.1	NC_009656.1	99.295	4725155	4804721	79577	2917	82478	0.0	1.438e+05	79016
LLLU01000037.1	NC_009656.1	99.209	4807930	4825001	17074	83337	100410	0.0	30781	16939
LLLU01000037.1	NC_009656.1	100.000	4728026	4728105	80	5977	6056	1.40e-33	148	80
LLLU01000037.1	NC_009656.1	100.000	4728212	4728291	80	5791	5870	1.40e-33	148	80
LLLU01000037.1	NC_009656.1	100.000	1054820	1054790	31	53473	53503	2.43e-06	58.4	31
LLLU01000038.1	NC_009656.1	99.261	6512202	6567025	54837	4623	59439	0.0	98990	54432
LLLU01000038.1	NC_009656.1	99.334	1	41129	41132	85136	126264	0.0	74434	40858
LLLU01000038.1	NC_009656.1	99.064	6570088	6588339	18261	66877	85135	0.0	32764	18090
LLLU01000038.1	NC_009656.1	98.404	6507709	6512659	4951	239	5172	0.0	8689	4872
LLLU01000038.1	NC_009656.1	98.635	6567090	6570019	2931	63950	66877	0.0	5188	2891
LLLU01000038.1	NC_009656.1	100.000	5753091	5753123	33	9810	9842	1.73e-07	62.1	33
LLLU01000038.1	NC_009656.1	100.000	1791551	1791580	30	12434	12463	8.05e-06	56.5	30
LLLU01000039.1	NC_009656.1	99.956	116354	111839	4516	8605	13120	0.0	8329	4514
LLLU01000039.1	NC_009656.1	99.951	117130	121182	4053	234	4286	0.0	7474	4051
LLLU01000039.1	NC_009656.1	99.861	121170	122607	1438	37452	38888	0.0	2643	1436
LLLU01000039.1	NC_009656.1	98.795	5504836	5504754	83	107437	107519	1.12e-33	148	82
LLLU01000040.1	NC_009656.1	98.845	5376864	5351762	25112	50591	75689	0.0	44747	24822
LLLU01000040.1	NC_009656.1	98.769	5428732	5412980	15761	1	15758	0.0	28020	15567
LLLU01000041.1	NC_009656.1	99.337	2134730	1982111	152647	378120	530760	0.0	2.762e+05	151635
LLLU01000041.1	NC_009656.1	99.269	2283234	2134843	148436	229746	378148	0.0	2.680e+05	147351
LLLU01000041.1	NC_009656.1	99.357	2376644	2299720	76976	97027	173993	0.0	1.394e+05	76481
LLLU01000041.1	NC_009656.1	99.264	2520179	2470175	50008	6756	56738	0.0	90283	49640
LLLU01000041.1	NC_009656.1	99.653	2397071	2376628	20447	76634	97079	0.0	37362	20376
LLLU01000041.1	NC_009656.1	99.096	2299724	2283236	16491	213175	229651	0.0	29613	16342
LLLU01000041.1	NC_009656.1	99.404	2411822	2397054	14769	61826	76594	0.0	26786	14681
LLLU01000041.1	NC_009656.1	99.254	1982123	1973943	8181	531009	539188	0.0	14768	8120
LLLU01000041.1	NC_009656.1	99.002	3038688	3037487	1203	537986	539188	0.0	2154	1191
LLLU01000041.1	NC_009656.1	99.230	2470176	2469399	779	60513	61291	0.0	1404	773
LLLU01000041.1	NC_009656.1	98.706	2469363	2468823	541	61296	61836	0.0	961	534
LLLU01000041.1	NC_009656.1	100.000	4368996	4368758	239	1	239	2.26e-121	442	239
LLLU01000041.1	NC_009656.1	99.583	2429419	2429180	240	1	240	2.92e-120	438	239
LLLU01000041.1	NC_009656.1	99.582	2539377	2539615	239	1	239	1.05e-119	436	238
LLLU01000041.1	NC_009656.1	99.582	4826283	4826521	239	1	239	1.05e-119	436	238
LLLU01000041.1	NC_009656.1	99.167	2888227	2888466	240	1	240	1.36e-118	433	238
LLLU01000041.1	NC_009656.1	99.167	4926393	4926632	240	1	239	4.89e-118	431	238
LLLU01000041.1	NC_009656.1	99.010	1900405	1900204	202	434690	434891	1.81e-97	363	200
LLLU01000041.1	NC_009656.1	100.000	1900404	1900323	82	434500	434581	4.26e-34	152	82
LLLU01000041.1	NC_009656.1	100.000	2635974	2635895	80	82877	82956	5.51e-33	148	80
LLLU01000041.1	NC_009656.1	98.795	5326000	5325918	83	483570	483652	5.51e-33	148	82
LLLU01000041.1	NC_009656.1	100.000	2635977	2635899	79	83034	83112	1.98e-32	147	79
LLLU01000041.1	NC_009656.1	100.000	2038284	2038208	77	83115	83191	2.57e-31	143	77
LLLU01000041.1	NC_009656.1	100.000	2390589	2390513	77	474578	474654	2.57e-31	143	77
LLLU01000041.1	NC_009656.1	100.000	2038575	2038500	76	83115	83190	9.23e-31	141	76
LLLU01000041.1	NC_009656.1	100.000	2390589	2390514	76	474287	474362	9.23e-31	141	76
LLLU01000041.1	NC_009656.1	100.000	2390667	2390592	76	82877	82952	9.23e-31	141	76
LLLU01000041.1	NC_009656.1	100.000	2390827	2390752	76	83037	83112	9.23e-31	141	76
LLLU01000041.1	NC_009656.1	100.000	5089668	5089635	34	113929	113962	2.05e-07	63.9	34
LLLU01000041.1	NC_009656.1	100.000	2078386	2078418	33	434436	434468	7.39e-07	62.1	33
LLLU01000041.1	NC_009656.1	100.000	630235	630206	30	103099	103128	3.44e-05	56.5	30
LLLU01000041.1	NC_009656.1	100.000	2002653	2002682	30	510189	510218	3.44e-05	56.5	30
LLLU01000041.1	NC_009656.1	100.000	3583955	3583926	30	103318	103347	3.44e-05	56.5	30
LLLU01000041.1	NC_009656.1	100.000	1038095	1038123	29	468234	468262	1.24e-04	54.7	29
LLLU01000041.1	NC_009656.1	100.000	3387614	3387642	29	152180	152208	1.24e-04	54.7	29
LLLU01000041.1	NC_009656.1	100.000	3043389	3043416	28	215994	216021	4.45e-04	52.8	28
LLLU01000041.1	NC_009656.1	100.000	5110423	5110450	28	103319	103346	4.45e-04	52.8	28
LLLU01000041.1	NC_009656.1	100.000	6397271	6397298	28	29221	29248	4.45e-04	52.8	28
LLLU01000042.1	NC_009656.1	99.126	6408045	6482601	74563	1	74558	0.0	1.341e+05	73911
LLLU01000042.1	NC_009656.1	99.323	6482596	6507717	25127	74908	100031	0.0	45452	24957
LLLU01000043.1	NC_009656.1	99.262	5429154	5455295	26147	1	26145	0.0	47208	25954
LLLU01000043.1	NC_009656.1	99.274	5541336	5566418	25086	74491	99570	0.0	45308	24904
LLLU01000043.1	NC_009656.1	99.482	5461312	5482349	21039	26378	47412	0.0	38243	20930
LLLU01000043.1	NC_009656.1	98.540	5524792	5528598	3835	70775	74604	0.0	6741	3779
LLLU01000043.1	NC_009656.1	100.000	812301	812063	239	99332	99570	4.17e-122	442	239
LLLU01000043.1	NC_009656.1	100.000	6353418	6353654	237	99334	99570	5.39e-121	438	237
LLLU01000043.1	NC_009656.1	99.153	4982868	4983102	236	99335	99570	1.51e-116	424	234
LLLU01000043.1	NC_009656.1	100.000	2611896	2611866	31	18331	18361	1.76e-06	58.4	31
LLLU01000045.1	NC_009656.1	99.477	6353656	6302375	51285	1	51282	0.0	93216	51017
LLLU01000045.1	NC_009656.1	98.801	6302374	6272427	29951	51522	81456	0.0	53302	29592
LLLU01000045.1	NC_009656.1	100.000	812061	812299	239	1	239	3.72e-122	442	239
LLLU01000045.1	NC_009656.1	99.582	5566420	5566182	239	1	239	1.73e-120	436	238
LLLU01000045.1	NC_009656.1	99.167	2538379	2538618	240	88594	88833	2.24e-119	433	238
LLLU01000045.1	NC_009656.1	99.163	2430416	2430178	239	88595	88833	8.05e-119	431	237
LLLU01000045.1	NC_009656.1	99.163	2887230	2887468	239	88595	88833	8.05e-119	431	237
LLLU01000045.1	NC_009656.1	99.163	4369993	4369755	239	88595	88833	8.05e-119	431	237
LLLU01000045.1	NC_009656.1	98.755	4563265	4563025	241	88593	88833	2.90e-118	429	238
LLLU01000045.1	NC_009656.1	99.160	4983104	4982868	238	1	238	1.04e-117	427	236
LLLU01000045.1	NC_009656.1	98.745	4925396	4925634	239	88595	88833	3.75e-117	425	236
LLLU01000045.1	NC_009656.1	98.148	6228621	6228674	54	88595	88648	1.20e-17	95.3	53
LLLU01000045.1	NC_009656.1	100.000	1203524	1203562	39	88534	88572	5.62e-11	73.1	39
LLLU01000046.1	NC_009656.1	99.011	4659144	4724515	65393	6120	71493	0.0	1.171e+05	64746
LLLU01000046.1	NC_009656.1	100.000	5325751	5325827	77	6287	6363	3.83e-32	143	77
LLLU01000046.1	NC_009656.1	98.113	4652617	4652669	53	1442	1494	3.91e-17	93.5	52
LLLU01000046.1	NC_009656.1	100.000	111880	111843	38	6083	6120	1.83e-10	71.3	38
LLLU01000047.1	NC_009656.1	99.292	3462091	3423943	38153	38509	76658	0.0	68953	37883
LLLU01000047.1	NC_009656.1	99.021	3498456	3467715	30761	821	31580	0.0	55119	30460
LLLU01000047.1	NC_009656.1	98.798	3465890	3462147	3744	34091	37833	0.0	6663	3699
LLLU01000047.1	NC_009656.1	99.060	1086386	1084898	1489	75170	76658	0.0	2673	1475
LLLU01000047.1	NC_009656.1	99.597	3498707	3498460	248	1	248	1.48e-125	453	247
LLLU01000047.1	NC_009656.1	99.200	879373	879124	250	1	250	5.33e-125	451	248
LLLU01000049.1	NC_009656.1	99.953	3175191	3162507	12685	31	12715	0.0	23392	12679
LLLU01000049.1	NC_009656.1	99.942	5498442	5501874	3433	25730	29162	0.0	6329	3431
LLLU01000049.1	NC_009656.1	99.923	5508471	5509772	1302	20828	22129	0.0	2399	1301
LLLU01000049.1	NC_009656.1	100.000	5512547	5511660	888	19331	20218	0.0	1640	888
LLLU01000049.1	NC_009656.1	100.000	5497562	5498441	880	19339	20218	0.0	1626	880
LLLU01000049.1	NC_009656.1	99.531	3860755	3861394	640	23442	24081	0.0	1166	637
LLLU01000049.1	NC_009656.1	100.000	5512569	5512691	123	20219	20341	8.63e-58	228	123
LLLU01000049.1	NC_009656.1	100.000	3176557	3176518	40	1	40	1.19e-11	75.0	40
LLLU01000050.1	NC_009656.1	98.728	2931131	2964681	33566	1	33549	0.0	59590	33139
LLLU01000050.1	NC_009656.1	99.159	3004691	3017054	12364	39655	52018	0.0	22256	12260
LLLU01000050.1	NC_009656.1	99.058	3029457	3037947	8492	57484	65970	0.0	15234	8412
LLLU01000050.1	NC_009656.1	98.522	3024062	3029271	5211	52150	57359	0.0	9195	5134
LLLU01000050.1	NC_009656.1	98.903	1973857	1974403	547	65424	65970	0.0	977	541
LLLU01000050.1	NC_009656.1	100.000	1181194	1181163	32	33376	33407	3.25e-07	60.2	32
LLLU01000050.1	NC_009656.1	100.000	1730800	1730770	31	57362	57392	1.17e-06	58.4	31
LLLU01000050.1	NC_009656.1	100.000	5763143	5763170	28	57358	57385	5.44e-05	52.8	28
LLLU01000051.1	NC_009656.1	99.336	3361389	3424181	62807	1	62803	0.0	1.137e+05	62390
LLLU01000051.1	NC_009656.1	98.760	1084895	1085136	242	62562	62803	5.69e-119	431	239
LLLU01000051.1	NC_009656.1	100.000	2321525	2321497	29	26236	26264	1.44e-05	54.7	29
LLLU01000052.1	NC_009656.1	99.306	1371988	1554861	182902	113390	296259	0.0	3.307e+05	181632
LLLU01000052.1	NC_009656.1	99.281	1265825	1372060	106252	7155	113398	0.0	1.920e+05	105488
LLLU01000052.1	NC_009656.1	99.163	1733955	1796295	62355	466187	528539	0.0	1.122e+05	61833
LLLU01000052.1	NC_009656.1	99.341	1643892	1704388	60517	383075	443588	0.0	1.095e+05	60118
LLLU01000052.1	NC_009656.1	99.341	1623047	1643823	20778	354934	375711	0.0	37609	20641
LLLU01000052.1	NC_009656.1	99.358	1554902	1575463	20562	296259	316820	0.0	37240	20430
LLLU01000052.1	NC_009656.1	98.565	1594011	1614138	20146	334790	354934	0.0	35584	19857
LLLU01000052.1	NC_009656.1	98.499	1704353	1723119	18791	443668	462434	0.0	33094	18509
LLLU01000052.1	NC_009656.1	99.244	1575893	1593485	17594	316799	334389	0.0	31750	17461
LLLU01000052.1	NC_009656.1	98.347	1259061	1259423	363	529156	529518	2.64e-180	638	357
LLLU01000052.1	NC_009656.1	100.000	6550173	6550207	35	443562	443596	5.61e-08	65.8	35
LLLU01000052.1	NC_009656.1	100.000	1593590	1593622	33	334511	334543	7.26e-07	62.1	33
LLLU01000052.1	NC_009656.1	100.000	1181166	1181196	31	434599	434629	9.39e-06	58.4	31
LLLU01000052.1	NC_009656.1	100.000	6520030	6520059	30	523795	523824	3.38e-05	56.5	30
LLLU01000053.1	NC_009656.1	98.078	2855873	2887203	31367	7980	39317	0.0	54523	30764
LLLU01000053.1	NC_009656.1	98.847	2847931	2855908	7980	1	7979	0.0	14224	7888
LLLU01000053.1	NC_009656.1	100.000	2917918	2917956	39	33371	33409	3.95e-11	73.1	39
LLLU01000053.1	NC_009656.1	100.000	2412256	2412287	32	39197	39228	3.08e-07	60.2	32
LLLU01000053.1	NC_009656.1	100.000	4592156	4592125	32	39317	39348	3.08e-07	60.2	32
LLLU01000053.1	NC_009656.1	100.000	893766	893794	29	13214	13242	1.43e-05	54.7	29
LLLU01000053.1	NC_009656.1	100.000	1204501	1204528	28	39109	39136	5.15e-05	52.8	28
LLLU01000053.1	NC_009656.1	100.000	1204501	1204528	28	39289	39316	5.15e-05	52.8	28
LLLU01000053.1	NC_009656.1	100.000	1204801	1204828	28	39049	39076	5.15e-05	52.8	28
LLLU01000053.1	NC_009656.1	100.000	2887175	2887202	28	39049	39076	5.15e-05	52.8	28
LLLU01000054.1	NC_009656.1	98.986	5351770	5325750	26025	20974	46993	0.0	46588	25761
LLLU01000054.1	NC_009656.1	98.795	2029292	2029210	83	46743	46825	5.63e-34	148	82
LLLU01000054.1	NC_009656.1	100.000	2370347	2370381	35	46550	46584	5.83e-09	65.8	35
LLLU01000054.1	NC_009656.1	100.000	6580569	6580599	31	6215	6245	9.76e-07	58.4	31
LLLU01000054.1	NC_009656.1	100.000	3583926	3583955	30	46552	46581	3.51e-06	56.5	30
LLLU01000054.1	NC_009656.1	100.000	5110450	5110423	28	46553	46580	4.54e-05	52.8	28
LLLU01000054.1	NC_009656.1	100.000	5295054	5295027	28	46553	46580	4.54e-05	52.8	28
LLLU01000055.1	NC_009656.1	98.871	6408283	6358629	49669	1	49644	0.0	88577	49108
LLLU01000055.1	NC_009656.1	100.000	2497689	2497716	28	10978	11005	4.09e-05	52.8	28
LLLU01000056.1	NC_009656.1	99.348	879003	832723	46303	228	46530	0.0	83813	46001
LLLU01000056.1	NC_009656.1	99.301	816503	816218	286	46245	46530	3.15e-145	518	284
LLLU01000056.1	NC_009656.1	99.194	3498707	3498460	248	1	248	4.19e-124	448	246
LLLU01000056.1	NC_009656.1	100.000	1054776	1054741	36	333	368	1.37e-09	67.6	36
LLLU01000057.1	NC_009656.1	100.000	2403756	2403784	29	33665	33693	1.05e-05	54.7	29
LLLU01000058.1	NC_009656.1	99.314	4988149	5027045	38908	1	38901	0.0	70354	38641
LLLU01000058.1	NC_009656.1	98.234	807016	806564	453	1	452	0.0	791	445
LLLU01000058.1	NC_009656.1	98.182	6358701	6359140	440	1	440	0.0	769	432
LLLU01000059.1	NC_009656.1	98.907	3060825	3038235	22592	14080	36670	0.0	40350	22345
LLLU01000059.1	NC_009656.1	99.083	3076535	3062697	13848	239	14082	0.0	24857	13721
LLLU01000059.1	NC_009656.1	98.462	1975145	1974691	455	36217	36670	0.0	800	448
LLLU01000059.1	NC_009656.1	100.000	3174983	3175191	209	1	209	7.30e-106	387	209
LLLU01000059.1	NC_009656.1	100.000	3176518	3176557	40	200	239	6.45e-12	75.0	40
LLLU01000060.1	NC_009656.1	100.000	3174983	3175191	209	1	209	6.96e-106	387	209
LLLU01000060.1	NC_009656.1	100.000	3176518	3176557	40	200	239	6.15e-12	75.0	40
LLLU01000063.1	NC_009656.1	99.049	4173611	4257043	83469	96275	179684	0.0	1.497e+05	82675
LLLU01000063.1	NC_009656.1	99.251	4289124	4367195	78092	211645	289727	0.0	1.409e+05	77507
LLLU01000063.1	NC_009656.1	99.005	4468748	4539400	70677	391200	461846	0.0	1.266e+05	69974
LLLU01000063.1	NC_009656.1	99.489	4401667	4468605	66940	324270	391206	0.0	1.217e+05	66598
LLLU01000063.1	NC_009656.1	99.062	4099514	4151122	51626	23259	74820	0.0	92579	51142
LLLU01000063.1	NC_009656.1	99.102	4257096	4289059	31969	179682	211646	0.0	57437	31682
LLLU01000063.1	NC_009656.1	98.996	4369994	4401226	31260	293049	324290	0.0	55945	30946
LLLU01000063.1	NC_009656.1	99.221	4152430	4173616	21187	74820	96004	0.0	38210	21022
LLLU01000063.1	NC_009656.1	98.768	4543475	4562451	18990	466219	485197	0.0	33750	18756
LLLU01000063.1	NC_009656.1	98.413	4368751	4369064	315	485214	485528	9.01e-155	553	310
LLLU01000063.1	NC_009656.1	98.701	2429180	2429487	308	485221	485528	4.19e-153	547	304
LLLU01000063.1	NC_009656.1	98.697	2539615	2539309	307	485222	485528	1.51e-152	545	303
LLLU01000063.1	NC_009656.1	98.697	4826521	4826215	307	485222	485528	1.51e-152	545	303
LLLU01000063.1	NC_009656.1	98.377	4926632	4926325	308	485222	485528	7.01e-151	540	303
LLLU01000063.1	NC_009656.1	100.000	1181161	1181194	34	85256	85289	1.85e-07	63.9	34
LLLU01000063.1	NC_009656.1	100.000	207161	207191	31	198433	198463	8.61e-06	58.4	31
LLLU01000063.1	NC_009656.1	100.000	21334	21361	28	307488	307515	4.01e-04	52.8	28
LLLU01000064.1	NC_009656.1	98.602	2930226	2910992	19236	1	19235	0.0	34031	18967
LLLU01000065.1	NC_009656.1	99.106	2834710	2847688	12979	3846	16824	0.0	23326	12863
LLLU01000065.1	NC_009656.1	98.887	2812404	2813032	629	2461	3083	0.0	1118	622
LLLU01000065.1	NC_009656.1	100.000	2813051	2813018	34	3383	3416	6.40e-09	63.9	34
LLLU01000065.1	NC_009656.1	100.000	2819326	2819293	34	2273	2306	6.40e-09	63.9	34
LLLU01000065.1	NC_009656.1	100.000	2829715	2829748	34	3386	3419	6.40e-09	63.9	34
LLLU01000065.1	NC_009656.1	100.000	2831177	2831144	34	3383	3416	6.40e-09	63.9	34
LLLU01000066.1	NC_009656.1	99.468	832961	816218	16744	1	16744	0.0	30428	16655
LLLU01000066.1	NC_009656.1	99.390	816456	815310	1147	1	1147	0.0	2080	1140
LLLU01000066.1	NC_009656.1	99.650	833008	832723	286	16459	16744	2.43e-147	523	285
LLLU01000067.1	NC_009656.1	99.171	4617150	4632115	14966	1	14966	0.0	26951	14842
LLLU01000069.1	NC_009656.1	100.000	4580541	4580618	78	1548	1625	1.26e-33	145	78
LLLU01000071.1	NC_009656.1	99.075	2800060	2808705	8646	1	8646	0.0	15524	8566
LLLU01000071.1	NC_009656.1	99.040	40894	49538	8646	1	8646	0.0	15505	8563
LLLU01000071.1	NC_009656.1	99.070	2816973	2817187	215	8432	8646	1.72e-106	387	213
LLLU01000073.1	NC_009656.1	99.198	4607364	4614344	6981	1	6981	0.0	12582	6925
LLLU01000074.1	NC_009656.1	99.157	685271	522693	162595	90286	252839	0.0	2.926e+05	161225
LLLU01000074.1	NC_009656.1	99.031	509627	390269	119449	266019	385381	0.0	2.140e+05	118291
LLLU01000074.1	NC_009656.1	98.128	765983	717950	48066	34749	82773	0.0	83707	47166
LLLU01000074.1	NC_009656.1	99.178	812291	788226	24073	1	24072	0.0	43351	23875
LLLU01000074.1	NC_009656.1	98.801	522778	509628	13179	252803	265953	0.0	23411	13021
LLLU01000074.1	NC_009656.1	98.970	364203	352263	11945	399744	411686	0.0	21372	11822
LLLU01000074.1	NC_009656.1	99.843	5566190	5571912	5723	1	5723	0.0	10519	5714
LLLU01000074.1	NC_009656.1	99.756	6353426	6359153	5728	1	5728	0.0	10501	5714
LLLU01000074.1	NC_009656.1	99.756	4982874	4988600	5728	1	5728	0.0	10499	5714
LLLU01000074.1	NC_009656.1	100.000	4111409	4111448	40	180784	180823	7.28e-11	75.0	40
LLLU01000074.1	NC_009656.1	100.000	537623	537658	36	237874	237909	1.22e-08	67.6	36
LLLU01000074.1	NC_009656.1	100.000	5798839	5798868	30	371246	371275	2.64e-05	56.5	30
LLLU01000074.1	NC_009656.1	100.000	509810	509838	29	268785	268813	9.48e-05	54.7	29
LLLU01000074.1	NC_009656.1	100.000	405929	405902	28	369634	369661	3.41e-04	52.8	28
LLLU01000074.1	NC_009656.1	100.000	406015	405988	28	369720	369747	3.41e-04	52.8	28
LLLU01000077.1	NC_009656.1	98.435	4590128	4585145	4985	834	5817	0.0	8772	4907
LLLU01000078.1	NC_009656.1	99.475	4580136	4574613	5524	1	5524	0.0	10041	5495
LLLU01000080.1	NC_009656.1	99.508	3498469	3503545	5077	1	5077	0.0	9238	5052
LLLU01000080.1	NC_009656.1	99.330	879135	884211	5077	1	5077	0.0	9188	5043
LLLU01000081.1	NC_009656.1	99.015	2829752	2830462	711	540	1250	0.0	1275	704
LLLU01000081.1	NC_009656.1	99.333	50347	50496	150	2092	2241	2.80e-72	272	149
LLLU01000081.1	NC_009656.1	99.333	2809514	2809663	150	2092	2241	2.80e-72	272	149
LLLU01000081.1	NC_009656.1	100.000	2809883	2809945	63	2230	2292	1.39e-25	117	63
LLLU01000081.1	NC_009656.1	100.000	50716	50777	62	2230	2291	5.00e-25	115	62
LLLU01000081.1	NC_009656.1	100.000	2822751	2822795	45	2247	2291	1.41e-15	84.2	45
LLLU01000082.1	NC_009656.1	100.000	116355	117140	786	3726	4511	0.0	1452	786
LLLU01000085.1	NC_009656.1	99.408	6057667	5993322	64362	203946	268282	0.0	1.167e+05	63981
LLLU01000085.1	NC_009656.1	99.184	5954542	5892685	61868	304391	366248	0.0	1.114e+05	61363
LLLU01000085.1	NC_009656.1	99.239	6179680	6120291	59411	51025	110425	0.0	1.072e+05	58959
LLLU01000085.1	NC_009656.1	99.198	6227699	6180718	47000	4017	50985	0.0	84658	46623
LLLU01000085.1	NC_009656.1	99.133	5993605	5957397	36225	267942	304155	0.0	65130	35911
LLLU01000085.1	NC_009656.1	98.921	6092482	6057642	34846	168841	203682	0.0	62257	34470
LLLU01000085.1	NC_009656.1	99.129	6118967	6092436	26533	110423	136953	0.0	47714	26302
LLLU01000085.1	NC_009656.1	98.368	5220766	5205335	15444	137045	152466	0.0	27093	15192
LLLU01000085.1	NC_009656.1	98.080	689324	703804	14481	138002	152466	0.0	25187	14203
LLLU01000085.1	NC_009656.1	99.573	6270035	6267459	2577	1440	4016	0.0	4698	2566
LLLU01000085.1	NC_009656.1	100.000	4368996	4368758	239	1	239	1.54e-121	442	239
LLLU01000085.1	NC_009656.1	99.583	4826283	4826522	240	1	240	1.99e-120	438	239
LLLU01000085.1	NC_009656.1	99.582	2429419	2429181	239	1	239	7.17e-120	436	238
LLLU01000085.1	NC_009656.1	99.582	2539377	2539615	239	1	239	7.17e-120	436	238
LLLU01000085.1	NC_009656.1	99.170	4926393	4926633	241	1	240	9.27e-119	433	239
LLLU01000085.1	NC_009656.1	99.163	2888227	2888465	239	1	239	3.34e-118	431	237
LLLU01000085.1	NC_009656.1	100.000	6180131	6180089	43	50982	51024	1.39e-12	80.5	43
LLLU01000085.1	NC_009656.1	100.000	454851	454882	32	281	312	1.81e-06	60.2	32
LLLU01000086.1	NC_009656.1	99.379	2820393	2820875	483	429	911	0.0	876	480
LLLU01000086.1	NC_009656.1	98.540	2832603	2832876	274	655	926	1.07e-135	483	270
LLLU01000087.1	NC_009656.1	99.557	4583072	4580366	2707	1314	4020	0.0	4933	2695
LLLU01000087.1	NC_009656.1	99.460	4584640	4583344	1297	1	1297	0.0	2357	1290
LLLU01000088.1	NC_009656.1	99.228	5027063	5031079	4017	1	4017	0.0	7247	3986
LLLU01000089.1	NC_009656.1	98.733	4608155	4604289	3867	1	3867	0.0	6870	3818
LLLU01000090.1	NC_009656.1	99.469	815641	812063	3579	1	3579	0.0	6505	3560
LLLU01000090.1	NC_009656.1	100.000	6353418	6353654	237	3343	3579	1.93e-122	438	237
LLLU01000090.1	NC_009656.1	99.582	5566180	5566418	239	3341	3579	6.93e-122	436	238
LLLU01000090.1	NC_009656.1	99.153	4982868	4983102	236	3344	3579	5.39e-118	424	234
LLLU01000091.1	NC_009656.1	98.077	4659312	4659363	52	2369	2420	5.81e-18	91.6	51
LLLU01000093.1	NC_009656.1	99.451	2828536	2828173	364	2506	2869	0.0	662	362
LLLU01000093.1	NC_009656.1	98.623	2824951	2824589	363	2507	2869	0.0	643	358
LLLU01000093.1	NC_009656.1	98.082	2826716	2826352	365	2505	2869	0.0	636	358
LLLU01000093.1	NC_009656.1	98.310	2812092	2811738	355	2515	2869	3.97e-178	623	349
LLLU01000093.1	NC_009656.1	99.671	2823054	2822751	304	1	304	4.08e-158	556	303
LLLU01000094.1	NC_009656.1	98.894	2817312	2816862	452	59	510	0.0	806	447
LLLU01000094.1	NC_009656.1	98.744	49721	49324	398	1	398	0.0	708	393
LLLU01000094.1	NC_009656.1	98.744	2808888	2808491	398	1	398	0.0	708	393
LLLU01000094.1	NC_009656.1	98.901	2826715	2826352	364	2398	2761	0.0	651	360
LLLU01000094.1	NC_009656.1	98.623	2824951	2824589	363	2399	2761	0.0	643	358
LLLU01000094.1	NC_009656.1	98.563	2812085	2811738	348	2414	2761	6.38e-176	616	343
LLLU01000094.1	NC_009656.1	98.701	2833980	2833904	77	1209	1285	6.06e-32	137	76
LLLU01000096.1	NC_009656.1	99.199	5713792	5822134	108379	143238	251577	0.0	1.953e+05	107511
LLLU01000096.1	NC_009656.1	99.368	5571410	5674221	102819	1	102788	0.0	1.862e+05	102169
LLLU01000096.1	NC_009656.1	99.325	5822223	5876002	53783	253391	307171	0.0	97302	53420
LLLU01000096.1	NC_009656.1	99.293	5686108	5713813	27710	115158	142848	0.0	50063	27514
LLLU01000096.1	NC_009656.1	99.395	5674250	5684491	10244	102788	113031	0.0	18572	10182
LLLU01000096.1	NC_009656.1	98.492	5684475	5686065	1592	113399	114990	0.0	2806	1568
LLLU01000096.1	NC_009656.1	99.006	807071	806569	503	1	503	0.0	902	498
LLLU01000096.1	NC_009656.1	98.438	4988094	4988605	512	1	512	0.0	902	504
LLLU01000096.1	NC_009656.1	98.211	6358646	6359148	503	1	503	0.0	880	494
LLLU01000096.1	NC_009656.1	100.000	6517407	6517439	33	182534	182566	4.21e-07	62.1	33
LLLU01000096.1	NC_009656.1	100.000	1730800	1730770	31	192599	192629	5.45e-06	58.4	31
LLLU01000096.1	NC_009656.1	100.000	5753120	5753091	30	229510	229539	1.96e-05	56.5	30
LLLU01000096.1	NC_009656.1	100.000	5838963	5838935	29	108131	108159	7.04e-05	54.7	29
LLLU01000099.1	NC_009656.1	99.959	4614465	4616890	2426	1	2426	0.0	4475	2425
LLLU01000101.1	NC_009656.1	98.467	2828157	2827636	522	1	521	0.0	918	514
LLLU01000101.1	NC_009656.1	99.140	2824937	2824589	349	1987	2335	6.92e-180	628	346
LLLU01000101.1	NC_009656.1	99.138	2812085	2811738	348	1988	2335	2.49e-179	627	345
LLLU01000101.1	NC_009656.1	98.315	2826706	2826352	356	1980	2335	3.22e-178	623	350
LLLU01000101.1	NC_009656.1	98.567	2828521	2828173	349	1987	2335	1.50e-176	617	344
LLLU01000101.1	NC_009656.1	100.000	2819327	2819293	35	1110	1144	2.45e-10	65.8	35
LLLU01000101.1	NC_009656.1	100.000	54444	54417	28	533	560	1.91e-06	52.8	28
LLLU01000103.1	NC_009656.1	98.248	4573188	4574727	1541	771	2306	0.0	2691	1514
LLLU01000103.1	NC_009656.1	99.167	2430178	2430417	240	1	240	5.75e-121	433	238
LLLU01000103.1	NC_009656.1	99.163	2538618	2538380	239	1	239	2.07e-120	431	237
LLLU01000103.1	NC_009656.1	99.163	2887468	2887230	239	1	239	2.07e-120	431	237
LLLU01000103.1	NC_009656.1	99.163	4369755	4369993	239	1	239	2.07e-120	431	237
LLLU01000103.1	NC_009656.1	98.745	4563025	4563263	239	1	239	9.63e-119	425	236
LLLU01000103.1	NC_009656.1	98.745	4925634	4925396	239	1	239	9.63e-119	425	236
LLLU01000103.1	NC_009656.1	98.148	6228674	6228621	54	186	239	3.08e-19	95.3	53
LLLU01000103.1	NC_009656.1	100.000	5325750	5325795	46	1336	1381	1.86e-16	86.1	46
LLLU01000105.1	NC_009656.1	100.000	2888139	2887901	239	1813	2051	8.49e-124	442	239
LLLU01000105.1	NC_009656.1	100.000	4369084	4369322	239	1813	2051	8.49e-124	442	239
LLLU01000105.1	NC_009656.1	100.000	4926305	4926067	239	1813	2051	8.49e-124	442	239
LLLU01000105.1	NC_009656.1	99.582	2429270	2429508	239	1	239	3.95e-122	436	238
LLLU01000105.1	NC_009656.1	99.582	2429507	2429745	239	1813	2051	3.95e-122	436	238
LLLU01000105.1	NC_009656.1	99.582	2539289	2539051	239	1813	2051	3.95e-122	436	238
LLLU01000105.1	NC_009656.1	99.582	2539526	2539288	239	1	239	3.95e-122	436	238
LLLU01000105.1	NC_009656.1	99.582	4368847	4369085	239	1	239	3.95e-122	436	238
LLLU01000105.1	NC_009656.1	99.582	4826195	4825957	239	1813	2051	3.95e-122	436	238
LLLU01000105.1	NC_009656.1	99.163	4826432	4826194	239	1	239	1.84e-120	431	237
LLLU01000105.1	NC_009656.1	98.745	2888376	2888138	239	1	239	8.55e-119	425	236
LLLU01000105.1	NC_009656.1	98.750	4926543	4926304	240	1	239	8.55e-119	425	237
LLLU01000105.1	NC_009656.1	99.275	4562455	4562592	138	1914	2051	5.52e-66	250	137
LLLU01000106.1	NC_009656.1	99.652	4614417	4614703	287	1688	1974	7.89e-149	525	286
LLLU01000107.1	NC_009656.1	99.339	2539652	2638379	98732	511	99241	0.0	1.787e+05	98079
LLLU01000107.1	NC_009656.1	99.216	2717953	2800447	82512	189520	272023	0.0	1.488e+05	81865
LLLU01000107.1	NC_009656.1	99.062	2673704	2703436	29745	143724	173455	0.0	53360	29466
LLLU01000107.1	NC_009656.1	98.997	2657270	2673705	16448	124776	141210	0.0	29436	16283
LLLU01000107.1	NC_009656.1	99.078	2641600	2656342	14758	107141	121894	0.0	26482	14622
LLLU01000107.1	NC_009656.1	98.065	2704540	2717963	13436	174228	187658	0.0	23355	13176
LLLU01000107.1	NC_009656.1	98.836	2638382	2641301	2920	99335	102254	0.0	5204	2886
LLLU01000107.1	NC_009656.1	98.983	2430122	2430416	295	1	295	8.50e-148	529	292
LLLU01000107.1	NC_009656.1	98.983	2538674	2538380	295	1	295	8.50e-148	529	292
LLLU01000107.1	NC_009656.1	98.983	2887524	2887230	295	1	295	8.50e-148	529	292
LLLU01000107.1	NC_009656.1	98.983	4369699	4369993	295	1	295	8.50e-148	529	292
LLLU01000107.1	NC_009656.1	98.649	4925690	4925395	296	1	296	1.10e-146	525	292
LLLU01000107.1	NC_009656.1	98.644	4562969	4563263	295	1	295	3.96e-146	523	291
LLLU01000107.1	NC_009656.1	100.000	2390748	2390827	80	96757	96836	2.78e-33	148	80
LLLU01000107.1	NC_009656.1	100.000	2390592	2390670	79	96761	96839	1.00e-32	147	79
LLLU01000107.1	NC_009656.1	98.148	6228674	6228621	54	242	295	3.68e-17	95.3	53
LLLU01000107.1	NC_009656.1	100.000	5782646	5782615	32	265477	265508	1.34e-06	60.2	32
LLLU01000107.1	NC_009656.1	100.000	5447511	5447481	31	72728	72758	4.82e-06	58.4	31
LLLU01000108.1	NC_009656.1	98.861	2810045	2811976	1932	1	1932	0.0	3446	1910
LLLU01000108.1	NC_009656.1	98.810	2822896	2824827	1932	1	1932	0.0	3441	1909
LLLU01000108.1	NC_009656.1	99.113	2827848	2828411	564	1369	1932	0.0	1014	559
LLLU01000108.1	NC_009656.1	98.936	2826027	2826590	564	1369	1932	0.0	1009	558
LLLU01000110.1	NC_009656.1	99.556	2826388	2824589	1800	1	1800	0.0	3280	1792
LLLU01000110.1	NC_009656.1	98.432	2828209	2827636	574	1	572	0.0	1009	565
LLLU01000110.1	NC_009656.1	98.347	2826714	2826352	363	1438	1800	0.0	638	357
LLLU01000110.1	NC_009656.1	98.066	2811774	2811413	362	1	362	1.48e-180	630	355
LLLU01000110.1	NC_009656.1	98.066	2824625	2824264	362	1	362	1.48e-180	630	355
LLLU01000113.1	NC_009656.1	98.453	4632003	4633229	1228	3	1230	0.0	2161	1209
LLLU01000115.1	NC_009656.1	98.589	2809239	2810372	1134	1	1134	0.0	2006	1118
LLLU01000115.1	NC_009656.1	99.366	2822751	2823223	473	662	1134	0.0	857	470
LLLU01000115.1	NC_009656.1	98.524	2822501	2822771	271	1	271	3.55e-135	479	267
LLLU01000116.1	NC_009656.1	99.354	5322503	5323586	1084	3	1086	0.0	1964	1077
LLLU01000116.1	NC_009656.1	99.263	5875764	5876849	1086	1	1086	0.0	1962	1078
LLLU01000117.1	NC_009656.1	98.895	2817312	2817132	181	884	1064	1.65e-88	324	179
LLLU01000118.1	NC_009656.1	98.956	5191259	5109001	82267	89813	172076	0.0	1.471e+05	81408
LLLU01000118.1	NC_009656.1	99.213	5284859	5221133	63747	26012	89754	0.0	1.149e+05	63245
LLLU01000118.1	NC_009656.1	99.141	5102990	5061322	41685	176921	218604	0.0	74978	41327
LLLU01000118.1	NC_009656.1	99.226	5061238	5031017	30230	233384	263607	0.0	54516	29996
LLLU01000118.1	NC_009656.1	99.320	5322739	5309074	13667	1	13658	0.0	24714	13574
LLLU01000118.1	NC_009656.1	99.485	5295107	5286183	8926	17090	26014	0.0	16227	8880
LLLU01000118.1	NC_009656.1	98.471	5109017	5104309	4709	172219	176927	0.0	8298	4637
LLLU01000118.1	NC_009656.1	98.028	5027591	5027085	507	263101	263607	0.0	881	497
LLLU01000118.1	NC_009656.1	100.000	5306042	5305947	96	17041	17136	3.44e-42	178	96
LLLU01000118.1	NC_009656.1	100.000	5220941	5220860	82	89756	89837	2.08e-34	152	82
LLLU01000118.1	NC_009656.1	100.000	2359776	2359743	34	190255	190288	1.00e-07	63.9	34
LLLU01000118.1	NC_009656.1	100.000	1054985	1055017	33	167845	167877	3.61e-07	62.1	33
LLLU01000118.1	NC_009656.1	100.000	4443174	4443146	29	94151	94179	6.05e-05	54.7	29
LLLU01000121.1	NC_009656.1	99.532	2430360	2429507	854	1	854	0.0	1555	850
LLLU01000121.1	NC_009656.1	99.532	2538436	2539289	854	1	854	0.0	1555	850
LLLU01000121.1	NC_009656.1	99.532	2887286	2888139	854	1	854	0.0	1555	850
LLLU01000121.1	NC_009656.1	99.532	4369937	4369084	854	1	854	0.0	1555	850
LLLU01000121.1	NC_009656.1	99.415	4925452	4926305	854	1	854	0.0	1550	849
LLLU01000121.1	NC_009656.1	98.359	4825343	4826195	853	2	854	0.0	1498	839
LLLU01000121.1	NC_009656.1	98.805	4563207	4562455	753	1	753	0.0	1341	744
LLLU01000124.1	NC_009656.1	100.000	4617388	4616652	737	1	737	0.0	1362	737
LLLU01000125.1	NC_009656.1	100.000	4614106	4614703	598	1	598	0.0	1105	598
LLLU01000127.1	NC_009656.1	98.833	2810215	2809702	514	1	514	0.0	917	508
LLLU01000127.1	NC_009656.1	98.734	2823066	2822751	316	1	316	1.52e-160	562	312
LLLU01000128.1	NC_009656.1	98.498	2810214	2810679	466	1	466	0.0	822	459
LLLU01000128.1	NC_009656.1	98.498	2823065	2823530	466	1	466	0.0	822	459
