JTYF01000010.1	NC_009656.1	98.223	2521061	2520274	788	330	1117	0.0	1378	774
JTYF01000010.1	NC_009656.1	100.000	2521358	2521060	299	1	299	2.89e-155	553	299
JTYF01000010.1	NC_009656.1	98.712	2430416	2430184	233	155780	156012	1.42e-113	414	230
JTYF01000010.1	NC_009656.1	99.559	2538380	2538606	227	155780	156006	1.42e-113	414	226
JTYF01000010.1	NC_009656.1	99.559	2887230	2887456	227	155780	156006	1.42e-113	414	226
JTYF01000010.1	NC_009656.1	98.712	4369993	4369761	233	155780	156012	1.42e-113	414	230
JTYF01000010.1	NC_009656.1	99.123	4925395	4925622	228	155779	156006	1.84e-112	411	226
JTYF01000010.1	NC_009656.1	98.283	4825286	4825518	233	155780	156012	6.63e-112	409	229
JTYF01000010.1	NC_009656.1	100.000	4728291	4728212	80	86250	86329	1.60e-33	148	80
JTYF01000010.1	NC_009656.1	100.000	5325827	5325750	78	154945	155022	2.06e-32	145	78
JTYF01000011.1	NC_009656.1	100.000	5326191	5326159	33	336752	336784	5.73e-07	62.1	33
JTYF01000011.1	NC_009656.1	100.000	3583926	3583955	30	336752	336781	2.67e-05	56.5	30
JTYF01000012.1	NC_009656.1	98.333	717831	717949	120	294129	294247	1.74e-51	209	118
JTYF01000012.1	NC_009656.1	100.000	1254839	1254881	43	145794	145836	1.43e-12	80.5	43
JTYF01000012.1	NC_009656.1	100.000	1054822	1054789	34	186595	186628	1.44e-07	63.9	34
JTYF01000012.1	NC_009656.1	100.000	1054822	1054789	34	186474	186507	1.44e-07	63.9	34
JTYF01000012.1	NC_009656.1	100.000	537655	537623	33	137755	137787	5.17e-07	62.1	33
JTYF01000012.1	NC_009656.1	100.000	1593807	1593776	32	236002	236033	1.86e-06	60.2	32
JTYF01000012.1	NC_009656.1	100.000	2889344	2889313	32	236002	236033	1.86e-06	60.2	32
JTYF01000012.1	NC_009656.1	100.000	2717947	2717918	30	236004	236033	2.41e-05	56.5	30
JTYF01000012.1	NC_009656.1	100.000	5798868	5798839	30	7327	7356	2.41e-05	56.5	30
JTYF01000012.1	NC_009656.1	100.000	1699797	1699769	29	179281	179309	8.65e-05	54.7	29
JTYF01000012.1	NC_009656.1	100.000	509837	509810	28	106917	106944	3.11e-04	52.8	28
JTYF01000012.1	NC_009656.1	100.000	5110423	5110450	28	268552	268579	3.11e-04	52.8	28
JTYF01000013.1	NC_009656.1	100.000	377639	377668	30	90857	90886	8.34e-06	56.5	30
JTYF01000013.1	NC_009656.1	100.000	857792	857764	29	121403	121431	3.00e-05	54.7	29
JTYF01000015.1	NC_009656.1	98.592	5412979	5412909	71	8529	8599	4.14e-27	126	70
JTYF01000015.1	NC_009656.1	100.000	4760196	4760165	32	78594	78625	4.26e-07	60.2	32
JTYF01000016.1	NC_009656.1	98.561	2078101	2077963	139	32190	32328	7.87e-63	246	137
JTYF01000016.1	NC_009656.1	100.000	6520059	6520030	30	164769	164798	1.42e-05	56.5	30
JTYF01000018.1	NC_009656.1	98.057	5103126	5104309	1184	5103	6286	0.0	2060	1161
JTYF01000018.1	NC_009656.1	100.000	5221098	5221132	35	6252	6286	2.44e-08	65.8	35
JTYF01000018.1	NC_009656.1	100.000	56253	56283	31	230552	230582	4.09e-06	58.4	31
JTYF01000018.1	NC_009656.1	100.000	2834532	2834562	31	230552	230582	4.09e-06	58.4	31
JTYF01000018.1	NC_009656.1	100.000	3927006	3926978	29	127757	127785	5.29e-05	54.7	29
JTYF01000019.1	NC_009656.1	98.258	2539655	2549873	10221	706	10924	0.0	17885	10043
JTYF01000019.1	NC_009656.1	98.765	2390591	2390671	81	164895	164974	8.43e-32	143	80
JTYF01000019.1	NC_009656.1	100.000	2390752	2390828	77	164896	164972	8.43e-32	143	77
JTYF01000020.1	NC_009656.1	100.000	5270206	5270168	39	177033	177071	1.80e-10	73.1	39
JTYF01000021.1	NC_009656.1	100.000	2717949	2717917	33	80890	80922	2.90e-07	62.1	33
JTYF01000021.1	NC_009656.1	100.000	5753123	5753091	33	113999	114031	2.90e-07	62.1	33
JTYF01000021.1	NC_009656.1	100.000	2889342	2889312	31	80892	80922	3.76e-06	58.4	31
JTYF01000023.1	NC_009656.1	99.261	139576	139981	406	1	406	0.0	734	403
JTYF01000023.1	NC_009656.1	100.000	3794381	3794409	29	82587	82615	2.14e-05	54.7	29
JTYF01000024.1	NC_009656.1	98.113	816503	816451	53	52833	52885	2.57e-17	93.5	52
JTYF01000025.1	NC_009656.1	98.133	2971839	3014127	42305	41516	83812	0.0	73724	41515
JTYF01000026.1	NC_009656.1	100.000	879006	879042	37	111345	111381	1.11e-09	69.4	37
JTYF01000028.1	NC_009656.1	99.732	3162495	3175191	12699	11075	23771	0.0	23259	12665
JTYF01000028.1	NC_009656.1	100.000	1054741	1054773	33	58232	58264	1.28e-07	62.1	33
JTYF01000028.1	NC_009656.1	100.000	1730770	1730800	31	58052	58082	1.66e-06	58.4	31
JTYF01000029.1	NC_009656.1	99.332	5571733	5566209	5542	1	5542	0.0	10013	5505
JTYF01000029.1	NC_009656.1	99.296	4988417	4982893	5542	1	5542	0.0	10002	5503
JTYF01000029.1	NC_009656.1	99.296	806748	812269	5539	1	5539	0.0	9997	5500
JTYF01000029.1	NC_009656.1	99.278	6358969	6353445	5542	1	5542	0.0	9997	5502
JTYF01000003.1	NC_009656.1	100.000	1113485	1113452	34	158559	158592	2.52e-07	63.9	34
JTYF01000003.1	NC_009656.1	100.000	1763165	1763197	33	221572	221604	9.08e-07	62.1	33
JTYF01000003.1	NC_009656.1	100.000	6517439	6517407	33	472835	472867	9.08e-07	62.1	33
JTYF01000003.1	NC_009656.1	100.000	1730770	1730800	31	462078	462108	1.17e-05	58.4	31
JTYF01000003.1	NC_009656.1	100.000	1009457	1009486	30	472154	472183	4.22e-05	56.5	30
JTYF01000003.1	NC_009656.1	100.000	5753091	5753120	30	424241	424270	4.22e-05	56.5	30
JTYF01000003.1	NC_009656.1	100.000	1890503	1890531	29	627405	627433	1.52e-04	54.7	29
JTYF01000003.1	NC_009656.1	100.000	5838935	5838963	29	554300	554328	1.52e-04	54.7	29
JTYF01000030.1	NC_009656.1	98.571	2521477	2521338	140	173455	173594	1.70e-63	248	138
JTYF01000030.1	NC_009656.1	100.000	21334	21361	28	27407	27434	1.43e-04	52.8	28
JTYF01000032.1	NC_009656.1	100.000	630183	630150	34	35184	35217	2.94e-08	63.9	34
JTYF01000033.1	NC_009656.1	100.000	1181194	1181161	34	18490	18523	1.14e-08	63.9	34
JTYF01000035.1	NC_009656.1	98.673	4583778	4584681	904	1	904	0.0	1604	892
JTYF01000036.1	NC_009656.1	100.000	454851	454884	34	87446	87479	3.33e-08	63.9	34
JTYF01000036.1	NC_009656.1	100.000	5169524	5169553	30	23126	23155	5.58e-06	56.5	30
JTYF01000037.1	NC_009656.1	100.000	4926573	4926634	62	1	62	1.87e-24	115	62
JTYF01000037.1	NC_009656.1	100.000	4826462	4826522	61	1	61	6.73e-24	113	61
JTYF01000037.1	NC_009656.1	100.000	2888406	2888465	60	1	60	2.42e-23	111	60
JTYF01000037.1	NC_009656.1	100.000	4368817	4368758	60	1	60	2.42e-23	111	60
JTYF01000037.1	NC_009656.1	98.333	2429240	2429181	60	1	60	1.13e-21	106	59
JTYF01000037.1	NC_009656.1	98.333	2539556	2539615	60	1	60	1.13e-21	106	59
JTYF01000038.1	NC_009656.1	100.000	207158	207193	36	19276	19311	7.87e-10	67.6	36
JTYF01000038.1	NC_009656.1	100.000	5782615	5782646	32	6196	6227	1.32e-07	60.2	32
JTYF01000038.1	NC_009656.1	100.000	4275848	4275878	31	19279	19309	4.73e-07	58.4	31
JTYF01000004.1	NC_009656.1	98.132	4827739	4835927	8191	26886	35074	0.0	14275	8038
JTYF01000004.1	NC_009656.1	100.000	1203622	1203654	33	73081	73113	1.87e-07	62.1	33
JTYF01000041.1	NC_009656.1	100.000	2497689	2497716	28	10837	10864	4.05e-05	52.8	28
JTYF01000042.1	NC_009656.1	98.217	2520274	2520834	561	5450	6010	0.0	981	551
JTYF01000043.1	NC_009656.1	100.000	94211	94238	28	104200	104227	8.61e-05	52.8	28
JTYF01000045.1	NC_009656.1	99.015	139981	139576	406	3522	3927	0.0	728	402
JTYF01000046.1	NC_009656.1	100.000	6347719	6347752	34	24821	24854	1.68e-08	63.9	34
JTYF01000046.1	NC_009656.1	100.000	1730770	1730800	31	34238	34268	7.82e-07	58.4	31
JTYF01000047.1	NC_009656.1	99.291	2521338	2521478	141	1	141	4.29e-67	255	140
JTYF01000049.1	NC_009656.1	100.000	103479	103451	29	15278	15306	6.27e-06	54.7	29
JTYF01000049.1	NC_009656.1	100.000	2321497	2321525	29	4333	4361	6.27e-06	54.7	29
JTYF01000005.1	NC_009656.1	98.854	1974940	2044628	69700	2	69695	0.0	1.243e+05	68901
JTYF01000005.1	NC_009656.1	99.029	1900200	1900405	206	102467	102672	1.02e-99	370	204
JTYF01000005.1	NC_009656.1	98.795	5325918	5326000	83	54273	54355	5.22e-33	148	82
JTYF01000005.1	NC_009656.1	100.000	2390752	2390829	78	404434	404511	6.75e-32	145	78
JTYF01000005.1	NC_009656.1	100.000	2038208	2038284	77	404355	404431	2.43e-31	143	77
JTYF01000005.1	NC_009656.1	100.000	2390513	2390589	77	63274	63350	2.43e-31	143	77
JTYF01000005.1	NC_009656.1	100.000	2038500	2038575	76	404356	404431	8.74e-31	141	76
JTYF01000005.1	NC_009656.1	100.000	2390514	2390589	76	63566	63641	8.74e-31	141	76
JTYF01000005.1	NC_009656.1	100.000	2390592	2390667	76	404594	404669	8.74e-31	141	76
JTYF01000005.1	NC_009656.1	98.734	2635896	2635974	79	404591	404669	8.74e-31	141	78
JTYF01000005.1	NC_009656.1	100.000	2635899	2635974	76	404434	404509	8.74e-31	141	76
JTYF01000005.1	NC_009656.1	100.000	5089635	5089668	34	373771	373804	1.95e-07	63.9	34
JTYF01000005.1	NC_009656.1	100.000	2002682	2002653	30	27716	27745	3.26e-05	56.5	30
JTYF01000005.1	NC_009656.1	100.000	1038123	1038095	29	69667	69695	1.17e-04	54.7	29
JTYF01000005.1	NC_009656.1	100.000	3387642	3387614	29	335468	335496	1.17e-04	54.7	29
JTYF01000005.1	NC_009656.1	100.000	6397298	6397271	28	457790	457817	4.21e-04	52.8	28
JTYF01000052.1	NC_009656.1	99.983	6250417	6232487	17931	9940	27870	0.0	33096	17928
JTYF01000052.1	NC_009656.1	99.987	6258565	6250886	7680	193	7872	0.0	14177	7679
JTYF01000052.1	NC_009656.1	100.000	6250889	6250416	474	8887	9360	0.0	876	474
JTYF01000052.1	NC_009656.1	100.000	6231152	6231111	42	27869	27910	4.18e-13	78.7	42
JTYF01000052.1	NC_009656.1	100.000	94238	94210	29	166	194	7.04e-06	54.7	29
JTYF01000054.1	NC_009656.1	100.000	2829715	2829745	31	1609	1639	1.18e-07	58.4	31
JTYF01000060.1	NC_009656.1	98.874	2823703	2824945	1243	4045	5287	0.0	2218	1229
JTYF01000060.1	NC_009656.1	98.714	2810852	2812095	1244	4045	5288	0.0	2209	1228
JTYF01000060.1	NC_009656.1	100.000	2819293	2819327	35	8000	8034	2.60e-09	65.8	35
JTYF01000060.1	NC_009656.1	100.000	56252	56285	34	7100	7133	9.35e-09	63.9	34
JTYF01000060.1	NC_009656.1	100.000	2834531	2834564	34	7100	7133	9.35e-09	63.9	34
JTYF01000060.1	NC_009656.1	100.000	2813050	2813018	33	7099	7131	3.36e-08	62.1	33
JTYF01000060.1	NC_009656.1	100.000	2831176	2831144	33	7099	7131	3.36e-08	62.1	33
JTYF01000060.1	NC_009656.1	100.000	2829745	2829715	31	5957	5987	4.35e-07	58.4	31
JTYF01000062.1	NC_009656.1	99.444	4580913	4583072	2160	21	2180	0.0	3923	2148
JTYF01000062.1	NC_009656.1	98.462	4583344	4583798	455	2197	2651	0.0	802	448
JTYF01000064.1	NC_009656.1	98.032	2818378	2817313	1067	2639	3705	0.0	1853	1046
JTYF01000064.1	NC_009656.1	98.964	2813819	2813627	193	1	193	1.51e-94	346	191
JTYF01000067.1	NC_009656.1	98.021	831864	816451	15415	1	15414	0.0	26775	15110
JTYF01000068.1	NC_009656.1	98.483	2831135	2829752	1384	258	1640	0.0	2438	1363
JTYF01000069.1	NC_009656.1	100.000	2917956	2917918	39	4996	5034	2.37e-11	73.1	39
JTYF01000069.1	NC_009656.1	100.000	454882	454850	33	24454	24486	5.12e-08	62.1	33
JTYF01000069.1	NC_009656.1	100.000	1704385	1704354	32	63	94	1.84e-07	60.2	32
JTYF01000007.1	NC_009656.1	98.485	4150354	4150289	66	2248	2313	1.25e-23	117	65
JTYF01000007.1	NC_009656.1	100.000	3725240	3725269	30	187229	187258	2.76e-05	56.5	30
JTYF01000072.1	NC_009656.1	98.496	2429997	2429333	665	1	664	0.0	1171	655
JTYF01000072.1	NC_009656.1	98.496	2538799	2539463	665	1	664	0.0	1171	655
JTYF01000072.1	NC_009656.1	98.496	2887649	2888313	665	1	664	0.0	1171	655
JTYF01000072.1	NC_009656.1	98.496	4369574	4368910	665	1	664	0.0	1171	655
JTYF01000072.1	NC_009656.1	98.348	4925815	4926480	666	1	664	0.0	1168	655
JTYF01000072.1	NC_009656.1	98.045	4825705	4826369	665	1	664	0.0	1155	652
JTYF01000072.1	NC_009656.1	98.462	4562844	4562455	390	1	390	0.0	688	384
JTYF01000073.1	NC_009656.1	99.354	4825286	4826369	1084	1	1084	0.0	1964	1077
JTYF01000073.1	NC_009656.1	98.524	2887230	2888313	1084	1	1084	0.0	1914	1068
JTYF01000073.1	NC_009656.1	98.432	2430416	2429333	1084	1	1084	0.0	1908	1067
JTYF01000073.1	NC_009656.1	98.432	2538380	2539463	1084	1	1084	0.0	1908	1067
JTYF01000073.1	NC_009656.1	98.432	4369993	4368910	1084	1	1084	0.0	1908	1067
JTYF01000073.1	NC_009656.1	98.341	4925396	4926480	1085	1	1084	0.0	1903	1067
JTYF01000073.1	NC_009656.1	98.517	4563263	4562455	809	1	809	0.0	1428	797
JTYF01000075.1	NC_009656.1	98.795	2813093	2813011	83	1	83	1.51e-35	148	82
JTYF01000075.1	NC_009656.1	98.734	2831219	2831141	79	1	79	2.52e-33	141	78
JTYF01000075.1	NC_009656.1	100.000	56252	56283	32	45	76	7.26e-09	60.2	32
JTYF01000075.1	NC_009656.1	100.000	2834531	2834562	32	45	76	7.26e-09	60.2	32
JTYF01000075.1	NC_009656.1	100.000	2829715	2829745	31	46	76	2.61e-08	58.4	31
JTYF01000076.1	NC_009656.1	98.214	56061	56284	224	1	224	7.61e-109	392	220
JTYF01000076.1	NC_009656.1	99.219	2833853	2833980	128	229	356	1.76e-60	231	127
JTYF01000076.1	NC_009656.1	98.765	2813013	2813093	81	1723	1803	2.35e-34	145	80
JTYF01000076.1	NC_009656.1	100.000	56283	56252	32	1728	1759	8.77e-09	60.2	32
JTYF01000076.1	NC_009656.1	100.000	2813049	2813018	32	192	223	8.77e-09	60.2	32
JTYF01000076.1	NC_009656.1	100.000	2829715	2829746	32	193	224	8.77e-09	60.2	32
JTYF01000076.1	NC_009656.1	100.000	2831175	2831144	32	192	223	8.77e-09	60.2	32
JTYF01000076.1	NC_009656.1	100.000	2834562	2834531	32	1728	1759	8.77e-09	60.2	32
JTYF01000076.1	NC_009656.1	100.000	2829745	2829715	31	1728	1758	3.15e-08	58.4	31
JTYF01000079.1	NC_009656.1	100.000	5674245	5674215	31	1250	1280	2.23e-08	58.4	31
JTYF01000008.1	NC_009656.1	98.542	4597728	4645174	47454	6784	54234	0.0	83789	46762
JTYF01000008.1	NC_009656.1	98.340	5534884	5536147	1265	265790	267054	0.0	2218	1244
JTYF01000008.1	NC_009656.1	98.795	2029210	2029292	83	69119	69201	2.96e-33	148	82
JTYF01000008.1	NC_009656.1	98.780	4659308	4659389	82	68948	69029	1.06e-32	147	81
JTYF01000008.1	NC_009656.1	100.000	111880	111843	38	249753	249790	6.58e-10	71.3	38
JTYF01000008.1	NC_009656.1	100.000	111843	111880	38	243327	243364	6.58e-10	71.3	38
JTYF01000008.1	NC_009656.1	100.000	2370383	2370352	32	69381	69412	1.43e-06	60.2	32
JTYF01000080.1	NC_009656.1	98.822	2848172	2847579	594	9	602	0.0	1059	587
JTYF01000080.1	NC_009656.1	98.007	6408775	6408174	602	1	602	0.0	1046	590
JTYF01000081.1	NC_009656.1	98.904	1086001	1086365	365	1073	1437	0.0	652	361
JTYF01000081.1	NC_009656.1	98.904	3425046	3425410	365	1073	1437	0.0	652	361
JTYF01000082.1	NC_009656.1	99.159	2822487	2821180	1308	1	1307	0.0	2353	1297
JTYF01000082.1	NC_009656.1	100.000	2813018	2813049	32	1314	1345	7.45e-09	60.2	32
JTYF01000082.1	NC_009656.1	100.000	2829746	2829715	32	1313	1344	7.45e-09	60.2	32
JTYF01000082.1	NC_009656.1	100.000	2831144	2831175	32	1314	1345	7.45e-09	60.2	32
JTYF01000083.1	NC_009656.1	99.069	56081	55545	537	1	537	0.0	965	532
JTYF01000083.1	NC_009656.1	99.611	2813587	2813074	514	24	537	0.0	939	512
JTYF01000083.1	NC_009656.1	99.027	2831713	2831200	514	24	537	0.0	922	509
JTYF01000083.1	NC_009656.1	98.677	2834360	2833983	378	1	378	0.0	671	373
JTYF01000084.1	NC_009656.1	99.886	5498441	5497562	880	1	880	0.0	1620	879
JTYF01000084.1	NC_009656.1	99.886	5511660	5512539	880	1	880	0.0	1620	879
JTYF01000087.1	NC_009656.1	98.058	815339	816471	1133	1	1133	0.0	1971	1111
JTYF01000009.1	NC_009656.1	98.240	716962	689324	27663	158257	185876	0.0	48324	27176
JTYF01000009.1	NC_009656.1	100.000	5305947	5306028	82	259534	259615	2.27e-34	152	82
JTYF01000009.1	NC_009656.1	100.000	4659312	4659359	48	278928	278975	1.80e-15	89.8	48
JTYF01000009.1	NC_009656.1	98.000	4573753	4573802	50	278923	278972	6.49e-15	87.9	49
JTYF01000009.1	NC_009656.1	100.000	2359743	2359776	34	55227	55260	1.09e-07	63.9	34
JTYF01000009.1	NC_009656.1	100.000	566114	566142	29	208474	208502	6.58e-05	54.7	29
JTYF01000009.1	NC_009656.1	100.000	3447875	3447902	28	135593	135620	2.37e-04	52.8	28
JTYF01000009.1	NC_009656.1	100.000	3583954	3583927	28	259500	259527	2.37e-04	52.8	28
