LLTU01000001.1	NC_009656.1	99.337	3829578	3579644	249976	1032897	1282820	0.0	4.524e+05	248319
LLTU01000001.1	NC_009656.1	99.326	4089227	3934817	154439	826973	981383	0.0	2.794e+05	153398
LLTU01000001.1	NC_009656.1	99.239	4368757	4257096	111680	534312	645959	0.0	2.015e+05	110830
LLTU01000001.1	NC_009656.1	99.080	4257043	4173611	83475	645957	729410	0.0	1.498e+05	82707
LLTU01000001.1	NC_009656.1	99.364	4804721	4725155	79577	187629	267193	0.0	1.441e+05	79071
LLTU01000001.1	NC_009656.1	98.979	4539400	4468748	70684	368592	439256	0.0	1.265e+05	69962
LLTU01000001.1	NC_009656.1	99.309	4925395	4856483	68935	69222	138140	0.0	1.246e+05	68459
LLTU01000001.1	NC_009656.1	98.959	4724515	4659100	65444	278631	344046	0.0	1.170e+05	64763
LLTU01000001.1	NC_009656.1	98.754	4983112	4926635	56491	1	56417	0.0	1.003e+05	55787
LLTU01000001.1	NC_009656.1	99.158	4150354	4099514	50852	753926	804745	0.0	91495	50424
LLTU01000001.1	NC_009656.1	98.830	3932509	3884852	47707	985217	1032901	0.0	84941	47149
LLTU01000001.1	NC_009656.1	99.080	4411694	4369994	41736	492597	534314	0.0	74895	41352
LLTU01000001.1	NC_009656.1	98.980	3579101	3538523	40586	1290655	1331232	0.0	72640	40172
LLTU01000001.1	NC_009656.1	98.453	4856486	4826510	29988	138192	168155	0.0	52774	29524
LLTU01000001.1	NC_009656.1	98.070	3539025	3518201	20827	1330988	1351809	0.0	36226	20425
LLTU01000001.1	NC_009656.1	98.788	4562451	4543475	18983	345247	364217	0.0	33765	18753
LLTU01000001.1	NC_009656.1	99.213	4821784	4807930	13855	172916	186770	0.0	24982	13746
LLTU01000001.1	NC_009656.1	98.967	3515764	3503480	12289	1352330	1364618	0.0	21987	12162
LLTU01000001.1	NC_009656.1	99.337	4173616	4162916	10701	729681	740379	0.0	19366	10630
LLTU01000001.1	NC_009656.1	98.067	4097190	4086451	10763	818052	828811	0.0	18700	10555
LLTU01000001.1	NC_009656.1	99.223	4158466	4150613	7854	746012	753864	0.0	14164	7793
LLTU01000001.1	NC_009656.1	98.859	4162885	4158591	4296	740364	744659	0.0	7661	4247
LLTU01000001.1	NC_009656.1	98.043	4543474	4539409	4088	364524	368611	0.0	7086	4008
LLTU01000001.1	NC_009656.1	99.338	4824999	4821828	3174	169745	172918	0.0	5744	3153
LLTU01000001.1	NC_009656.1	99.328	3934839	3932460	2380	982845	985223	0.0	4305	2364
LLTU01000001.1	NC_009656.1	98.602	4098862	4097220	1645	815726	817369	0.0	2907	1622
LLTU01000001.1	NC_009656.1	98.039	5536147	5535537	612	62907	63518	0.0	1062	600
LLTU01000001.1	NC_009656.1	99.187	812053	812298	246	1	245	5.72e-121	442	244
LLTU01000001.1	NC_009656.1	99.187	6353664	6353419	246	1	245	5.72e-121	442	244
LLTU01000001.1	NC_009656.1	98.780	5566428	5566183	246	1	245	2.66e-119	436	243
LLTU01000001.1	NC_009656.1	100.000	4728105	4728026	80	264053	264132	1.40e-32	148	80
LLTU01000001.1	NC_009656.1	100.000	4728291	4728212	80	264240	264319	1.40e-32	148	80
LLTU01000001.1	NC_009656.1	100.000	5325827	5325750	78	343758	343835	1.81e-31	145	78
LLTU01000001.1	NC_009656.1	100.000	4722221	4722254	34	280892	280925	5.20e-07	63.9	34
LLTU01000001.1	NC_009656.1	100.000	207191	207161	31	627182	627212	2.42e-05	58.4	31
LLTU01000001.1	NC_009656.1	100.000	1054790	1054820	31	216607	216637	2.42e-05	58.4	31
LLTU01000001.1	NC_009656.1	100.000	3725240	3725269	30	1137193	1137222	8.70e-05	56.5	30
LLTU01000001.1	NC_009656.1	100.000	230191	230163	29	990720	990748	3.13e-04	54.7	29
LLTU01000001.1	NC_009656.1	100.000	21361	21334	28	519847	519874	0.001	52.8	28
LLTU01000001.1	NC_009656.1	100.000	2370376	2370349	28	1278511	1278538	0.001	52.8	28
LLTU01000001.1	NC_009656.1	100.000	4039138	4039165	28	877040	877067	0.001	52.8	28
LLTU01000001.1	NC_009656.1	100.000	5326164	5326191	28	1278511	1278538	0.001	52.8	28
LLTU01000001.1	NC_009656.1	100.000	5884670	5884643	28	1089284	1089311	0.001	52.8	28
LLTU01000002.1	NC_009656.1	99.285	1085136	981390	103776	1	103768	0.0	1.875e+05	103034
LLTU01000002.1	NC_009656.1	99.272	981325	893693	87678	104760	192426	0.0	1.583e+05	87040
LLTU01000002.1	NC_009656.1	99.466	893698	884146	9553	229382	238932	0.0	17357	9502
LLTU01000002.1	NC_009656.1	98.760	3424181	3423940	242	1	242	2.17e-118	431	239
LLTU01000002.1	NC_009656.1	100.000	4775712	4775742	31	30321	30351	4.24e-06	58.4	31
LLTU01000003.1	NC_009656.1	99.303	1086080	1150371	64308	1	64304	0.0	1.163e+05	63860
LLTU01000003.1	NC_009656.1	98.564	1167742	1203538	35806	80787	116577	0.0	63252	35292
LLTU01000003.1	NC_009656.1	99.242	1225079	1259350	34285	138410	172679	0.0	61847	34025
LLTU01000003.1	NC_009656.1	98.485	1204501	1225079	20594	117663	138239	0.0	36273	20282
LLTU01000003.1	NC_009656.1	99.109	1151648	1167695	16058	64464	80519	0.0	28851	15915
LLTU01000003.1	NC_009656.1	100.000	703029	702997	33	117811	117843	2.37e-07	62.1	33
LLTU01000003.1	NC_009656.1	100.000	5206110	5206142	33	117811	117843	2.37e-07	62.1	33
LLTU01000003.1	NC_009656.1	100.000	2427683	2427652	32	117631	117662	8.51e-07	60.2	32
LLTU01000003.1	NC_009656.1	100.000	4367979	4367948	32	118235	118266	8.51e-07	60.2	32
LLTU01000003.1	NC_009656.1	100.000	2886933	2886963	31	117901	117931	3.06e-06	58.4	31
LLTU01000003.1	NC_009656.1	100.000	1111743	1111714	30	25636	25665	1.10e-05	56.5	30
LLTU01000003.1	NC_009656.1	100.000	1204499	1204528	30	117901	117930	1.10e-05	56.5	30
LLTU01000003.1	NC_009656.1	100.000	2886994	2887022	29	117842	117870	3.96e-05	54.7	29
LLTU01000003.1	NC_009656.1	100.000	2887054	2887082	29	117482	117510	3.96e-05	54.7	29
LLTU01000003.1	NC_009656.1	100.000	2887175	2887203	29	117903	117931	3.96e-05	54.7	29
LLTU01000003.1	NC_009656.1	100.000	1204621	1204648	28	117903	117930	1.42e-04	52.8	28
LLTU01000003.1	NC_009656.1	100.000	1204801	1204828	28	117483	117510	1.42e-04	52.8	28
LLTU01000003.1	NC_009656.1	100.000	1204801	1204828	28	117783	117810	1.42e-04	52.8	28
LLTU01000003.1	NC_009656.1	100.000	2886935	2886962	28	117723	117750	1.42e-04	52.8	28
LLTU01000003.1	NC_009656.1	100.000	2887175	2887202	28	117783	117810	1.42e-04	52.8	28
LLTU01000004.1	NC_009656.1	99.164	3132910	3062697	70236	62413	132593	0.0	1.264e+05	69649
LLTU01000004.1	NC_009656.1	98.727	3060825	3038447	22389	132591	154961	0.0	39741	22104
LLTU01000004.1	NC_009656.1	98.223	2521061	2520274	788	60409	61195	0.0	1376	774
LLTU01000004.1	NC_009656.1	99.282	2521477	2521060	418	59961	60378	0.0	756	415
LLTU01000004.1	NC_009656.1	98.760	1975145	1974904	242	154720	154960	5.05e-118	429	239
LLTU01000005.1	NC_009656.1	98.569	2834710	2887203	52533	2313	54814	0.0	92780	51781
LLTU01000005.1	NC_009656.1	98.715	2929839	2964681	34856	76295	111134	0.0	61858	34408
LLTU01000005.1	NC_009656.1	99.183	3004691	3017054	12364	117256	129619	0.0	22273	12263
LLTU01000005.1	NC_009656.1	99.059	3029457	3037639	8184	135087	143266	0.0	14681	8107
LLTU01000005.1	NC_009656.1	98.561	3024062	3029271	5211	129752	134961	0.0	9206	5136
LLTU01000005.1	NC_009656.1	98.520	2834093	2834565	473	3	475	0.0	835	466
LLTU01000005.1	NC_009656.1	98.316	55812	56286	475	1	475	0.0	833	467
LLTU01000005.1	NC_009656.1	99.595	2813341	2813587	247	1	247	9.97e-125	451	246
LLTU01000005.1	NC_009656.1	99.582	1973857	1974095	239	143028	143266	2.79e-120	436	238
LLTU01000005.1	NC_009656.1	100.000	2917918	2917956	39	48868	48906	9.07e-11	73.1	39
LLTU01000005.1	NC_009656.1	100.000	2813051	2813018	34	2023	2056	5.46e-08	63.9	34
LLTU01000005.1	NC_009656.1	100.000	2829715	2829748	34	2026	2059	5.46e-08	63.9	34
LLTU01000005.1	NC_009656.1	100.000	2829716	2829749	34	443	476	5.46e-08	63.9	34
LLTU01000005.1	NC_009656.1	100.000	2831177	2831144	34	2023	2056	5.46e-08	63.9	34
LLTU01000005.1	NC_009656.1	100.000	1181194	1181163	32	110961	110992	7.06e-07	60.2	32
LLTU01000005.1	NC_009656.1	100.000	2412256	2412287	32	54694	54725	7.06e-07	60.2	32
LLTU01000005.1	NC_009656.1	100.000	4592156	4592125	32	54814	54845	7.06e-07	60.2	32
LLTU01000005.1	NC_009656.1	100.000	2813047	2813018	30	443	472	9.13e-06	56.5	30
LLTU01000005.1	NC_009656.1	100.000	2831173	2831144	30	443	472	9.13e-06	56.5	30
LLTU01000005.1	NC_009656.1	100.000	893766	893794	29	28711	28739	3.29e-05	54.7	29
LLTU01000005.1	NC_009656.1	100.000	1204501	1204528	28	54606	54633	1.18e-04	52.8	28
LLTU01000005.1	NC_009656.1	100.000	1204501	1204528	28	54786	54813	1.18e-04	52.8	28
LLTU01000005.1	NC_009656.1	100.000	1204801	1204828	28	54546	54573	1.18e-04	52.8	28
LLTU01000005.1	NC_009656.1	100.000	2887175	2887202	28	54546	54573	1.18e-04	52.8	28
LLTU01000006.1	NC_009656.1	98.953	5384780	5325750	59052	41746	100778	0.0	1.056e+05	58434
LLTU01000006.1	NC_009656.1	99.148	5411655	5384781	26877	14840	41716	0.0	48363	26648
LLTU01000006.1	NC_009656.1	99.144	5427821	5412980	14843	1	14842	0.0	26705	14716
LLTU01000006.1	NC_009656.1	98.795	2029292	2029210	83	100528	100610	1.27e-33	148	82
LLTU01000006.1	NC_009656.1	100.000	2370347	2370381	35	100335	100369	1.32e-08	65.8	35
LLTU01000006.1	NC_009656.1	100.000	3583926	3583955	30	100337	100366	7.92e-06	56.5	30
LLTU01000006.1	NC_009656.1	100.000	5110450	5110423	28	100338	100365	1.03e-04	52.8	28
LLTU01000006.1	NC_009656.1	100.000	5295054	5295027	28	100338	100365	1.03e-04	52.8	28
LLTU01000007.1	NC_009656.1	98.985	5494800	5461312	33496	43762	77251	0.0	59959	33156
LLTU01000007.1	NC_009656.1	99.096	5455295	5429310	25997	77484	103476	0.0	46691	25762
LLTU01000007.1	NC_009656.1	99.241	5528609	5524792	3819	13715	17533	0.0	6890	3790
LLTU01000007.1	NC_009656.1	98.294	5537228	5534884	2345	5472	7816	0.0	4109	2305
LLTU01000007.1	NC_009656.1	98.400	5528609	5528485	125	784	907	7.95e-55	219	123
LLTU01000007.1	NC_009656.1	100.000	2611866	2611896	31	85268	85298	1.83e-06	58.4	31
LLTU01000008.1	NC_009656.1	99.202	3425125	3462091	36971	1	36967	0.0	66631	36676
LLTU01000008.1	NC_009656.1	99.062	3473187	3498456	25274	48708	73978	0.0	45352	25037
LLTU01000008.1	NC_009656.1	98.624	3462147	3473195	11049	37642	48673	0.0	19546	10897
LLTU01000008.1	NC_009656.1	98.046	1086080	1086386	307	1	307	5.03e-150	534	301
LLTU01000008.1	NC_009656.1	99.317	3498460	3498752	293	74551	74843	6.50e-149	531	291
LLTU01000008.1	NC_009656.1	98.983	879124	879418	295	74549	74843	2.34e-148	529	292
LLTU01000009.1	NC_009656.1	99.197	1304991	1267173	37840	5773	43607	0.0	68170	37536
LLTU01000009.1	NC_009656.1	100.000	2432030	2432058	29	3065	3093	1.20e-05	54.7	29
LLTU01000010.1	NC_009656.1	99.326	879003	832156	46855	273	47126	0.0	84767	46539
LLTU01000010.1	NC_009656.1	99.414	816503	815651	853	46274	47126	0.0	1548	848
LLTU01000010.1	NC_009656.1	98.025	879418	879014	405	1	405	0.0	704	397
LLTU01000010.1	NC_009656.1	98.976	3498752	3498460	293	1	293	1.90e-147	525	290
LLTU01000011.1	NC_009656.1	99.234	5027137	4988114	39038	1	39031	0.0	70413	38739
LLTU01000011.1	NC_009656.1	98.156	806564	807051	488	38545	39031	0.0	850	479
LLTU01000011.1	NC_009656.1	98.737	6359140	6358666	475	38557	39031	0.0	845	469
LLTU01000012.1	NC_009656.1	99.056	5877646	5769516	108156	462346	570465	0.0	1.940e+05	107135
LLTU01000012.1	NC_009656.1	99.389	5674221	5571663	102571	666599	769152	0.0	1.859e+05	101944
LLTU01000012.1	NC_009656.1	99.352	6057667	5957397	100295	299392	399659	0.0	1.816e+05	99645
LLTU01000012.1	NC_009656.1	99.192	5954542	5892685	61868	399895	461751	0.0	1.115e+05	61368
LLTU01000012.1	NC_009656.1	99.268	6179680	6120291	59412	139502	198911	0.0	1.073e+05	58977
LLTU01000012.1	NC_009656.1	99.160	5769624	5713792	55862	570288	626145	0.0	1.005e+05	55393
LLTU01000012.1	NC_009656.1	99.427	6353664	6302375	51291	1	51288	0.0	93085	50997
LLTU01000012.1	NC_009656.1	99.241	6227699	6180718	47015	92450	139462	0.0	84810	46658
LLTU01000012.1	NC_009656.1	98.772	6302374	6272427	29968	51529	81482	0.0	53271	29600
LLTU01000012.1	NC_009656.1	99.311	5713813	5686108	27708	626535	654225	0.0	50091	27517
LLTU01000012.1	NC_009656.1	99.102	6118967	6092464	26507	198909	225413	0.0	47626	26269
LLTU01000012.1	NC_009656.1	99.131	6081081	6062219	18865	275795	294658	0.0	33925	18701
LLTU01000012.1	NC_009656.1	99.081	6092482	6081058	11425	247077	258500	0.0	20515	11320
LLTU01000012.1	NC_009656.1	98.879	5684491	5674250	10257	656349	666599	0.0	18284	10142
LLTU01000012.1	NC_009656.1	99.563	6062222	6057642	4581	294693	299273	0.0	8349	4561
LLTU01000012.1	NC_009656.1	99.612	6270035	6267459	2577	89873	92449	0.0	4704	2567
LLTU01000012.1	NC_009656.1	100.000	812053	812299	247	1	247	1.15e-125	457	247
LLTU01000012.1	NC_009656.1	99.595	5566428	5566182	247	1	247	5.35e-124	451	246
LLTU01000012.1	NC_009656.1	99.187	4983112	4982868	246	1	246	3.22e-121	442	244
LLTU01000012.1	NC_009656.1	98.400	806569	806818	250	768903	769152	1.16e-120	440	246
LLTU01000012.1	NC_009656.1	100.000	6180131	6180089	43	139459	139501	2.91e-12	80.5	43
LLTU01000012.1	NC_009656.1	100.000	630150	630184	35	666572	666606	8.15e-08	65.8	35
LLTU01000012.1	NC_009656.1	100.000	6517439	6517407	33	586805	586837	1.05e-06	62.1	33
LLTU01000012.1	NC_009656.1	100.000	879102	879131	30	592330	592359	4.90e-05	56.5	30
LLTU01000012.1	NC_009656.1	100.000	5753091	5753120	30	539888	539917	4.90e-05	56.5	30
LLTU01000012.1	NC_009656.1	100.000	5838935	5838963	29	661221	661249	1.76e-04	54.7	29
LLTU01000013.1	NC_009656.1	99.285	5566418	5542233	24193	1	24193	0.0	43711	24020
LLTU01000013.1	NC_009656.1	99.582	812063	812301	239	1	239	4.76e-121	436	238
LLTU01000013.1	NC_009656.1	99.578	6353654	6353418	237	1	237	6.15e-120	433	236
LLTU01000013.1	NC_009656.1	98.729	4983102	4982868	236	1	236	1.72e-115	418	233
LLTU01000014.1	NC_009656.1	99.109	2508379	2520273	11896	7476	19369	0.0	21377	11790
LLTU01000014.1	NC_009656.1	100.000	6229925	6229885	41	20180	20220	1.12e-12	76.8	41
LLTU01000015.1	NC_009656.1	99.513	812063	832376	20314	1	20314	0.0	36965	20215
LLTU01000015.1	NC_009656.1	98.660	831815	833008	1194	3248	4441	0.0	2117	1178
LLTU01000015.1	NC_009656.1	99.110	815310	815871	562	19753	20314	0.0	1011	557
LLTU01000015.1	NC_009656.1	99.578	6353654	6353418	237	1	237	5.12e-120	433	236
LLTU01000015.1	NC_009656.1	99.163	5566418	5566180	239	1	239	1.84e-119	431	237
LLTU01000015.1	NC_009656.1	98.729	4983102	4982868	236	1	236	1.43e-115	418	233
LLTU01000016.1	NC_009656.1	98.485	2910557	2930351	19796	1	19795	0.0	34893	19496
LLTU01000017.1	NC_009656.1	98.905	40732	50777	10047	1	10047	0.0	17943	9937
LLTU01000017.1	NC_009656.1	98.527	2799901	2809945	10050	1	10048	0.0	17732	9902
LLTU01000017.1	NC_009656.1	100.000	2822751	2822795	45	10003	10047	2.93e-15	84.2	45
LLTU01000018.1	NC_009656.1	98.216	2809133	2810197	1065	6274	7338	0.0	1862	1046
LLTU01000018.1	NC_009656.1	98.137	2820393	2820875	483	2893	3375	0.0	843	474
LLTU01000018.1	NC_009656.1	99.329	2822751	2823048	298	7041	7338	1.06e-152	540	296
LLTU01000018.1	NC_009656.1	98.227	2815208	2815488	282	3119	3397	1.08e-137	490	277
LLTU01000018.1	NC_009656.1	98.905	2832603	2832876	274	3119	3390	3.88e-137	488	271
LLTU01000018.1	NC_009656.1	98.326	2809707	2809945	239	1	239	1.44e-116	420	235
LLTU01000018.1	NC_009656.1	98.319	50540	50777	238	1	238	5.16e-116	418	234
LLTU01000018.1	NC_009656.1	100.000	2822751	2822795	45	194	238	2.14e-15	84.2	45
LLTU01000019.1	NC_009656.1	98.940	2822755	2824545	1792	4779	6564	0.0	3197	1773
LLTU01000019.1	NC_009656.1	98.884	2809904	2811694	1792	4779	6564	0.0	3192	1772
LLTU01000019.1	NC_009656.1	99.184	2813631	2815223	1593	3075	4666	0.0	2868	1580
LLTU01000019.1	NC_009656.1	98.632	2812448	2813032	585	1477	2055	0.0	1031	577
LLTU01000019.1	NC_009656.1	98.626	2826352	2826715	364	1	364	0.0	645	359
LLTU01000019.1	NC_009656.1	98.347	2824589	2824951	363	1	363	0.0	638	357
LLTU01000019.1	NC_009656.1	98.276	2811738	2812085	348	1	348	7.10e-174	610	342
LLTU01000019.1	NC_009656.1	99.051	2813015	2813330	316	2306	2620	1.56e-160	566	313
LLTU01000019.1	NC_009656.1	99.051	2831141	2831456	316	2306	2620	1.56e-160	566	313
LLTU01000019.1	NC_009656.1	98.423	55485	55801	317	2305	2620	9.38e-158	556	312
LLTU01000019.1	NC_009656.1	98.582	2826027	2826308	282	6283	6564	1.60e-140	499	278
LLTU01000019.1	NC_009656.1	98.227	2827848	2828129	282	6283	6564	7.46e-139	494	277
LLTU01000019.1	NC_009656.1	100.000	56283	56252	32	2309	2340	3.22e-08	60.2	32
LLTU01000019.1	NC_009656.1	100.000	2834562	2834531	32	2309	2340	3.22e-08	60.2	32
LLTU01000019.1	NC_009656.1	100.000	2829745	2829715	31	2309	2339	1.16e-07	58.4	31
LLTU01000020.1	NC_009656.1	99.870	806749	812114	5367	1	5367	0.0	9871	5360
LLTU01000020.1	NC_009656.1	99.851	4988416	4983051	5367	1	5367	0.0	9865	5359
LLTU01000020.1	NC_009656.1	99.851	5571732	5566367	5367	1	5367	0.0	9865	5359
LLTU01000020.1	NC_009656.1	99.832	6358968	6353603	5367	1	5367	0.0	9860	5358
LLTU01000021.1	NC_009656.1	99.545	3498514	3503569	5056	1	5056	0.0	9210	5033
LLTU01000021.1	NC_009656.1	99.367	879180	884235	5056	1	5056	0.0	9160	5024
LLTU01000022.1	NC_009656.1	98.552	2832797	2831141	1657	1	1656	0.0	2926	1633
LLTU01000022.1	NC_009656.1	98.113	2813597	2813015	583	1075	1656	0.0	1014	572
LLTU01000022.1	NC_009656.1	98.462	2820811	2820619	195	1	195	1.93e-93	342	192
LLTU01000022.1	NC_009656.1	100.000	56252	56283	32	1622	1653	2.18e-08	60.2	32
LLTU01000022.1	NC_009656.1	100.000	2829715	2829745	31	1623	1653	7.84e-08	58.4	31
LLTU01000023.1	NC_009656.1	99.308	1371988	1575463	203513	71016	274510	0.0	3.680e+05	202105
LLTU01000023.1	NC_009656.1	99.310	1801107	1897221	96126	491708	587805	0.0	1.738e+05	95463
LLTU01000023.1	NC_009656.1	99.329	1623047	1704385	81362	312625	393980	0.0	1.472e+05	80816
LLTU01000023.1	NC_009656.1	99.242	1897202	1974095	76945	636156	713057	0.0	1.388e+05	76362
LLTU01000023.1	NC_009656.1	99.245	1304889	1372060	67182	3849	71024	0.0	1.212e+05	66675
LLTU01000023.1	NC_009656.1	99.109	1754884	1796295	41428	437328	478750	0.0	74439	41059
LLTU01000023.1	NC_009656.1	99.242	1733955	1754397	20444	416592	437032	0.0	36891	20289
LLTU01000023.1	NC_009656.1	98.575	1594011	1614138	20145	292482	312625	0.0	35595	19858
LLTU01000023.1	NC_009656.1	98.559	1704353	1723119	18802	394063	412840	0.0	33165	18531
LLTU01000023.1	NC_009656.1	99.358	1575893	1593485	17594	274489	292081	0.0	31863	17481
LLTU01000023.1	NC_009656.1	99.371	1796345	1801110	4766	486679	491444	0.0	8636	4736
LLTU01000023.1	NC_009656.1	99.352	1259061	1262302	3242	479368	482609	0.0	5871	3221
LLTU01000023.1	NC_009656.1	98.507	1754495	1754828	335	437007	437341	1.01e-165	590	330
LLTU01000023.1	NC_009656.1	99.163	3037401	3037639	239	712819	713057	6.47e-118	431	237
LLTU01000023.1	NC_009656.1	99.010	2077963	2078164	202	639158	639359	2.39e-97	363	200
LLTU01000023.1	NC_009656.1	100.000	2078273	2078354	82	639277	639358	5.64e-34	152	82
LLTU01000023.1	NC_009656.1	100.000	1593590	1593622	33	292203	292235	9.77e-07	62.1	33
LLTU01000023.1	NC_009656.1	100.000	1181166	1181196	31	384994	385024	1.26e-05	58.4	31
LLTU01000023.1	NC_009656.1	100.000	6580569	6580599	31	621398	621428	1.26e-05	58.4	31
LLTU01000023.1	NC_009656.1	100.000	6520030	6520059	30	474006	474035	4.55e-05	56.5	30
LLTU01000024.1	NC_009656.1	99.103	56284	55616	669	3723	4391	0.0	1203	663
LLTU01000024.1	NC_009656.1	98.279	2834563	2833983	581	3723	4303	0.0	1018	571
LLTU01000024.1	NC_009656.1	98.264	2813587	2813012	576	2223	2798	0.0	1009	566
LLTU01000024.1	NC_009656.1	99.387	2819069	2818581	489	2830	3318	0.0	887	486
LLTU01000024.1	NC_009656.1	99.550	2813588	2813145	444	3948	4391	0.0	809	442
LLTU01000024.1	NC_009656.1	98.423	2831714	2831271	444	3948	4391	0.0	782	437
LLTU01000024.1	NC_009656.1	100.000	2813624	2813588	37	3722	3758	3.58e-11	69.4	37
LLTU01000024.1	NC_009656.1	100.000	2834531	2834562	32	2761	2792	2.15e-08	60.2	32
LLTU01000024.1	NC_009656.1	100.000	2829715	2829745	31	2762	2792	7.74e-08	58.4	31
LLTU01000025.1	NC_009656.1	99.299	5027653	5031078	3426	645	4070	0.0	6194	3402
LLTU01000025.1	NC_009656.1	99.677	5026983	5027601	619	1	619	0.0	1133	617
LLTU01000025.1	NC_009656.1	98.522	5030915	5031523	609	1	609	0.0	1075	600
LLTU01000026.1	NC_009656.1	99.228	2832559	2833981	1424	1	1424	0.0	2567	1413
LLTU01000026.1	NC_009656.1	99.464	2813084	2814202	1119	2366	3484	0.0	2034	1113
LLTU01000026.1	NC_009656.1	98.833	2831210	2831723	514	2366	2879	0.0	917	508
LLTU01000026.1	NC_009656.1	98.218	55555	56059	505	2366	2870	0.0	883	496
LLTU01000026.1	NC_009656.1	99.381	2815164	2815486	323	1	323	6.33e-167	586	321
LLTU01000026.1	NC_009656.1	98.069	2820619	2820875	259	45	303	8.66e-126	449	254
LLTU01000026.1	NC_009656.1	100.000	2831142	2831195	54	2323	2376	1.00e-20	100	54
LLTU01000026.1	NC_009656.1	100.000	2813016	2813059	44	2323	2366	3.64e-15	82.4	44
LLTU01000026.1	NC_009656.1	100.000	56283	56252	32	2325	2356	1.71e-08	60.2	32
LLTU01000026.1	NC_009656.1	100.000	2834562	2834531	32	2325	2356	1.71e-08	60.2	32
LLTU01000026.1	NC_009656.1	100.000	2829745	2829715	31	2325	2355	6.13e-08	58.4	31
LLTU01000027.1	NC_009656.1	99.619	2828247	2831661	3416	1	3416	0.0	6235	3403
LLTU01000027.1	NC_009656.1	99.048	2813012	2813535	525	2892	3416	0.0	941	520
LLTU01000027.1	NC_009656.1	98.464	55486	56006	521	2896	3416	0.0	918	513
LLTU01000027.1	NC_009656.1	98.311	2824663	2824958	296	1	296	6.38e-147	520	291
LLTU01000027.1	NC_009656.1	98.239	2811812	2812095	284	1	284	2.99e-140	497	279
LLTU01000027.1	NC_009656.1	100.000	56253	56286	34	1470	1503	1.29e-09	63.9	34
LLTU01000027.1	NC_009656.1	100.000	2834532	2834565	34	1470	1503	1.29e-09	63.9	34
LLTU01000027.1	NC_009656.1	100.000	2834562	2834531	32	2899	2930	1.67e-08	60.2	32
LLTU01000027.1	NC_009656.1	100.000	2813048	2813018	31	1470	1500	6.01e-08	58.4	31
LLTU01000027.1	NC_009656.1	100.000	2829745	2829715	31	2899	2929	6.01e-08	58.4	31
LLTU01000027.1	NC_009656.1	100.000	2831174	2831144	31	1470	1500	6.01e-08	58.4	31
LLTU01000028.1	NC_009656.1	99.177	2816338	2816580	243	2598	2839	5.49e-122	436	241
LLTU01000029.1	NC_009656.1	99.690	5033172	5030915	2258	1	2258	0.0	4132	2251
LLTU01000029.1	NC_009656.1	98.522	5027591	5026983	609	1650	2258	0.0	1075	600
LLTU01000030.1	NC_009656.1	98.785	2828129	2827636	494	1	492	0.0	878	488
LLTU01000030.1	NC_009656.1	98.936	2811694	2811413	282	1	282	1.16e-142	505	279
LLTU01000030.1	NC_009656.1	98.936	2824545	2824264	282	1	282	1.16e-142	505	279
LLTU01000030.1	NC_009656.1	99.273	2824937	2824663	275	1958	2232	1.95e-140	497	273
LLTU01000030.1	NC_009656.1	98.227	2826706	2826426	282	1951	2232	9.06e-139	492	277
LLTU01000030.1	NC_009656.1	98.545	2828521	2828247	275	1958	2232	4.21e-137	486	271
LLTU01000030.1	NC_009656.1	98.540	2812085	2811812	274	1959	2232	1.52e-136	484	270
LLTU01000030.1	NC_009656.1	100.000	2819327	2819293	35	1081	1115	2.34e-10	65.8	35
LLTU01000030.1	NC_009656.1	100.000	54444	54417	28	504	531	1.82e-06	52.8	28
LLTU01000031.1	NC_009656.1	100.000	2813015	2813383	369	1157	1525	0.0	682	369
LLTU01000031.1	NC_009656.1	98.429	55474	55854	382	1146	1525	0.0	669	376
LLTU01000031.1	NC_009656.1	99.191	2831139	2831509	371	1155	1525	0.0	669	368
LLTU01000031.1	NC_009656.1	98.479	52636	52898	263	1	263	1.34e-130	464	259
LLTU01000031.1	NC_009656.1	98.462	2818098	2818357	260	1	260	6.24e-129	459	256
LLTU01000031.1	NC_009656.1	100.000	56283	56252	32	1160	1191	7.40e-09	60.2	32
LLTU01000031.1	NC_009656.1	100.000	2829745	2829715	31	1160	1190	2.66e-08	58.4	31
LLTU01000032.1	NC_009656.1	98.709	53874	52636	1239	256	1483	0.0	2189	1223
LLTU01000032.1	NC_009656.1	98.113	2818362	2818098	265	1219	1483	4.69e-130	462	260
LLTU01000032.1	NC_009656.1	99.567	56982	56752	231	256	486	7.96e-118	422	230
LLTU01000033.1	NC_009656.1	99.436	2816580	2815164	1418	1	1418	0.0	2573	1410
LLTU01000033.1	NC_009656.1	99.071	2832881	2832559	323	1096	1418	1.19e-165	580	320
LLTU01000033.1	NC_009656.1	98.456	2820875	2820619	259	1116	1374	7.51e-128	455	255
LLTU01000034.1	NC_009656.1	99.146	522693	685271	162600	368876	531419	0.0	2.925e+05	161212
LLTU01000034.1	NC_009656.1	98.937	405988	509627	103765	251967	355678	0.0	1.853e+05	102662
LLTU01000034.1	NC_009656.1	99.189	192327	277866	85551	62787	148326	0.0	1.541e+05	84857
LLTU01000034.1	NC_009656.1	99.224	297295	364203	66922	154976	221882	0.0	1.207e+05	66403
LLTU01000034.1	NC_009656.1	98.438	375792	405929	30156	221872	251994	0.0	53031	29685
LLTU01000034.1	NC_009656.1	99.454	168588	190568	21982	39076	61056	0.0	39927	21862
LLTU01000034.1	NC_009656.1	99.129	57082	76101	19048	2583	21630	0.0	34230	18882
LLTU01000034.1	NC_009656.1	98.929	788226	806987	18769	594798	613565	0.0	33539	18568
LLTU01000034.1	NC_009656.1	99.514	151107	168597	17492	21630	39121	0.0	31829	17407
LLTU01000034.1	NC_009656.1	98.983	509628	522778	13179	355744	368912	0.0	23560	13045
LLTU01000034.1	NC_009656.1	99.123	2817807	2818376	570	1	570	0.0	1026	565
LLTU01000034.1	NC_009656.1	99.118	52345	52911	567	1	567	0.0	1020	562
LLTU01000034.1	NC_009656.1	100.000	4111448	4111409	40	440891	440930	1.08e-10	75.0	40
LLTU01000034.1	NC_009656.1	100.000	537658	537623	36	383806	383841	1.81e-08	67.6	36
LLTU01000034.1	NC_009656.1	100.000	2813588	2813623	36	1917	1952	1.81e-08	67.6	36
LLTU01000034.1	NC_009656.1	100.000	207159	207193	35	476302	476336	6.50e-08	65.8	35
LLTU01000034.1	NC_009656.1	100.000	56283	56252	32	2371	2402	3.02e-06	60.2	32
LLTU01000034.1	NC_009656.1	100.000	1593807	1593776	32	300877	300908	3.02e-06	60.2	32
LLTU01000034.1	NC_009656.1	100.000	2834562	2834531	32	2371	2402	3.02e-06	60.2	32
LLTU01000034.1	NC_009656.1	100.000	2889344	2889313	32	300877	300908	3.02e-06	60.2	32
LLTU01000034.1	NC_009656.1	100.000	2829745	2829715	31	2371	2401	1.09e-05	58.4	31
LLTU01000034.1	NC_009656.1	100.000	4275848	4275878	31	77621	77651	1.09e-05	58.4	31
LLTU01000034.1	NC_009656.1	100.000	4275848	4275878	31	476304	476334	1.09e-05	58.4	31
LLTU01000034.1	NC_009656.1	100.000	4775712	4775742	31	432399	432429	1.09e-05	58.4	31
LLTU01000034.1	NC_009656.1	100.000	2717947	2717918	30	300879	300908	3.91e-05	56.5	30
LLTU01000034.1	NC_009656.1	100.000	5798868	5798839	30	250439	250468	3.91e-05	56.5	30
LLTU01000034.1	NC_009656.1	100.000	509838	509810	29	352884	352912	1.41e-04	54.7	29
LLTU01000034.1	NC_009656.1	100.000	3926978	3927006	29	100625	100653	1.41e-04	54.7	29
LLTU01000035.1	NC_009656.1	99.125	1086269	1084898	1372	1	1372	0.0	2468	1360
LLTU01000035.1	NC_009656.1	99.052	3425314	3423943	1372	1	1372	0.0	2462	1359
LLTU01000036.1	NC_009656.1	99.533	3038685	3037401	1285	1	1285	0.0	2340	1279
LLTU01000036.1	NC_009656.1	99.300	1975141	1973857	1285	1	1285	0.0	2324	1276
LLTU01000038.1	NC_009656.1	98.554	2816342	2817368	1037	1	1037	0.0	1823	1022
LLTU01000038.1	NC_009656.1	100.000	51851	51906	56	982	1037	2.28e-22	104	56
LLTU01000039.1	NC_009656.1	99.586	52874	51908	967	1	967	0.0	1764	963
LLTU01000039.1	NC_009656.1	99.380	2818336	2817370	967	1	967	0.0	1753	961
LLTU01000040.1	NC_009656.1	99.880	52089	51254	836	1	836	0.0	1539	835
LLTU01000040.1	NC_009656.1	99.163	2817551	2817313	239	1	239	7.37e-121	431	237
LLTU01000042.1	NC_009656.1	99.434	2824315	2824844	530	1	530	0.0	963	527
LLTU01000042.1	NC_009656.1	99.434	2826078	2826607	530	1	530	0.0	963	527
LLTU01000042.1	NC_009656.1	99.434	2827899	2828428	530	1	530	0.0	963	527
LLTU01000042.1	NC_009656.1	99.245	2811464	2811993	530	1	530	0.0	957	526
LLTU01000043.1	NC_009656.1	99.805	2824827	2824315	513	1	513	0.0	942	512
LLTU01000043.1	NC_009656.1	99.610	2811976	2811464	513	1	513	0.0	937	511
LLTU01000043.1	NC_009656.1	99.025	2826590	2826078	513	1	513	0.0	920	508
LLTU01000043.1	NC_009656.1	99.025	2828411	2827899	513	1	513	0.0	920	508
LLTU01000044.1	NC_009656.1	99.023	806580	807091	512	1	512	0.0	918	507
LLTU01000044.1	NC_009656.1	99.023	4988585	4988074	512	1	512	0.0	918	507
LLTU01000044.1	NC_009656.1	99.023	5571901	5571390	512	1	512	0.0	918	507
LLTU01000044.1	NC_009656.1	99.023	6359137	6358626	512	1	512	0.0	918	507
LLTU01000045.1	NC_009656.1	99.324	1982111	2283234	301180	7469	308618	0.0	5.448e+05	299144
LLTU01000045.1	NC_009656.1	99.360	2283236	2376644	93462	308713	402148	0.0	1.692e+05	92864
LLTU01000045.1	NC_009656.1	99.307	2470175	2508384	38212	506436	544622	0.0	69071	37947
LLTU01000045.1	NC_009656.1	99.491	2376628	2397071	20447	402096	422525	0.0	37164	20343
LLTU01000045.1	NC_009656.1	99.060	2397054	2413969	16918	422565	439481	0.0	30358	16759
LLTU01000045.1	NC_009656.1	99.404	1974904	1982123	7220	2	7220	0.0	13093	7177
LLTU01000045.1	NC_009656.1	99.230	2469399	2470176	779	501872	502650	0.0	1404	773
LLTU01000045.1	NC_009656.1	99.588	3038447	3038688	243	1	243	2.38e-121	442	242
LLTU01000045.1	NC_009656.1	99.010	1900204	1900405	202	103328	103529	1.90e-97	363	200
LLTU01000045.1	NC_009656.1	100.000	1900323	1900404	82	103638	103719	4.48e-34	152	82
LLTU01000045.1	NC_009656.1	100.000	2635895	2635974	80	416219	416298	5.80e-33	148	80
LLTU01000045.1	NC_009656.1	98.795	5325918	5326000	83	54568	54650	5.80e-33	148	82
LLTU01000045.1	NC_009656.1	100.000	2635899	2635977	79	416063	416141	2.09e-32	147	79
LLTU01000045.1	NC_009656.1	100.000	2038208	2038284	77	415984	416060	2.70e-31	143	77
LLTU01000045.1	NC_009656.1	100.000	2390513	2390589	77	63566	63642	2.70e-31	143	77
LLTU01000045.1	NC_009656.1	100.000	2038500	2038575	76	415985	416060	9.71e-31	141	76
LLTU01000045.1	NC_009656.1	100.000	2390514	2390589	76	63858	63933	9.71e-31	141	76
LLTU01000045.1	NC_009656.1	100.000	2390592	2390667	76	416223	416298	9.71e-31	141	76
LLTU01000045.1	NC_009656.1	100.000	2390752	2390827	76	416063	416138	9.71e-31	141	76
LLTU01000045.1	NC_009656.1	100.000	5089635	5089668	34	385211	385244	2.16e-07	63.9	34
LLTU01000045.1	NC_009656.1	100.000	2078418	2078386	33	103751	103783	7.77e-07	62.1	33
LLTU01000045.1	NC_009656.1	100.000	2002682	2002653	30	28011	28040	3.62e-05	56.5	30
LLTU01000045.1	NC_009656.1	100.000	3583926	3583955	30	395827	395856	3.62e-05	56.5	30
LLTU01000045.1	NC_009656.1	100.000	1038123	1038095	29	69958	69986	1.30e-04	54.7	29
LLTU01000045.1	NC_009656.1	100.000	3387642	3387614	29	346966	346994	1.30e-04	54.7	29
LLTU01000045.1	NC_009656.1	100.000	3043416	3043389	28	322343	322370	4.68e-04	52.8	28
LLTU01000045.1	NC_009656.1	100.000	5110450	5110423	28	395828	395855	4.68e-04	52.8	28
LLTU01000045.1	NC_009656.1	100.000	6397298	6397271	28	533927	533954	4.68e-04	52.8	28
LLTU01000046.1	NC_009656.1	98.793	3503569	3503073	497	1	497	0.0	885	491
LLTU01000046.1	NC_009656.1	98.390	884235	883739	497	1	497	0.0	874	489
LLTU01000047.1	NC_009656.1	98.971	3424829	3425314	486	1	486	0.0	870	481
LLTU01000047.1	NC_009656.1	98.765	1085784	1086269	486	1	486	0.0	865	480
LLTU01000048.1	NC_009656.1	99.791	2817130	2817608	479	1	479	0.0	880	478
LLTU01000048.1	NC_009656.1	100.000	51851	52146	296	184	479	3.94e-156	547	296
LLTU01000048.1	NC_009656.1	98.907	49481	49663	183	1	183	5.59e-90	327	181
LLTU01000048.1	NC_009656.1	98.907	2808648	2808830	183	1	183	5.59e-90	327	181
LLTU01000049.1	NC_009656.1	98.726	51462	50992	471	1	471	0.0	837	465
LLTU01000051.1	NC_009656.1	99.782	812256	811798	459	1	459	0.0	843	458
LLTU01000051.1	NC_009656.1	99.782	4982909	4983367	459	1	459	0.0	843	458
LLTU01000051.1	NC_009656.1	99.564	6353461	6353919	459	1	459	0.0	837	457
LLTU01000051.1	NC_009656.1	99.129	5566225	5566683	459	1	459	0.0	826	455
LLTU01000052.1	NC_009656.1	99.774	5566367	5566808	442	1	442	0.0	811	441
LLTU01000052.1	NC_009656.1	99.774	6353603	6354044	442	1	442	0.0	811	441
LLTU01000052.1	NC_009656.1	99.548	812114	811673	442	1	442	0.0	806	440
LLTU01000052.1	NC_009656.1	99.548	4983051	4983492	442	1	442	0.0	806	440
LLTU01000053.1	NC_009656.1	99.526	2817130	2817551	422	1	422	0.0	769	420
LLTU01000053.1	NC_009656.1	99.582	51851	52089	239	184	422	7.80e-123	436	238
LLTU01000053.1	NC_009656.1	98.907	49481	49663	183	1	183	4.90e-90	327	181
LLTU01000053.1	NC_009656.1	98.907	2808648	2808830	183	1	183	4.90e-90	327	181
LLTU01000054.1	NC_009656.1	99.485	3503718	3503331	388	1	388	0.0	706	386
LLTU01000054.1	NC_009656.1	99.227	884384	883997	388	1	388	0.0	701	385
LLTU01000055.1	NC_009656.1	99.738	5566225	5566605	381	1	381	0.0	699	380
LLTU01000055.1	NC_009656.1	99.738	6353461	6353841	381	1	381	0.0	699	380
LLTU01000055.1	NC_009656.1	99.475	812256	811876	381	1	381	0.0	693	379
LLTU01000055.1	NC_009656.1	99.475	4982909	4983289	381	1	381	0.0	693	379
LLTU01000056.1	NC_009656.1	99.347	2638379	2539655	98732	222652	321381	0.0	1.787e+05	98087
LLTU01000056.1	NC_009656.1	99.100	2759958	2717953	42013	40071	82082	0.0	75482	41635
LLTU01000056.1	NC_009656.1	99.121	2800136	2760241	39910	1	39902	0.0	71736	39559
LLTU01000056.1	NC_009656.1	99.076	2703436	2673704	29746	98146	127876	0.0	53382	29471
LLTU01000056.1	NC_009656.1	99.040	2673705	2657270	16454	130390	146840	0.0	29490	16296
LLTU01000056.1	NC_009656.1	98.996	2654437	2641600	12853	201907	214756	0.0	23004	12724
LLTU01000056.1	NC_009656.1	98.904	2641301	2638382	2920	219639	222558	0.0	5216	2888
LLTU01000056.1	NC_009656.1	98.599	2656342	2654346	1998	149714	151707	0.0	3530	1970
LLTU01000056.1	NC_009656.1	98.794	4826528	4825286	1244	321926	323168	0.0	2213	1229
LLTU01000056.1	NC_009656.1	98.544	4368758	4369993	1236	321934	323168	0.0	2182	1218
LLTU01000056.1	NC_009656.1	98.387	4926635	4925396	1240	321931	323168	0.0	2178	1220
LLTU01000056.1	NC_009656.1	98.386	2888465	2887227	1239	321934	323171	0.0	2176	1219
LLTU01000056.1	NC_009656.1	98.308	2429181	2430421	1241	321934	323172	0.0	2174	1220
LLTU01000056.1	NC_009656.1	98.383	2539615	2538379	1237	321934	323169	0.0	2172	1217
LLTU01000056.1	NC_009656.1	98.642	4562455	4563264	810	322361	323169	0.0	1434	799
LLTU01000056.1	NC_009656.1	98.745	40970	40732	239	1	239	1.37e-116	425	236
LLTU01000056.1	NC_009656.1	98.936	2760185	2759998	188	39895	40082	6.62e-90	337	186
LLTU01000056.1	NC_009656.1	98.400	2673705	2673581	125	196594	196718	6.96e-55	220	123
LLTU01000056.1	NC_009656.1	100.000	2390827	2390748	80	225058	225137	3.33e-33	148	80
LLTU01000056.1	NC_009656.1	100.000	2390670	2390592	79	225055	225133	1.20e-32	147	79
LLTU01000056.1	NC_009656.1	100.000	2887176	2887143	34	181796	181829	1.24e-07	63.9	34
LLTU01000056.1	NC_009656.1	100.000	5447481	5447511	31	249136	249166	5.78e-06	58.4	31
LLTU01000057.1	NC_009656.1	98.512	806580	806915	336	1	336	3.43e-170	593	331
LLTU01000058.1	NC_009656.1	99.357	6359040	6358730	311	1	311	2.48e-161	564	309
LLTU01000058.1	NC_009656.1	98.714	806677	806987	311	1	311	5.36e-158	553	307
LLTU01000058.1	NC_009656.1	98.071	4988488	4988178	311	1	311	1.16e-154	542	305
LLTU01000058.1	NC_009656.1	98.071	5571804	5571494	311	1	311	1.16e-154	542	305
LLTU01000059.1	NC_009656.1	100.000	5026920	5027221	302	1	302	1.12e-159	558	302
LLTU01000059.1	NC_009656.1	99.669	5030852	5031153	302	1	302	5.19e-158	553	301
LLTU01000059.1	NC_009656.1	99.669	5032955	5033256	302	1	302	5.19e-158	553	301
LLTU01000060.1	NC_009656.1	100.000	2824606	2824901	296	1	296	2.36e-156	547	296
LLTU01000060.1	NC_009656.1	99.662	2811755	2812050	296	1	296	1.10e-154	542	295
LLTU01000060.1	NC_009656.1	100.000	2826369	2826661	293	1	293	1.10e-154	542	293
LLTU01000060.1	NC_009656.1	99.662	2828190	2828485	296	1	296	1.10e-154	542	295
LLTU01000061.1	NC_009656.1	99.662	52146	51851	296	1	296	1.10e-154	542	295
LLTU01000061.1	NC_009656.1	99.324	2817608	2817313	296	1	296	5.12e-153	536	294
LLTU01000062.1	NC_009656.1	99.306	1086031	1086318	288	1	288	1.39e-148	521	286
LLTU01000062.1	NC_009656.1	99.306	3425076	3425363	288	1	288	1.39e-148	521	286
LLTU01000063.1	NC_009656.1	99.636	812301	812027	275	1	275	4.81e-143	503	274
LLTU01000063.1	NC_009656.1	99.634	6353418	6353690	273	3	275	6.23e-142	499	272
LLTU01000063.1	NC_009656.1	99.273	5566180	5566454	275	1	275	2.24e-141	497	273
LLTU01000063.1	NC_009656.1	98.897	4982868	4983138	272	4	275	1.74e-137	484	269
LLTU01000064.1	NC_009656.1	100.000	812291	812027	265	1	265	3.60e-139	490	265
LLTU01000064.1	NC_009656.1	100.000	4982874	4983138	265	1	265	3.60e-139	490	265
LLTU01000064.1	NC_009656.1	100.000	6353426	6353690	265	1	265	3.60e-139	490	265
LLTU01000064.1	NC_009656.1	99.623	5566190	5566454	265	1	265	1.67e-137	484	264
LLTU01000066.1	NC_009656.1	99.609	2824844	2824589	256	1	256	1.62e-132	468	255
LLTU01000066.1	NC_009656.1	99.609	2826607	2826352	256	1	256	1.62e-132	468	255
LLTU01000066.1	NC_009656.1	99.609	2828428	2828173	256	1	256	1.62e-132	468	255
LLTU01000066.1	NC_009656.1	99.219	2811993	2811738	256	1	256	7.56e-131	462	254
LLTU01000067.1	NC_009656.1	98.973	5191259	5109001	82264	156000	238260	0.0	1.472e+05	81419
LLTU01000067.1	NC_009656.1	99.215	5102990	5032955	70057	243105	313155	0.0	1.263e+05	69507
LLTU01000067.1	NC_009656.1	99.355	5284859	5221133	63738	92205	155941	0.0	1.154e+05	63327
LLTU01000067.1	NC_009656.1	99.361	5295107	5286183	8926	83282	92207	0.0	16166	8869
LLTU01000067.1	NC_009656.1	98.450	5109017	5104309	4709	238403	243111	0.0	8292	4636
LLTU01000067.1	NC_009656.1	100.000	5220941	5220860	82	155943	156024	2.48e-34	152	82
LLTU01000067.1	NC_009656.1	100.000	5306028	5305947	82	83247	83328	2.48e-34	152	82
LLTU01000067.1	NC_009656.1	98.077	4659363	4659312	52	64766	64817	5.47e-16	91.6	51
LLTU01000067.1	NC_009656.1	100.000	2359776	2359743	34	256439	256472	1.19e-07	63.9	34
LLTU01000067.1	NC_009656.1	100.000	1204620	1204589	32	26863	26894	1.54e-06	60.2	32
LLTU01000067.1	NC_009656.1	100.000	4443174	4443146	29	160338	160366	7.18e-05	54.7	29
LLTU01000067.1	NC_009656.1	100.000	3583927	3583954	28	83335	83362	2.58e-04	52.8	28
LLTU01000068.1	NC_009656.1	100.000	5026908	5027158	251	1	251	2.06e-131	464	251
LLTU01000068.1	NC_009656.1	99.602	5030840	5031090	251	1	251	9.57e-130	459	250
LLTU01000068.1	NC_009656.1	99.602	5032943	5033193	251	1	251	9.57e-130	459	250
LLTU01000068.1	NC_009656.1	98.113	4053892	4053944	53	199	251	1.12e-19	93.5	52
LLTU01000069.1	NC_009656.1	100.000	812018	812265	248	1	248	9.44e-130	459	248
LLTU01000069.1	NC_009656.1	100.000	4983147	4982900	248	1	248	9.44e-130	459	248
LLTU01000069.1	NC_009656.1	100.000	6353699	6353452	248	1	248	9.44e-130	459	248
LLTU01000069.1	NC_009656.1	99.597	5566463	5566216	248	1	248	4.39e-128	453	247
LLTU01000070.1	NC_009656.1	100.000	5027146	5026899	248	1	248	9.44e-130	459	248
LLTU01000070.1	NC_009656.1	99.597	5031078	5030831	248	1	248	4.39e-128	453	247
LLTU01000070.1	NC_009656.1	99.597	5033181	5032934	248	1	248	4.39e-128	453	247
LLTU01000071.1	NC_009656.1	100.000	2811456	2811702	247	1	247	3.38e-129	457	247
LLTU01000071.1	NC_009656.1	100.000	2824307	2824553	247	1	247	3.38e-129	457	247
LLTU01000071.1	NC_009656.1	99.190	2826070	2826316	247	1	247	7.32e-126	446	245
LLTU01000071.1	NC_009656.1	98.785	2827891	2828137	247	1	247	3.41e-124	440	244
LLTU01000073.1	NC_009656.1	99.049	6358802	6482601	123818	1	123777	0.0	2.221e+05	122640
LLTU01000073.1	NC_009656.1	99.281	6512531	6567025	54507	153627	208113	0.0	98455	54115
LLTU01000073.1	NC_009656.1	99.300	1	40970	40975	233807	274776	0.0	74068	40688
LLTU01000073.1	NC_009656.1	99.257	6482596	6512330	29741	124127	153865	0.0	53690	29520
LLTU01000073.1	NC_009656.1	99.074	6570088	6588339	18256	215552	233806	0.0	32771	18087
LLTU01000073.1	NC_009656.1	98.533	6567090	6570019	2932	212624	215552	0.0	5171	2889
LLTU01000073.1	NC_009656.1	100.000	5753091	5753123	33	158502	158534	3.77e-07	62.1	33
LLTU01000073.1	NC_009656.1	100.000	1791551	1791580	30	161126	161155	1.75e-05	56.5	30
LLTU01000073.1	NC_009656.1	100.000	2497716	2497689	28	38469	38496	2.27e-04	52.8	28
LLTU01000074.1	NC_009656.1	99.325	3348904	3424181	75299	188340	263634	0.0	1.362e+05	74791
LLTU01000074.1	NC_009656.1	99.406	3232546	3293600	61060	70328	131360	0.0	1.107e+05	60697
LLTU01000074.1	NC_009656.1	99.168	3184197	3231320	47134	20295	67415	0.0	84847	46742
LLTU01000074.1	NC_009656.1	99.304	3293996	3335245	41257	134863	176110	0.0	74583	40970
LLTU01000074.1	NC_009656.1	99.208	3337304	3348913	11618	176153	187758	0.0	20927	11526
LLTU01000074.1	NC_009656.1	98.394	3343814	3344062	249	182753	183001	1.43e-120	438	245
LLTU01000074.1	NC_009656.1	99.174	1084895	1085136	242	263393	263634	5.14e-120	436	240
LLTU01000074.1	NC_009656.1	100.000	6227949	6227978	30	16903	16932	1.68e-05	56.5	30
LLTU01000074.1	NC_009656.1	100.000	2321525	2321497	29	227067	227095	6.05e-05	54.7	29
