NZ_CAADKU010000001.1	NC_009656.1	100.000	3926978	3927006	29	4690	4718	1.49e-06	54.7	29
NZ_CAADKU010000004.1	NC_009656.1	100.000	139954	139981	28	1	28	1.78e-05	52.8	28
NZ_CAADKU010000005.1	NC_009656.1	100.000	878990	878960	31	5644	5674	1.00e-07	58.4	31
NZ_CAADKU010000005.1	NC_009656.1	100.000	1593776	1593805	30	5646	5675	3.60e-07	56.5	30
NZ_CAADKU010000005.1	NC_009656.1	100.000	2717918	2717947	30	5646	5675	3.60e-07	56.5	30
NZ_CAADKU010000005.1	NC_009656.1	100.000	2889313	2889342	30	5646	5675	3.60e-07	56.5	30
NZ_CAADKU010000011.1	NC_009656.1	98.037	1047490	1050342	2853	1	2853	0.0	4959	2797
NZ_CAADKU010000025.1	NC_009656.1	100.000	2020601	2028194	7594	1	7594	0.0	14024	7594
NZ_CAADKU010000030.1	NC_009656.1	100.000	2390667	2390640	28	16183	16210	1.34e-05	52.8	28
NZ_CAADKU010000030.1	NC_009656.1	100.000	2635974	2635947	28	16183	16210	1.34e-05	52.8	28
NZ_CAADKU010000043.1	NC_009656.1	100.000	1987148	1981831	5318	1	5318	0.0	9821	5318
NZ_CAADKU010000059.1	NC_009656.1	100.000	6397298	6397271	28	13336	13363	2.01e-05	52.8	28
NZ_CAADKU010000060.1	NC_009656.1	100.000	5566402	5567192	791	1	791	0.0	1461	791
NZ_CAADKU010000060.1	NC_009656.1	99.874	6353638	6354428	791	1	791	0.0	1456	790
NZ_CAADKU010000060.1	NC_009656.1	99.747	812079	811289	791	1	791	0.0	1450	789
NZ_CAADKU010000060.1	NC_009656.1	99.747	4983086	4983876	791	1	791	0.0	1450	789
NZ_CAADKU010000062.1	NC_009656.1	100.000	21334	21361	28	12698	12725	1.36e-05	52.8	28
NZ_CAADKU010000067.1	NC_009656.1	98.607	2982940	2988248	5312	1	5311	0.0	9396	5238
NZ_CAADKU010000078.1	NC_009656.1	98.280	2586103	2577323	8781	1	8781	0.0	15380	8630
NZ_CAADKU010000080.1	NC_009656.1	100.000	1558077	1558048	30	1372	1401	8.79e-08	56.5	30
NZ_CAADKU010000080.1	NC_009656.1	100.000	5798868	5798839	30	187	216	8.79e-08	56.5	30
NZ_CAADKU010000085.1	NC_009656.1	98.310	4835927	4830249	5680	327	6004	0.0	9954	5584
NZ_CAADKU010000087.1	NC_009656.1	98.080	5887064	5892481	5418	1	5418	0.0	9430	5314
NZ_CAADKU010000091.1	NC_009656.1	98.947	546327	545663	665	1	665	0.0	1190	658
NZ_CAADKU010000091.1	NC_009656.1	100.000	1254881	1254852	30	636	665	4.09e-08	56.5	30
NZ_CAADKU010000096.1	NC_009656.1	100.000	5838935	5838963	29	8526	8554	2.05e-06	54.7	29
NZ_CAADKU010000099.1	NC_009656.1	98.571	2993125	3002009	8886	5	8890	0.0	15705	8759
NZ_CAADKU010000101.1	NC_009656.1	100.000	941358	941385	28	2	29	1.78e-06	52.8	28
NZ_CAADKU010000101.1	NC_009656.1	100.000	1088029	1088056	28	2	29	1.78e-06	52.8	28
NZ_CAADKU010000101.1	NC_009656.1	100.000	5609786	5609813	28	2	29	1.78e-06	52.8	28
NZ_CAADKU010000101.1	NC_009656.1	100.000	6056765	6056792	28	2	29	1.78e-06	52.8	28
NZ_CAADKU010000101.1	NC_009656.1	100.000	6498287	6498314	28	2	29	1.78e-06	52.8	28
NZ_CAADKU010000109.1	NC_009656.1	100.000	4760165	4760196	32	294	325	3.77e-09	60.2	32
NZ_CAADKU010000111.1	NC_009656.1	100.000	381421	381450	30	1	30	6.43e-07	56.5	30
NZ_CAADKU010000118.1	NC_009656.1	100.000	545692	545663	30	10485	10514	6.69e-07	56.5	30
NZ_CAADKU010000118.1	NC_009656.1	100.000	857764	857792	29	8684	8712	2.41e-06	54.7	29
NZ_CAADKU010000126.1	NC_009656.1	98.080	3088854	3093123	4271	11204	15473	0.0	7432	4189
NZ_CAADKU010000137.1	NC_009656.1	100.000	5054907	5054936	30	1	30	1.91e-07	56.5	30
NZ_CAADKU010000145.1	NC_009656.1	100.000	1113456	1113485	30	1	30	4.24e-07	56.5	30
NZ_CAADKU010000147.1	NC_009656.1	98.139	830250	816442	13810	1	13809	0.0	24077	13553
NZ_CAADKU010000150.1	NC_009656.1	100.000	2390828	2390799	30	2845	2874	1.82e-07	56.5	30
NZ_CAADKU010000158.1	NC_009656.1	98.182	3232651	3232705	55	454	508	1.83e-20	97.1	54
NZ_CAADKU010000161.1	NC_009656.1	100.000	4775712	4775739	28	13706	13733	1.13e-05	52.8	28
NZ_CAADKU010000162.1	NC_009656.1	99.054	492079	495143	3065	1	3065	0.0	5500	3036
NZ_CAADKU010000163.1	NC_009656.1	100.000	2370383	2370356	28	5799	5826	4.79e-06	52.8	28
NZ_CAADKU010000165.1	NC_009656.1	100.000	5782615	5782646	32	2570	2601	6.31e-08	60.2	32
NZ_CAADKU010000179.1	NC_009656.1	100.000	4368757	4368786	30	7223	7252	4.61e-07	56.5	30
NZ_CAADKU010000179.1	NC_009656.1	100.000	2888465	2888437	29	7224	7252	1.66e-06	54.7	29
NZ_CAADKU010000179.1	NC_009656.1	100.000	4826521	4826493	29	7224	7252	1.66e-06	54.7	29
NZ_CAADKU010000179.1	NC_009656.1	100.000	4926632	4926604	29	7224	7252	1.66e-06	54.7	29
NZ_CAADKU010000181.1	NC_009656.1	98.428	2829452	2828310	1145	49	1193	0.0	2013	1127
NZ_CAADKU010000181.1	NC_009656.1	98.190	2812095	2811875	221	973	1193	2.33e-107	387	217
NZ_CAADKU010000183.1	NC_009656.1	100.000	1203654	1203622	33	9134	9166	3.22e-08	62.1	33
NZ_CAADKU010000195.1	NC_009656.1	100.000	2102715	2102744	30	1	30	6.50e-08	56.5	30
NZ_CAADKU010000218.1	NC_009656.1	98.253	6385695	6392163	6469	168	6636	0.0	11321	6356
NZ_CAADKU010000229.1	NC_009656.1	100.000	2781582	2781553	30	5001	5030	3.19e-07	56.5	30
NZ_CAADKU010000243.1	NC_009656.1	98.574	806942	808679	1753	1	1753	0.0	3085	1728
NZ_CAADKU010000243.1	NC_009656.1	98.574	4988223	4986486	1753	1	1753	0.0	3085	1728
NZ_CAADKU010000243.1	NC_009656.1	98.574	5571539	5569802	1753	1	1753	0.0	3085	1728
NZ_CAADKU010000243.1	NC_009656.1	98.460	6358775	6357038	1753	1	1753	0.0	3073	1726
NZ_CAADKU010000245.1	NC_009656.1	98.165	55682	56226	545	1	545	0.0	952	535
NZ_CAADKU010000245.1	NC_009656.1	99.469	2813211	2813587	377	1	377	0.0	686	375
NZ_CAADKU010000245.1	NC_009656.1	98.408	2831337	2831713	377	1	377	0.0	664	371
NZ_CAADKU010000251.1	NC_009656.1	100.000	1593780	1593807	28	1	28	3.07e-06	52.8	28
NZ_CAADKU010000251.1	NC_009656.1	100.000	2889317	2889344	28	1	28	3.07e-06	52.8	28
NZ_CAADKU010000283.1	NC_009656.1	98.085	5763170	5761823	1358	5	1362	0.0	2355	1332
NZ_CAADKU010000283.1	NC_009656.1	100.000	1730773	1730800	28	1	28	1.10e-06	52.8	28
NZ_CAADKU010000288.1	NC_009656.1	98.927	1237735	1243326	5592	1	5591	0.0	9993	5532
NZ_CAADKU010000289.1	NC_009656.1	100.000	4111448	4111419	30	8397	8426	5.36e-07	56.5	30
NZ_CAADKU010000303.1	NC_009656.1	100.000	454880	454851	30	1	30	2.94e-07	56.5	30
NZ_CAADKU010000314.1	NC_009656.1	99.996	1996002	2020562	24561	1	24561	0.0	45351	24560
NZ_CAADKU010000314.1	NC_009656.1	100.000	2002682	2002653	30	6652	6681	1.56e-06	56.5	30
NZ_CAADKU010000315.1	NC_009656.1	100.000	5831055	5831026	30	1	30	5.17e-08	56.5	30
NZ_CAADKU010000316.1	NC_009656.1	98.760	2973430	2976413	2984	1	2984	0.0	5306	2947
NZ_CAADKU010000331.1	NC_009656.1	100.000	5270206	5270177	30	2739	2768	1.75e-07	56.5	30
NZ_CAADKU010000333.1	NC_009656.1	100.000	5497562	5497590	29	8723	8751	2.00e-06	54.7	29
NZ_CAADKU010000333.1	NC_009656.1	100.000	5512539	5512511	29	8723	8751	2.00e-06	54.7	29
NZ_CAADKU010000338.1	NC_009656.1	100.000	4728212	4728240	29	2100	2128	4.83e-07	54.7	29
NZ_CAADKU010000339.1	NC_009656.1	100.000	4563265	4563236	30	4226	4255	2.70e-07	56.5	30
NZ_CAADKU010000339.1	NC_009656.1	100.000	2538379	2538407	29	4227	4255	9.70e-07	54.7	29
NZ_CAADKU010000339.1	NC_009656.1	100.000	2430416	2430389	28	4228	4255	3.49e-06	52.8	28
NZ_CAADKU010000339.1	NC_009656.1	100.000	2887230	2887257	28	4228	4255	3.49e-06	52.8	28
NZ_CAADKU010000339.1	NC_009656.1	100.000	4369993	4369966	28	4228	4255	3.49e-06	52.8	28
NZ_CAADKU010000339.1	NC_009656.1	100.000	4825286	4825313	28	4228	4255	3.49e-06	52.8	28
NZ_CAADKU010000339.1	NC_009656.1	100.000	4925396	4925423	28	4228	4255	3.49e-06	52.8	28
NZ_CAADKU010000343.1	NC_009656.1	99.424	5144029	5141077	2953	1	2953	0.0	5360	2936
NZ_CAADKU010000347.1	NC_009656.1	100.000	1934683	1934655	29	3657	3685	8.40e-07	54.7	29
NZ_CAADKU010000351.1	NC_009656.1	99.038	2826802	2826699	104	30	133	2.00e-47	187	103
NZ_CAADKU010000353.1	NC_009656.1	98.340	5536147	5534884	1265	3511	4775	0.0	2218	1244
NZ_CAADKU010000358.1	NC_009656.1	100.000	3932511	3932484	28	3984	4011	3.29e-06	52.8	28
NZ_CAADKU010000364.1	NC_009656.1	99.348	4623058	4624745	1688	1	1687	0.0	3055	1677
NZ_CAADKU010000369.1	NC_009656.1	100.000	4278434	4278405	30	5635	5664	3.60e-07	56.5	30
NZ_CAADKU010000372.1	NC_009656.1	100.000	103451	103479	29	11863	11891	3.49e-06	54.7	29
NZ_CAADKU010000374.1	NC_009656.1	99.404	3913506	3914848	1343	1	1343	0.0	2436	1335
NZ_CAADKU010000377.1	NC_009656.1	100.000	1181194	1181161	34	5669	5702	3.39e-09	63.9	34
NZ_CAADKU010000386.1	NC_009656.1	98.504	4579702	4580570	869	1	869	0.0	1533	856
NZ_CAADKU010000387.1	NC_009656.1	98.059	497788	495318	2473	2	2474	0.0	4300	2425
NZ_CAADKU010000395.1	NC_009656.1	98.932	5195097	5203710	8614	1	8614	0.0	15398	8522
NZ_CAADKU010000395.1	NC_009656.1	98.735	714042	705429	8614	1	8614	0.0	15304	8505
NZ_CAADKU010000402.1	NC_009656.1	100.000	6580599	6580569	31	560	590	1.70e-08	58.4	31
NZ_CAADKU010000404.1	NC_009656.1	99.771	3175191	3162507	12685	5051	17734	0.0	23263	12656
NZ_CAADKU010000404.1	NC_009656.1	100.000	6230758	6230787	30	19751	19780	1.26e-06	56.5	30
NZ_CAADKU010000408.1	NC_009656.1	98.029	478431	481626	3196	1	3196	0.0	5553	3133
NZ_CAADKU010000408.1	NC_009656.1	100.000	1791551	1791580	30	1	30	2.22e-07	56.5	30
NZ_CAADKU010000412.1	NC_009656.1	98.206	1182222	1181164	1059	1	1059	0.0	1851	1040
NZ_CAADKU010000413.1	NC_009656.1	98.254	2989684	2988426	1260	1	1260	0.0	2204	1238
NZ_CAADKU010000419.1	NC_009656.1	100.000	2889345	2889318	28	5497	5524	4.54e-06	52.8	28
NZ_CAADKU010000428.1	NC_009656.1	98.301	5079505	5078094	1413	1	1413	0.0	2475	1389
NZ_CAADKU010000430.1	NC_009656.1	100.000	6234968	6232487	2482	1	2482	0.0	4584	2482
NZ_CAADKU010000430.1	NC_009656.1	100.000	6231152	6231111	42	2481	2522	1.47e-13	78.7	42
NZ_CAADKU010000431.1	NC_009656.1	100.000	5089660	5089631	30	1	30	4.95e-07	56.5	30
NZ_CAADKU010000438.1	NC_009656.1	100.000	5587600	5587627	28	5931	5958	4.90e-06	52.8	28
NZ_CAADKU010000444.1	NC_009656.1	100.000	540782	540811	30	1	30	1.08e-07	56.5	30
NZ_CAADKU010000449.1	NC_009656.1	100.000	111842	111872	31	11649	11679	2.07e-07	58.4	31
NZ_CAADKU010000449.1	NC_009656.1	100.000	5498413	5498442	30	1	30	7.43e-07	56.5	30
NZ_CAADKU010000449.1	NC_009656.1	100.000	5511688	5511659	30	1	30	7.43e-07	56.5	30
NZ_CAADKU010000463.1	NC_009656.1	100.000	1890503	1890531	29	3133	3161	2.99e-06	54.7	29
NZ_CAADKU010000463.1	NC_009656.1	100.000	6498307	6498280	28	1	28	1.08e-05	52.8	28
NZ_CAADKU010000465.1	NC_009656.1	100.000	4797757	4797728	30	1	30	7.16e-07	56.5	30
NZ_CAADKU010000467.1	NC_009656.1	98.348	583543	584571	1029	1	1029	0.0	1807	1012
NZ_CAADKU010000474.1	NC_009656.1	100.000	6056792	6056765	28	1339	1366	1.11e-06	52.8	28
NZ_CAADKU010000474.1	NC_009656.1	100.000	6498314	6498287	28	1339	1366	1.11e-06	52.8	28
NZ_CAADKU010000482.1	NC_009656.1	100.000	6520030	6520058	29	3187	3215	7.32e-07	54.7	29
NZ_CAADKU010000492.1	NC_009656.1	100.000	2038258	2038287	30	1	30	1.13e-06	56.5	30
NZ_CAADKU010000492.1	NC_009656.1	100.000	1038123	1038095	29	6053	6081	4.05e-06	54.7	29
NZ_CAADKU010000492.1	NC_009656.1	100.000	5498441	5498413	29	17666	17694	4.05e-06	54.7	29
NZ_CAADKU010000492.1	NC_009656.1	100.000	5511660	5511688	29	17666	17694	4.05e-06	54.7	29
NZ_CAADKU010000521.1	NC_009656.1	100.000	2343639	2343610	30	2608	2637	1.67e-07	56.5	30
NZ_CAADKU010000526.1	NC_009656.1	98.057	5104309	5103126	1184	11538	12721	0.0	2060	1161
NZ_CAADKU010000526.1	NC_009656.1	100.000	5221132	5221098	35	11538	11572	1.89e-09	65.8	35
NZ_CAADKU010000527.1	NC_009656.1	100.000	1054776	1054749	28	1592	1619	1.32e-06	52.8	28
NZ_CAADKU010000530.1	NC_009656.1	98.089	1294702	1296794	2093	1	2093	0.0	3644	2053
NZ_CAADKU010000542.1	NC_009656.1	99.912	6252948	6254079	1132	1	1132	0.0	2085	1131
NZ_CAADKU010000551.1	NC_009656.1	98.546	4611915	4614524	2613	1	2605	0.0	4604	2575
NZ_CAADKU010000553.1	NC_009656.1	100.000	5306028	5305964	65	3081	3145	6.96e-27	121	65
NZ_CAADKU010000553.1	NC_009656.1	100.000	5295107	5295078	30	3116	3145	1.99e-07	56.5	30
NZ_CAADKU010000554.1	NC_009656.1	100.000	2538408	2538378	31	1	31	1.18e-07	58.4	31
NZ_CAADKU010000554.1	NC_009656.1	100.000	4563235	4563264	30	1	30	4.24e-07	56.5	30
NZ_CAADKU010000554.1	NC_009656.1	100.000	2430388	2430416	29	1	29	1.53e-06	54.7	29
NZ_CAADKU010000554.1	NC_009656.1	100.000	2887258	2887230	29	1	29	1.53e-06	54.7	29
NZ_CAADKU010000554.1	NC_009656.1	100.000	4369965	4369993	29	1	29	1.53e-06	54.7	29
NZ_CAADKU010000554.1	NC_009656.1	100.000	4825314	4825286	29	1	29	1.53e-06	54.7	29
NZ_CAADKU010000554.1	NC_009656.1	100.000	4925424	4925396	29	1	29	1.53e-06	54.7	29
NZ_CAADKU010000554.1	NC_009656.1	100.000	6228649	6228621	29	1	29	1.53e-06	54.7	29
NZ_CAADKU010000557.1	NC_009656.1	98.501	3025344	3021944	3403	1	3403	0.0	6000	3352
NZ_CAADKU010000573.1	NC_009656.1	100.000	5089664	5089635	30	1	30	6.89e-07	56.5	30
NZ_CAADKU010000576.1	NC_009656.1	100.000	377668	377639	30	3183	3212	3.55e-07	56.5	30
NZ_CAADKU010000577.1	NC_009656.1	98.261	158595	157791	805	1	805	0.0	1410	791
NZ_CAADKU010000578.1	NC_009656.1	100.000	566142	566114	29	1874	1902	9.56e-07	54.7	29
NZ_CAADKU010000583.1	NC_009656.1	100.000	2819293	2819327	35	1	35	1.24e-10	65.8	35
NZ_CAADKU010000588.1	NC_009656.1	100.000	1993456	1989441	4016	1	4016	0.0	7417	4016
NZ_CAADKU010000597.1	NC_009656.1	98.880	4649330	4649686	357	1	357	0.0	638	353
NZ_CAADKU010000597.1	NC_009656.1	100.000	5325750	5325777	28	8234	8261	6.79e-06	52.8	28
NZ_CAADKU010000600.1	NC_009656.1	100.000	1763165	1763197	33	9294	9326	1.31e-08	62.1	33
NZ_CAADKU010000607.1	NC_009656.1	98.478	4857900	4851994	5912	1	5912	0.0	10414	5822
NZ_CAADKU010000609.1	NC_009656.1	100.000	2888466	2888437	30	4314	4343	2.75e-07	56.5	30
NZ_CAADKU010000609.1	NC_009656.1	100.000	4368758	4368786	29	4315	4343	9.90e-07	54.7	29
NZ_CAADKU010000609.1	NC_009656.1	100.000	4826521	4826493	29	4315	4343	9.90e-07	54.7	29
NZ_CAADKU010000609.1	NC_009656.1	100.000	4926632	4926604	29	4315	4343	9.90e-07	54.7	29
NZ_CAADKU010000610.1	NC_009656.1	100.000	6298926	6298955	30	1	30	3.56e-07	56.5	30
NZ_CAADKU010000629.1	NC_009656.1	100.000	2321497	2321525	29	815	843	1.16e-06	54.7	29
NZ_CAADKU010000637.1	NC_009656.1	100.000	533621	533592	30	1	30	2.11e-07	56.5	30
NZ_CAADKU010000639.1	NC_009656.1	100.000	1791957	1791929	29	2	30	5.20e-07	54.7	29
NZ_CAADKU010000653.1	NC_009656.1	100.000	207193	207158	36	1436	1471	5.38e-11	67.6	36
NZ_CAADKU010000653.1	NC_009656.1	100.000	4275878	4275848	31	1438	1468	3.24e-08	58.4	31
NZ_CAADKU010000655.1	NC_009656.1	100.000	3934846	3934817	30	1	30	4.96e-07	56.5	30
NZ_CAADKU010000672.1	NC_009656.1	100.000	1431804	1431832	29	1155	1183	2.77e-07	54.7	29
NZ_CAADKU010000673.1	NC_009656.1	100.000	5305964	5305993	30	1	30	5.40e-07	56.5	30
NZ_CAADKU010000676.1	NC_009656.1	100.000	3725240	3725269	30	13589	13618	8.67e-07	56.5	30
NZ_CAADKU010000681.1	NC_009656.1	100.000	3189872	3189901	30	1	30	1.30e-07	56.5	30
NZ_CAADKU010000681.1	NC_009656.1	100.000	3309012	3308983	30	1	30	1.30e-07	56.5	30
NZ_CAADKU010000686.1	NC_009656.1	100.000	5497590	5497562	29	1	29	2.20e-06	54.7	29
NZ_CAADKU010000686.1	NC_009656.1	100.000	5512511	5512539	29	1	29	2.20e-06	54.7	29
NZ_CAADKU010000706.1	NC_009656.1	100.000	1262272	1262302	31	1	31	1.76e-07	58.4	31
NZ_CAADKU010000708.1	NC_009656.1	100.000	4926634	4926606	29	4978	5006	1.14e-06	54.7	29
NZ_CAADKU010000708.1	NC_009656.1	100.000	4826522	4826495	28	4979	5006	4.11e-06	52.8	28
NZ_CAADKU010000712.1	NC_009656.1	98.134	2321994	2319691	2304	1154	3457	0.0	4017	2261
NZ_CAADKU010000712.1	NC_009656.1	100.000	3387614	3387642	29	1623	1651	7.87e-07	54.7	29
NZ_CAADKU010000719.1	NC_009656.1	100.000	4728076	4728105	30	1	30	6.00e-07	56.5	30
NZ_CAADKU010000724.1	NC_009656.1	100.000	111852	111880	29	1	29	3.32e-07	54.7	29
NZ_CAADKU010000725.1	NC_009656.1	98.652	2976670	2982383	5714	1	5713	0.0	10124	5637
NZ_CAADKU010000726.1	NC_009656.1	100.000	4563265	4563236	30	3801	3830	2.43e-07	56.5	30
NZ_CAADKU010000726.1	NC_009656.1	100.000	2538379	2538407	29	3802	3830	8.73e-07	54.7	29
NZ_CAADKU010000726.1	NC_009656.1	100.000	2430416	2430389	28	3803	3830	3.14e-06	52.8	28
NZ_CAADKU010000726.1	NC_009656.1	100.000	2887230	2887257	28	3803	3830	3.14e-06	52.8	28
NZ_CAADKU010000726.1	NC_009656.1	100.000	4369993	4369966	28	3803	3830	3.14e-06	52.8	28
NZ_CAADKU010000726.1	NC_009656.1	100.000	4825286	4825313	28	3803	3830	3.14e-06	52.8	28
NZ_CAADKU010000726.1	NC_009656.1	100.000	4925396	4925423	28	3803	3830	3.14e-06	52.8	28
NZ_CAADKU010000726.1	NC_009656.1	100.000	6228621	6228648	28	3803	3830	3.14e-06	52.8	28
NZ_CAADKU010000730.1	NC_009656.1	100.000	4883962	4883991	30	5712	5741	3.65e-07	56.5	30
NZ_CAADKU010000732.1	NC_009656.1	99.744	810988	808650	2341	1	2341	0.0	4289	2335
NZ_CAADKU010000732.1	NC_009656.1	99.744	4984177	4986515	2341	1	2341	0.0	4289	2335
NZ_CAADKU010000732.1	NC_009656.1	99.744	5567493	5569831	2341	1	2341	0.0	4289	2335
NZ_CAADKU010000732.1	NC_009656.1	99.744	6354729	6357067	2341	1	2341	0.0	4289	2335
NZ_CAADKU010000741.1	NC_009656.1	99.370	492100	490673	1428	1	1428	0.0	2588	1419
NZ_CAADKU010000752.1	NC_009656.1	98.101	5758867	5758236	632	3444	4075	0.0	1101	620
NZ_CAADKU010000757.1	NC_009656.1	100.000	3447902	3447875	28	487	514	3.83e-06	52.8	28
NZ_CAADKU010000766.1	NC_009656.1	98.940	2319719	2318777	943	1	943	0.0	1687	933
NZ_CAADKU010000769.1	NC_009656.1	98.800	218738	216489	2250	1	2250	0.0	4006	2223
NZ_CAADKU010000781.1	NC_009656.1	98.246	5881490	5885308	3820	2	3820	0.0	6682	3753
NZ_CAADKU010000783.1	NC_009656.1	98.414	2549175	2539655	9521	1	9521	0.0	16746	9370
NZ_CAADKU010000784.1	NC_009656.1	100.000	5191457	5194975	3519	1	3519	0.0	6499	3519
NZ_CAADKU010000787.1	NC_009656.1	98.580	3500715	3500012	704	3	706	0.0	1245	694
NZ_CAADKU010000787.1	NC_009656.1	98.438	881381	880678	704	3	706	0.0	1240	693
NZ_CAADKU010000791.1	NC_009656.1	98.770	4852002	4848832	3171	1	3168	0.0	5637	3132
NZ_CAADKU010000792.1	NC_009656.1	98.359	1294609	1293818	792	1	792	0.0	1391	779
NZ_CAADKU010000794.1	NC_009656.1	99.135	5219210	5220942	1734	1	1730	0.0	3114	1719
NZ_CAADKU010000809.1	NC_009656.1	100.000	2038208	2038237	30	12347	12376	7.88e-07	56.5	30
NZ_CAADKU010000809.1	NC_009656.1	100.000	2038500	2038528	29	12348	12376	2.83e-06	54.7	29
NZ_CAADKU010000810.1	NC_009656.1	100.000	3582517	3582546	30	1	30	4.42e-07	56.5	30
NZ_CAADKU010000815.1	NC_009656.1	100.000	630179	630150	30	1	30	4.65e-07	56.5	30
NZ_CAADKU010000817.1	NC_009656.1	100.000	3794409	3794381	29	10813	10841	4.22e-06	54.7	29
NZ_CAADKU010000818.1	NC_009656.1	100.000	5497561	5497589	29	7095	7123	1.63e-06	54.7	29
NZ_CAADKU010000818.1	NC_009656.1	100.000	5512539	5512512	28	7096	7123	5.86e-06	52.8	28
NZ_CAADKU010000833.1	NC_009656.1	100.000	6347719	6347752	34	3240	3273	2.50e-09	63.9	34
NZ_CAADKU010000835.1	NC_009656.1	100.000	6512659	6512630	30	4664	4693	2.98e-07	56.5	30
NZ_CAADKU010000840.1	NC_009656.1	100.000	2078326	2078354	29	1	29	1.11e-06	54.7	29
NZ_CAADKU010000842.1	NC_009656.1	100.000	1254839	1254868	30	2029	2058	1.30e-07	56.5	30
NZ_CAADKU010000844.1	NC_009656.1	98.047	4269073	4271069	1997	1	1997	0.0	3472	1958
NZ_CAADKU010000847.1	NC_009656.1	99.219	5509772	5508749	1024	4265	5288	0.0	1847	1016
NZ_CAADKU010000847.1	NC_009656.1	99.688	3861394	3860755	640	1274	1913	0.0	1171	638
NZ_CAADKU010000847.1	NC_009656.1	100.000	5511687	5511658	30	1	30	3.37e-07	56.5	30
NZ_CAADKU010000847.1	NC_009656.1	100.000	5498414	5498442	29	1	29	1.21e-06	54.7	29
NZ_CAADKU010000851.1	NC_009656.1	100.000	5511688	5511659	30	1	30	1.02e-06	56.5	30
NZ_CAADKU010000851.1	NC_009656.1	100.000	5325827	5325799	29	15982	16010	3.67e-06	54.7	29
NZ_CAADKU010000853.1	NC_009656.1	100.000	3631511	3631481	31	6311	6341	1.12e-07	58.4	31
NZ_CAADKU010000859.1	NC_009656.1	100.000	5800062	5800091	30	1	30	2.94e-07	56.5	30
NZ_CAADKU010000859.1	NC_009656.1	100.000	6517436	6517407	30	1	30	2.94e-07	56.5	30
NZ_CAADKU010000865.1	NC_009656.1	100.000	1593803	1593775	29	1	29	1.54e-06	54.7	29
NZ_CAADKU010000865.1	NC_009656.1	100.000	2717945	2717917	29	1	29	1.54e-06	54.7	29
NZ_CAADKU010000865.1	NC_009656.1	100.000	2889340	2889312	29	1	29	1.54e-06	54.7	29
NZ_CAADKU010000872.1	NC_009656.1	99.054	832947	845738	12792	1	12791	0.0	22951	12671
NZ_CAADKU010000872.1	NC_009656.1	98.387	816442	816503	62	1	62	6.16e-23	110	61
NZ_CAADKU010000889.1	NC_009656.1	100.000	525172	525205	34	14945	14978	5.70e-09	63.9	34
NZ_CAADKU010000895.1	NC_009656.1	98.333	717831	717949	120	7563	7681	3.62e-53	209	118
NZ_CAADKU010000899.1	NC_009656.1	100.000	5397323	5397294	30	1	30	1.50e-07	56.5	30
NZ_CAADKU010000911.1	NC_009656.1	98.009	6364378	6366537	2160	1	2160	0.0	3751	2117
NZ_CAADKU010000912.1	NC_009656.1	99.219	2833853	2833980	128	30	157	9.26e-61	231	127
NZ_CAADKU010000921.1	NC_009656.1	99.730	2822289	2821180	1110	1	1109	0.0	2032	1107
NZ_CAADKU010000923.1	NC_009656.1	100.000	5089668	5089639	30	2425	2454	1.55e-07	56.5	30
NZ_CAADKU010000925.1	NC_009656.1	100.000	116188	116354	167	144	310	4.68e-84	309	167
NZ_CAADKU010000925.1	NC_009656.1	100.000	5510988	5511103	116	28	143	1.05e-55	215	116
NZ_CAADKU010000925.1	NC_009656.1	100.000	5497590	5497562	29	1	29	2.42e-07	54.7	29
NZ_CAADKU010000943.1	NC_009656.1	98.612	2768331	2766603	1729	1	1729	0.0	3061	1705
NZ_CAADKU010000943.1	NC_009656.1	100.000	540787	540816	30	1	30	1.09e-07	56.5	30
NZ_CAADKU010000949.1	NC_009656.1	100.000	6526508	6526479	30	1	30	1.11e-07	56.5	30
NZ_CAADKU010000953.1	NC_009656.1	98.577	2883200	2884042	843	1	843	0.0	1491	831
NZ_CAADKU010000953.1	NC_009656.1	100.000	4162867	4162896	30	2972	3001	1.90e-07	56.5	30
NZ_CAADKU010000960.1	NC_009656.1	99.842	2810852	2811485	634	332	965	0.0	1166	633
NZ_CAADKU010000960.1	NC_009656.1	99.842	2823703	2824336	634	332	965	0.0	1166	633
NZ_CAADKU010000965.1	NC_009656.1	100.000	3725240	3725269	30	1	30	3.90e-08	56.5	30
NZ_CAADKU010000966.1	NC_009656.1	100.000	2497689	2497716	28	343	370	2.24e-06	52.8	28
NZ_CAADKU010000972.1	NC_009656.1	100.000	1009486	1009457	30	682	711	1.76e-07	56.5	30
NZ_CAADKU010000972.1	NC_009656.1	100.000	6517410	6517439	30	1	30	1.76e-07	56.5	30
NZ_CAADKU010000976.1	NC_009656.1	98.006	4180121	4182626	2507	1	2506	0.0	4351	2457
NZ_CAADKU010000976.1	NC_009656.1	100.000	1642315	1642287	29	2474	2502	5.69e-07	54.7	29
NZ_CAADKU010000977.1	NC_009656.1	98.230	3025618	3026521	904	1	903	0.0	1580	888
NZ_CAADKU010000978.1	NC_009656.1	100.000	2520161	2520132	30	1	30	6.46e-07	56.5	30
NZ_CAADKU010000980.1	NC_009656.1	99.974	6241668	6249358	7691	1	7691	0.0	14192	7689
NZ_CAADKU010000986.1	NC_009656.1	98.632	2993122	2991369	1755	2	1756	0.0	3107	1731
NZ_CAADKU010000987.1	NC_009656.1	98.039	1730680	1728539	2142	69	2209	0.0	3722	2100
NZ_CAADKU010000992.1	NC_009656.1	98.528	5885322	5886884	1563	1	1563	0.0	2760	1540
NZ_CAADKU010000997.1	NC_009656.1	99.676	698460	692901	5560	1	5560	0.0	10168	5542
NZ_CAADKU010000997.1	NC_009656.1	99.568	5210679	5216238	5560	1	5560	0.0	10135	5536
NZ_CAADKU010001008.1	NC_009656.1	100.000	2717918	2717949	32	1	32	1.76e-08	60.2	32
NZ_CAADKU010001008.1	NC_009656.1	100.000	2889313	2889342	30	1	30	2.28e-07	56.5	30
NZ_CAADKU010001008.1	NC_009656.1	100.000	878988	878960	29	1	29	8.19e-07	54.7	29
NZ_CAADKU010001011.1	NC_009656.1	98.779	6082951	6084506	1556	1	1556	0.0	2769	1537
NZ_CAADKU010001013.1	NC_009656.1	100.000	5587599	5587627	29	4472	4500	1.03e-06	54.7	29
NZ_CAADKU010001020.1	NC_009656.1	100.000	3490091	3490062	30	2947	2976	1.88e-07	56.5	30
NZ_CAADKU010001028.1	NC_009656.1	100.000	4369964	4369994	31	1	31	1.16e-07	58.4	31
NZ_CAADKU010001028.1	NC_009656.1	100.000	6228650	6228620	31	1	31	1.16e-07	58.4	31
NZ_CAADKU010001028.1	NC_009656.1	100.000	2430387	2430416	30	1	30	4.16e-07	56.5	30
NZ_CAADKU010001028.1	NC_009656.1	100.000	2538409	2538380	30	1	30	4.16e-07	56.5	30
NZ_CAADKU010001028.1	NC_009656.1	100.000	4563234	4563263	30	1	30	4.16e-07	56.5	30
NZ_CAADKU010001028.1	NC_009656.1	100.000	4925425	4925396	30	1	30	4.16e-07	56.5	30
NZ_CAADKU010001034.1	NC_009656.1	98.485	6413389	6412004	1386	1	1386	0.0	2444	1365
NZ_CAADKU010001037.1	NC_009656.1	100.000	454853	454882	30	1	30	6.80e-07	56.5	30
NZ_CAADKU010001039.1	NC_009656.1	98.340	3019720	3021585	1867	10	1874	0.0	3273	1836
NZ_CAADKU010001049.1	NC_009656.1	98.175	5534081	5530082	4000	5	4004	0.0	6983	3927
NZ_CAADKU010001056.1	NC_009656.1	99.983	698563	704372	5810	1	5810	0.0	10724	5809
NZ_CAADKU010001056.1	NC_009656.1	99.036	5210576	5204772	5809	1	5805	0.0	10410	5753
NZ_CAADKU010001058.1	NC_009656.1	100.000	1993776	1995536	1761	1	1761	0.0	3253	1761
NZ_CAADKU010001077.1	NC_009656.1	98.026	4163740	4164803	1064	1	1064	0.0	1849	1043
NZ_CAADKU010001081.1	NC_009656.1	98.384	4909005	4907335	1671	1	1671	0.0	2937	1644
NZ_CAADKU010001089.1	NC_009656.1	98.129	4603196	4611799	8604	1	8601	0.0	14994	8443
NZ_CAADKU010001094.1	NC_009656.1	100.000	6241289	6234939	6351	1	6351	0.0	11729	6351
NZ_CAADKU010001096.1	NC_009656.1	98.592	5412909	5412979	71	3732	3802	3.06e-28	126	70
NZ_CAADKU010001098.1	NC_009656.1	100.000	509810	509837	28	1166	1193	6.38e-06	52.8	28
NZ_CAADKU010001122.1	NC_009656.1	100.000	1934683	1934654	30	747	776	4.80e-08	56.5	30
NZ_CAADKU010001122.1	NC_009656.1	100.000	5270165	5270194	30	746	775	4.80e-08	56.5	30
NZ_CAADKU010001126.1	NC_009656.1	100.000	4162900	4162872	29	2461	2489	5.65e-07	54.7	29
NZ_CAADKU010001127.1	NC_009656.1	99.083	5140531	5141075	545	1	545	0.0	979	540
NZ_CAADKU010001140.1	NC_009656.1	98.485	4150354	4150289	66	1889	1954	6.15e-26	117	65
NZ_CAADKU010001142.1	NC_009656.1	99.830	1989470	1987119	2354	1	2352	0.0	4322	2350
NZ_CAADKU010001153.1	NC_009656.1	100.000	3724217	3724247	31	1140	1170	2.03e-08	58.4	31
NZ_CAADKU010001154.1	NC_009656.1	100.000	4825315	4825284	32	1	32	4.72e-08	60.2	32
NZ_CAADKU010001154.1	NC_009656.1	100.000	2430387	2430417	31	1	31	1.70e-07	58.4	31
NZ_CAADKU010001154.1	NC_009656.1	100.000	2538409	2538380	30	1	30	6.10e-07	56.5	30
NZ_CAADKU010001154.1	NC_009656.1	100.000	2887259	2887230	30	1	30	6.10e-07	56.5	30
NZ_CAADKU010001154.1	NC_009656.1	100.000	4369964	4369993	30	1	30	6.10e-07	56.5	30
NZ_CAADKU010001154.1	NC_009656.1	100.000	4563234	4563263	30	1	30	6.10e-07	56.5	30
NZ_CAADKU010001154.1	NC_009656.1	100.000	4925425	4925396	30	1	30	6.10e-07	56.5	30
NZ_CAADKU010001154.1	NC_009656.1	100.000	6228650	6228621	30	1	30	6.10e-07	56.5	30
NZ_CAADKU010001191.1	NC_009656.1	98.462	4246198	4247953	1756	1	1756	0.0	3094	1729
NZ_CAADKU010001198.1	NC_009656.1	99.018	4601669	4601059	611	88	698	0.0	1096	605
NZ_CAADKU010001202.1	NC_009656.1	100.000	537655	537626	30	946	975	6.07e-08	56.5	30
NZ_CAADKU010001209.1	NC_009656.1	100.000	3966447	3966418	30	5877	5906	3.75e-07	56.5	30
NZ_CAADKU010001209.1	NC_009656.1	100.000	5110423	5110450	28	268	295	4.85e-06	52.8	28
NZ_CAADKU010001211.1	NC_009656.1	100.000	4580541	4580570	30	1200	1229	7.69e-08	56.5	30
NZ_CAADKU010001225.1	NC_009656.1	98.015	1745181	1744527	655	1	655	0.0	1138	642
NZ_CAADKU010001233.1	NC_009656.1	98.544	5219070	5218047	1030	1	1030	0.0	1814	1015
NZ_CAADKU010001237.1	NC_009656.1	100.000	2917956	2917918	39	1072	1110	2.24e-12	73.1	39
NZ_CAADKU010001245.1	NC_009656.1	100.000	5169553	5169524	30	3413	3442	2.86e-07	56.5	30
NZ_CAADKU010001247.1	NC_009656.1	100.000	5497589	5497561	29	1	29	6.31e-07	54.7	29
NZ_CAADKU010001263.1	NC_009656.1	100.000	6258565	6254097	4469	31	4499	0.0	8253	4469
NZ_CAADKU010001263.1	NC_009656.1	100.000	94238	94210	29	4	32	1.03e-06	54.7	29
NZ_CAADKU010001268.1	NC_009656.1	100.000	5326160	5326191	32	1	32	9.38e-09	60.2	32
NZ_CAADKU010001268.1	NC_009656.1	100.000	3583955	3583926	30	3	32	1.21e-07	56.5	30
NZ_CAADKU010001268.1	NC_009656.1	100.000	5295027	5295054	28	4	31	1.57e-06	52.8	28
NZ_CAADKU010001269.1	NC_009656.1	100.000	537655	537623	33	1	33	4.33e-09	62.1	33
NZ_CAADKU010001270.1	NC_009656.1	100.000	2768330	2768302	29	1	29	2.48e-07	54.7	29
NZ_CAADKU010001272.1	NC_009656.1	98.252	287563	288420	858	1	858	0.0	1502	843
NZ_CAADKU010001275.1	NC_009656.1	100.000	5497561	5497590	30	2082	2111	1.33e-07	56.5	30
NZ_CAADKU010001275.1	NC_009656.1	100.000	5512539	5512511	29	2083	2111	4.79e-07	54.7	29
NZ_CAADKU010001278.1	NC_009656.1	98.675	4909058	4909736	679	1	679	0.0	1205	670
NZ_CAADKU010001279.1	NC_009656.1	100.000	251390	251363	28	776	803	6.43e-07	52.8	28
NZ_CAADKU010001292.1	NC_009656.1	98.091	6089883	6090720	838	1	838	0.0	1459	822
NZ_CAADKU010001297.1	NC_009656.1	100.000	2892874	2892845	30	1	30	2.13e-07	56.5	30
NZ_CAADKU010001299.1	NC_009656.1	100.000	2359776	2359747	30	1883	1912	1.20e-07	56.5	30
NZ_CAADKU010001303.1	NC_009656.1	98.077	645152	644477	676	6	681	0.0	1177	663
NZ_CAADKU010001306.1	NC_009656.1	99.076	637610	636420	1191	1	1191	0.0	2139	1180
NZ_CAADKU010001307.1	NC_009656.1	98.249	432500	431930	571	1	571	0.0	1000	561
NZ_CAADKU010001311.1	NC_009656.1	100.000	630154	630183	30	1	30	5.06e-08	56.5	30
NZ_CAADKU010001326.1	NC_009656.1	100.000	1567269	1567298	30	7304	7333	4.66e-07	56.5	30
NZ_CAADKU010001327.1	NC_009656.1	100.000	3189912	3189883	30	664	693	4.27e-08	56.5	30
NZ_CAADKU010001331.1	NC_009656.1	100.000	4659327	4659356	30	1	30	1.68e-07	56.5	30
NZ_CAADKU010001331.1	NC_009656.1	100.000	5325766	5325795	30	1	30	1.68e-07	56.5	30
NZ_CAADKU010001334.1	NC_009656.1	98.435	5460509	5457506	3004	1	3004	0.0	5288	2957
NZ_CAADKU010001335.1	NC_009656.1	98.792	2728464	2727720	745	1	745	0.0	1327	736
NZ_CAADKU010001341.1	NC_009656.1	98.392	2882608	2883229	622	1	622	0.0	1094	612
NZ_CAADKU010001346.1	NC_009656.1	98.421	477320	478459	1140	1	1140	0.0	2006	1122
NZ_CAADKU010001354.1	NC_009656.1	98.282	1599546	1600418	873	1	873	0.0	1530	858
NZ_CAADKU010001355.1	NC_009656.1	100.000	762796	762767	30	3074	3103	1.96e-07	56.5	30
NZ_CAADKU010001365.1	NC_009656.1	98.984	637587	639259	1673	1	1673	0.0	2996	1656
NZ_CAADKU010001370.1	NC_009656.1	98.024	6084487	6085245	759	1	759	0.0	1319	744
NZ_CAADKU010001374.1	NC_009656.1	98.629	401901	400151	1751	1	1751	0.0	3101	1727
NZ_CAADKU010001382.1	NC_009656.1	100.000	1934652	1934681	30	1	30	4.80e-08	56.5	30
NZ_CAADKU010001410.1	NC_009656.1	99.220	2989655	2990936	1282	1	1282	0.0	2313	1272
NZ_CAADKU010001412.1	NC_009656.1	100.000	5498441	5498412	30	2656	2685	1.70e-07	56.5	30
NZ_CAADKU010001412.1	NC_009656.1	100.000	5511660	5511689	30	2656	2685	1.70e-07	56.5	30
NZ_CAADKU010001416.1	NC_009656.1	100.000	4223463	4223434	30	2029	2058	1.30e-07	56.5	30
NZ_CAADKU010001419.1	NC_009656.1	100.000	691356	692894	1539	1	1539	0.0	2843	1539
NZ_CAADKU010001419.1	NC_009656.1	100.000	5217783	5216245	1539	1	1539	0.0	2843	1539
NZ_CAADKU010001426.1	NC_009656.1	98.244	5756260	5758138	1879	1	1873	0.0	3282	1846
NZ_CAADKU010001428.1	NC_009656.1	100.000	5541365	5541336	30	1	30	1.21e-07	56.5	30
NZ_CAADKU010001445.1	NC_009656.1	98.119	831873	830970	904	1	904	0.0	1576	887
NZ_CAADKU010001448.1	NC_009656.1	98.131	355221	353724	1498	1	1498	0.0	2612	1470
NZ_CAADKU010001449.1	NC_009656.1	98.535	51468	52900	1433	1	1433	0.0	2531	1412
NZ_CAADKU010001449.1	NC_009656.1	98.032	2817313	2818378	1067	384	1450	0.0	1853	1046
NZ_CAADKU010001452.1	NC_009656.1	100.000	2370356	2370383	28	1	28	4.97e-07	52.8	28
NZ_CAADKU010001460.1	NC_009656.1	98.211	399019	398014	1006	1	1006	0.0	1759	988
NZ_CAADKU010001463.1	NC_009656.1	100.000	4659340	4659312	29	1	29	4.84e-07	54.7	29
NZ_CAADKU010001471.1	NC_009656.1	100.000	2390620	2390591	30	1	30	9.71e-08	56.5	30
NZ_CAADKU010001471.1	NC_009656.1	100.000	2390780	2390752	29	1	29	3.49e-07	54.7	29
NZ_CAADKU010001472.1	NC_009656.1	98.913	1604544	1603349	1196	1	1196	0.0	2137	1183
NZ_CAADKU010001488.1	NC_009656.1	98.286	6368037	6369086	1050	1	1050	0.0	1840	1032
NZ_CAADKU010001495.1	NC_009656.1	100.000	3471885	3471854	32	2	33	4.92e-09	60.2	32
NZ_CAADKU010001498.1	NC_009656.1	99.386	3184177	3184990	814	703	1516	0.0	1476	809
NZ_CAADKU010001499.1	NC_009656.1	100.000	5753094	5753123	30	1	30	3.11e-08	56.5	30
NZ_CAADKU010001503.1	NC_009656.1	99.333	5529512	5530111	600	1	600	0.0	1086	596
NZ_CAADKU010001505.1	NC_009656.1	98.505	815940	815339	602	1	602	0.0	1062	593
NZ_CAADKU010001505.1	NC_009656.1	98.007	832445	831844	602	1	602	0.0	1046	590
NZ_CAADKU010001512.1	NC_009656.1	98.096	2520274	2521061	788	1	788	0.0	1373	773
NZ_CAADKU010001512.1	NC_009656.1	100.000	2521060	2521151	92	819	910	1.94e-42	171	92
NZ_CAADKU010001515.1	NC_009656.1	100.000	1699769	1699797	29	1954	1982	5.91e-07	54.7	29
NZ_CAADKU010001517.1	NC_009656.1	98.555	2831135	2829752	1384	20	1402	0.0	2444	1364
NZ_CAADKU010001522.1	NC_009656.1	99.875	6249334	6250131	798	1	798	0.0	1469	797
NZ_CAADKU010001526.1	NC_009656.1	98.261	6286599	6286025	575	1	575	0.0	1007	565
NZ_CAADKU010001537.1	NC_009656.1	100.000	55501	55530	30	839	868	5.39e-08	56.5	30
NZ_CAADKU010001537.1	NC_009656.1	100.000	2813030	2813059	30	839	868	5.39e-08	56.5	30
NZ_CAADKU010001537.1	NC_009656.1	100.000	2831156	2831185	30	839	868	5.39e-08	56.5	30
NZ_CAADKU010001539.1	NC_009656.1	100.000	3400305	3400277	29	859	887	1.98e-07	54.7	29
NZ_CAADKU010001539.1	NC_009656.1	100.000	1113479	1113452	28	1	28	7.14e-07	52.8	28
NZ_CAADKU010001540.1	NC_009656.1	100.000	630156	630185	30	1	30	1.34e-07	56.5	30
NZ_CAADKU010001548.1	NC_009656.1	100.000	2829718	2829749	32	1	32	6.60e-09	60.2	32
NZ_CAADKU010001548.1	NC_009656.1	100.000	2834535	2834565	31	1	31	2.37e-08	58.4	31
NZ_CAADKU010001548.1	NC_009656.1	100.000	2813045	2813018	28	1	28	1.10e-06	52.8	28
NZ_CAADKU010001548.1	NC_009656.1	100.000	2831171	2831144	28	1	28	1.10e-06	52.8	28
NZ_CAADKU010001553.1	NC_009656.1	98.363	3465890	3465280	611	1465	2075	0.0	1074	601
NZ_CAADKU010001564.1	NC_009656.1	100.000	5398199	5398170	30	2400	2429	1.53e-07	56.5	30
NZ_CAADKU010001566.1	NC_009656.1	98.045	2814104	2815074	972	1	972	0.0	1688	953
NZ_CAADKU010001566.1	NC_009656.1	100.000	2827593	2827635	43	1	43	3.59e-15	80.5	43
NZ_CAADKU010001576.1	NC_009656.1	99.083	705446	704357	1090	1	1090	0.0	1958	1080
NZ_CAADKU010001582.1	NC_009656.1	98.071	4630902	4632301	1400	1	1400	0.0	2436	1373
NZ_CAADKU010001589.1	NC_009656.1	100.000	2028165	2029243	1079	1	1079	0.0	1993	1079
NZ_CAADKU010001607.1	NC_009656.1	100.000	5528609	5528537	73	653	725	5.59e-32	135	73
NZ_CAADKU010001611.1	NC_009656.1	98.598	4583807	4582025	1783	1	1783	0.0	3155	1758
NZ_CAADKU010001612.1	NC_009656.1	100.000	6252775	6250886	1890	1	1890	0.0	3491	1890
NZ_CAADKU010001612.1	NC_009656.1	100.000	6250889	6250416	474	2906	3379	0.0	876	474
NZ_CAADKU010001612.1	NC_009656.1	100.000	6250417	6250105	313	3959	4271	1.30e-164	579	313
NZ_CAADKU010001614.1	NC_009656.1	100.000	2370381	2370352	30	1	30	4.98e-08	56.5	30
NZ_CAADKU010001615.1	NC_009656.1	100.000	56257	56285	29	1	29	1.70e-07	54.7	29
NZ_CAADKU010001615.1	NC_009656.1	100.000	2829719	2829747	29	1	29	1.70e-07	54.7	29
NZ_CAADKU010001615.1	NC_009656.1	100.000	2834536	2834564	29	1	29	1.70e-07	54.7	29
NZ_CAADKU010001618.1	NC_009656.1	98.175	2616319	2615553	767	1	767	0.0	1339	753
NZ_CAADKU010001619.1	NC_009656.1	100.000	4925425	4925395	31	1	31	1.40e-08	58.4	31
NZ_CAADKU010001619.1	NC_009656.1	100.000	2430387	2430416	30	1	30	5.05e-08	56.5	30
NZ_CAADKU010001619.1	NC_009656.1	100.000	2538409	2538380	30	1	30	5.05e-08	56.5	30
NZ_CAADKU010001619.1	NC_009656.1	100.000	2887259	2887230	30	1	30	5.05e-08	56.5	30
NZ_CAADKU010001619.1	NC_009656.1	100.000	4369964	4369993	30	1	30	5.05e-08	56.5	30
NZ_CAADKU010001619.1	NC_009656.1	100.000	4825315	4825286	30	1	30	5.05e-08	56.5	30
NZ_CAADKU010001619.1	NC_009656.1	100.000	5325750	5325777	28	788	815	6.53e-07	52.8	28
NZ_CAADKU010001636.1	NC_009656.1	98.509	399337	400074	738	1	738	0.0	1303	727
NZ_CAADKU010001644.1	NC_009656.1	98.120	3818133	3818716	585	1	585	0.0	1018	574
NZ_CAADKU010001645.1	NC_009656.1	99.099	6575949	6575395	555	1	555	0.0	998	550
NZ_CAADKU010001651.1	NC_009656.1	98.540	4603196	4603332	137	1	137	2.18e-64	243	135
NZ_CAADKU010001651.1	NC_009656.1	98.182	4644664	4644718	55	447	501	1.80e-20	97.1	54
NZ_CAADKU010001660.1	NC_009656.1	98.182	4245678	4246227	550	1	550	0.0	961	540
NZ_CAADKU010001671.1	NC_009656.1	100.000	5305976	5305947	30	1	30	4.72e-08	56.5	30
NZ_CAADKU010001671.1	NC_009656.1	100.000	3583927	3583954	28	37	64	6.10e-07	52.8	28
