LLLX01000001.1	NC_009656.1	100.000	1113452	1113485	34	503913	503946	2.53e-07	63.9	34
LLLX01000001.1	NC_009656.1	100.000	1730768	1730800	33	91804	91836	9.09e-07	62.1	33
LLLX01000001.1	NC_009656.1	100.000	1763197	1763165	33	440901	440933	9.09e-07	62.1	33
LLLX01000001.1	NC_009656.1	100.000	6517407	6517439	33	189639	189671	9.09e-07	62.1	33
LLLX01000001.1	NC_009656.1	100.000	1730800	1730770	31	200398	200428	1.18e-05	58.4	31
LLLX01000001.1	NC_009656.1	100.000	1009486	1009457	30	190323	190352	4.23e-05	56.5	30
LLLX01000001.1	NC_009656.1	100.000	5753120	5753091	30	238236	238265	4.23e-05	56.5	30
LLLX01000001.1	NC_009656.1	100.000	1890531	1890503	29	35024	35052	1.52e-04	54.7	29
LLLX01000001.1	NC_009656.1	100.000	5838963	5838935	29	108180	108208	1.52e-04	54.7	29
LLLX01000002.1	NC_009656.1	98.144	4827739	4835927	8190	27105	35292	0.0	14279	8038
LLLX01000002.1	NC_009656.1	100.000	5509772	5508623	1150	186385	187534	0.0	2124	1150
LLLX01000002.1	NC_009656.1	99.663	5498446	5497557	891	187531	188420	0.0	1628	888
LLLX01000002.1	NC_009656.1	99.886	5511660	5512539	880	187535	188414	0.0	1620	879
LLLX01000002.1	NC_009656.1	99.688	3861394	3860755	640	183394	184033	0.0	1171	638
LLLX01000002.1	NC_009656.1	100.000	4825523	4825286	238	1	238	3.84e-121	440	238
LLLX01000002.1	NC_009656.1	100.000	116354	116188	167	181876	182042	1.13e-81	309	167
LLLX01000002.1	NC_009656.1	100.000	1203622	1203654	33	73299	73331	3.49e-07	62.1	33
LLLX01000004.1	NC_009656.1	99.595	2813799	2814045	247	1	247	1.57e-127	451	246
LLLX01000008.1	NC_009656.1	100.000	4825524	4825286	239	1	239	9.18e-125	442	239
LLLX01000009.1	NC_009656.1	98.086	2077963	2078171	209	191265	191473	2.09e-98	364	205
LLLX01000009.1	NC_009656.1	100.000	2078273	2078354	82	191384	191465	1.77e-34	152	82
LLLX01000009.1	NC_009656.1	100.000	5674245	5674215	31	270	300	3.97e-06	58.4	31
LLLX01000009.1	NC_009656.1	100.000	6520030	6520059	30	58797	58826	1.43e-05	56.5	30
LLLX01000010.1	NC_009656.1	100.000	2717949	2717917	33	81107	81139	2.91e-07	62.1	33
LLLX01000010.1	NC_009656.1	100.000	5753123	5753091	33	114216	114248	2.91e-07	62.1	33
LLLX01000010.1	NC_009656.1	100.000	2889342	2889312	31	81109	81139	3.76e-06	58.4	31
LLLX01000011.1	NC_009656.1	100.000	4825523	4825286	238	1	238	3.14e-121	440	238
LLLX01000013.1	NC_009656.1	98.350	2520274	2521061	788	5669	6456	0.0	1384	775
LLLX01000013.1	NC_009656.1	99.522	2521060	2521477	418	6487	6904	0.0	761	416
LLLX01000013.1	NC_009656.1	100.000	21361	21334	28	152921	152948	1.49e-04	52.8	28
LLLX01000014.1	NC_009656.1	98.057	5104309	5103126	1184	164727	165910	0.0	2060	1161
LLLX01000014.1	NC_009656.1	100.000	5221132	5221098	35	164727	164761	1.82e-08	65.8	35
LLLX01000014.1	NC_009656.1	100.000	3926978	3927006	29	43170	43198	3.93e-05	54.7	29
LLLX01000015.1	NC_009656.1	98.080	2520846	2520274	573	1	573	0.0	998	562
LLLX01000015.1	NC_009656.1	98.783	4563267	4562857	411	155262	155672	0.0	732	406
LLLX01000015.1	NC_009656.1	98.771	4825286	4825692	407	155266	155672	0.0	725	402
LLLX01000015.1	NC_009656.1	98.526	2887230	2887636	407	155266	155672	0.0	719	401
LLLX01000015.1	NC_009656.1	98.526	4369993	4369587	407	155266	155672	0.0	719	401
LLLX01000015.1	NC_009656.1	98.284	4925395	4925802	408	155265	155672	0.0	715	401
LLLX01000015.1	NC_009656.1	98.280	2430416	2430010	407	155266	155672	0.0	713	400
LLLX01000015.1	NC_009656.1	98.280	2538380	2538786	407	155266	155672	0.0	713	400
LLLX01000015.1	NC_009656.1	100.000	4728105	4728025	81	85546	85626	4.43e-34	150	81
LLLX01000015.1	NC_009656.1	100.000	4728291	4728212	80	85734	85813	1.59e-33	148	80
LLLX01000015.1	NC_009656.1	100.000	5325827	5325750	78	154431	154508	2.06e-32	145	78
LLLX01000016.1	NC_009656.1	98.123	3014127	2971839	42304	56462	98757	0.0	73700	41510
LLLX01000016.1	NC_009656.1	98.276	3019733	3019618	116	44213	44328	3.02e-50	204	114
LLLX01000016.1	NC_009656.1	100.000	6347719	6347752	34	24910	24943	5.35e-08	63.9	34
LLLX01000016.1	NC_009656.1	100.000	1730770	1730800	31	34327	34357	2.49e-06	58.4	31
LLLX01000017.1	NC_009656.1	100.000	879042	879006	37	24942	24978	1.12e-09	69.4	37
LLLX01000017.1	NC_009656.1	100.000	3277172	3277202	31	50263	50293	2.42e-06	58.4	31
LLLX01000018.1	NC_009656.1	98.851	1974852	2044628	69789	1	69783	0.0	1.244e+05	68987
LLLX01000018.1	NC_009656.1	99.029	1900200	1900405	206	102599	102804	1.03e-99	370	204
LLLX01000018.1	NC_009656.1	100.000	1900323	1900404	82	102913	102994	4.05e-34	152	82
LLLX01000018.1	NC_009656.1	98.795	5325918	5326000	83	54361	54443	5.24e-33	148	82
LLLX01000018.1	NC_009656.1	100.000	2390752	2390829	78	404566	404643	6.78e-32	145	78
LLLX01000018.1	NC_009656.1	100.000	2038208	2038284	77	404487	404563	2.44e-31	143	77
LLLX01000018.1	NC_009656.1	100.000	2390513	2390589	77	63362	63438	2.44e-31	143	77
LLLX01000018.1	NC_009656.1	100.000	2038500	2038575	76	404488	404563	8.78e-31	141	76
LLLX01000018.1	NC_009656.1	100.000	2390514	2390589	76	63654	63729	8.78e-31	141	76
LLLX01000018.1	NC_009656.1	100.000	2390592	2390667	76	404726	404801	8.78e-31	141	76
LLLX01000018.1	NC_009656.1	98.734	2635896	2635974	79	404723	404801	8.78e-31	141	78
LLLX01000018.1	NC_009656.1	100.000	2635899	2635974	76	404566	404641	8.78e-31	141	76
LLLX01000018.1	NC_009656.1	100.000	5089635	5089668	34	373903	373936	1.95e-07	63.9	34
LLLX01000018.1	NC_009656.1	100.000	2002682	2002653	30	27804	27833	3.27e-05	56.5	30
LLLX01000018.1	NC_009656.1	100.000	1038123	1038095	29	69755	69783	1.18e-04	54.7	29
LLLX01000018.1	NC_009656.1	100.000	3387642	3387614	29	335600	335628	1.18e-04	54.7	29
LLLX01000018.1	NC_009656.1	100.000	3043416	3043389	28	310477	310504	4.23e-04	52.8	28
LLLX01000018.1	NC_009656.1	100.000	6397298	6397271	28	457884	457911	4.23e-04	52.8	28
LLLX01000019.1	NC_009656.1	99.748	3162495	3175191	12698	47839	60534	0.0	23268	12666
LLLX01000019.1	NC_009656.1	100.000	1054741	1054773	33	94864	94896	1.78e-07	62.1	33
LLLX01000019.1	NC_009656.1	100.000	1730770	1730800	31	94814	94844	2.30e-06	58.4	31
LLLX01000020.1	NC_009656.1	98.765	2390591	2390671	81	114617	114696	6.04e-32	143	80
LLLX01000020.1	NC_009656.1	100.000	2390752	2390828	77	114618	114694	6.04e-32	143	77
LLLX01000021.1	NC_009656.1	99.938	96415	101270	4856	15809	20664	0.0	8951	4853
LLLX01000021.1	NC_009656.1	99.194	4825524	4825277	248	1	247	3.86e-123	446	246
LLLX01000022.1	NC_009656.1	99.219	139598	139981	384	1	384	0.0	693	381
LLLX01000022.1	NC_009656.1	100.000	3794381	3794409	29	82576	82604	2.15e-05	54.7	29
LLLX01000023.1	NC_009656.1	100.000	1054776	1054741	36	467	502	2.60e-09	67.6	36
LLLX01000023.1	NC_009656.1	100.000	454884	454851	34	662	695	3.37e-08	63.9	34
LLLX01000023.1	NC_009656.1	100.000	1593776	1593808	33	232	264	1.21e-07	62.1	33
LLLX01000023.1	NC_009656.1	100.000	2889313	2889345	33	232	264	1.21e-07	62.1	33
LLLX01000023.1	NC_009656.1	100.000	2717918	2717947	30	232	261	5.64e-06	56.5	30
LLLX01000023.1	NC_009656.1	100.000	5169553	5169524	30	64986	65015	5.64e-06	56.5	30
LLLX01000024.1	NC_009656.1	98.592	5412979	5412909	71	8708	8778	4.22e-27	126	70
LLLX01000024.1	NC_009656.1	100.000	4760196	4760165	32	78777	78808	4.34e-07	60.2	32
LLLX01000025.1	NC_009656.1	100.000	630150	630183	34	42119	42152	2.97e-08	63.9	34
LLLX01000026.1	NC_009656.1	100.000	2917918	2917956	39	32321	32359	4.10e-11	73.1	39
LLLX01000026.1	NC_009656.1	100.000	454850	454882	33	12869	12901	8.87e-08	62.1	33
LLLX01000026.1	NC_009656.1	100.000	1704354	1704385	32	37261	37292	3.19e-07	60.2	32
LLLX01000027.1	NC_009656.1	98.529	2813807	2814146	340	1	340	3.94e-170	601	335
LLLX01000027.1	NC_009656.1	100.000	56283	56253	31	362	392	1.07e-06	58.4	31
LLLX01000027.1	NC_009656.1	100.000	2834562	2834532	31	362	392	1.07e-06	58.4	31
LLLX01000028.1	NC_009656.1	100.000	1181194	1181161	34	18708	18741	2.21e-08	63.9	34
LLLX01000028.1	NC_009656.1	100.000	103479	103451	29	45540	45568	1.33e-05	54.7	29
LLLX01000028.1	NC_009656.1	100.000	2321497	2321525	29	34594	34622	1.33e-05	54.7	29
LLLX01000029.1	NC_009656.1	98.451	5220765	5198827	21955	387621	409560	0.0	38631	21615
LLLX01000029.1	NC_009656.1	98.509	689324	710312	20994	388576	409560	0.0	37022	20681
LLLX01000029.1	NC_009656.1	98.333	137614	137375	240	1	240	2.73e-115	422	236
LLLX01000029.1	NC_009656.1	100.000	1254839	1254881	43	239108	239150	1.89e-12	80.5	43
LLLX01000029.1	NC_009656.1	100.000	1054822	1054789	34	279910	279943	1.91e-07	63.9	34
LLLX01000029.1	NC_009656.1	100.000	1054822	1054789	34	279789	279822	1.91e-07	63.9	34
LLLX01000029.1	NC_009656.1	100.000	537655	537623	33	231069	231101	6.86e-07	62.1	33
LLLX01000029.1	NC_009656.1	100.000	1593807	1593776	32	329317	329348	2.47e-06	60.2	32
LLLX01000029.1	NC_009656.1	100.000	2889344	2889313	32	329317	329348	2.47e-06	60.2	32
LLLX01000029.1	NC_009656.1	100.000	2717947	2717918	30	329319	329348	3.19e-05	56.5	30
LLLX01000029.1	NC_009656.1	100.000	5798868	5798839	30	100641	100670	3.19e-05	56.5	30
LLLX01000029.1	NC_009656.1	100.000	1699797	1699769	29	272596	272624	1.15e-04	54.7	29
LLLX01000029.1	NC_009656.1	100.000	94238	94211	28	212	239	4.13e-04	52.8	28
LLLX01000029.1	NC_009656.1	100.000	509837	509810	28	200231	200258	4.13e-04	52.8	28
LLLX01000029.1	NC_009656.1	100.000	5110423	5110450	28	361867	361894	4.13e-04	52.8	28
LLLX01000030.1	NC_009656.1	99.983	6250417	6232487	17931	10157	28087	0.0	33096	17928
LLLX01000030.1	NC_009656.1	99.987	6258565	6250886	7680	409	8088	0.0	14177	7679
LLLX01000030.1	NC_009656.1	100.000	6250889	6250416	474	9104	9577	0.0	876	474
LLLX01000030.1	NC_009656.1	98.786	137784	137373	412	1	412	0.0	734	407
LLLX01000030.1	NC_009656.1	100.000	6231152	6231111	42	28086	28127	7.75e-13	78.7	42
LLLX01000030.1	NC_009656.1	100.000	94238	94210	29	382	410	1.31e-05	54.7	29
LLLX01000031.1	NC_009656.1	98.268	2539655	2549873	10221	925	11143	0.0	17891	10044
LLLX01000032.1	NC_009656.1	100.000	2497689	2497716	28	11054	11081	4.08e-05	52.8	28
LLLX01000033.1	NC_009656.1	98.026	815339	816503	1165	1	1165	0.0	2025	1142
LLLX01000033.1	NC_009656.1	100.000	1054741	1054776	36	48752	48787	1.44e-09	67.6	36
LLLX01000034.1	NC_009656.1	100.000	5674214	5674245	32	41741	41772	2.12e-07	60.2	32
LLLX01000035.1	NC_009656.1	100.000	207158	207193	36	19474	19509	7.99e-10	67.6	36
LLLX01000035.1	NC_009656.1	100.000	5782615	5782646	32	6414	6445	1.34e-07	60.2	32
LLLX01000035.1	NC_009656.1	100.000	4275848	4275878	31	19477	19507	4.81e-07	58.4	31
LLLX01000036.1	NC_009656.1	100.000	4825524	4825284	241	1	241	7.77e-124	446	241
LLLX01000036.1	NC_009656.1	98.326	137376	137614	239	23781	24019	4.71e-116	420	235
LLLX01000036.1	NC_009656.1	100.000	94211	94238	28	23781	23808	1.98e-05	52.8	28
LLLX01000037.1	NC_009656.1	98.182	4369032	4368758	275	4	278	1.65e-134	481	270
LLLX01000038.1	NC_009656.1	98.039	832082	816020	16064	1	16063	0.0	27918	15749
LLLX01000039.1	NC_009656.1	98.393	2827899	2829452	1556	1	1556	0.0	2734	1531
LLLX01000039.1	NC_009656.1	98.137	2824315	2824958	644	1	644	0.0	1123	632
LLLX01000039.1	NC_009656.1	98.101	2811464	2812095	632	1	632	0.0	1101	620
LLLX01000040.1	NC_009656.1	98.485	4150289	4150354	66	477034	477099	1.38e-23	117	65
LLLX01000040.1	NC_009656.1	100.000	6580569	6580599	31	383560	383590	8.50e-06	58.4	31
LLLX01000040.1	NC_009656.1	100.000	3725269	3725240	30	245057	245086	3.06e-05	56.5	30
LLLX01000042.1	NC_009656.1	99.177	139744	139985	243	1	243	2.49e-121	436	241
LLLX01000043.1	NC_009656.1	98.803	2824955	2823703	1253	5402	6654	0.0	2231	1238
LLLX01000043.1	NC_009656.1	98.874	2812094	2810852	1243	5412	6654	0.0	2218	1229
LLLX01000043.1	NC_009656.1	98.582	2811702	2811421	282	1	282	2.61e-140	499	278
LLLX01000043.1	NC_009656.1	98.582	2824553	2824272	282	1	282	2.61e-140	499	278
LLLX01000043.1	NC_009656.1	99.038	2826802	2826699	104	4469	4572	2.31e-46	187	103
LLLX01000043.1	NC_009656.1	100.000	2834565	2834533	33	3372	3404	1.46e-08	62.1	33
LLLX01000043.1	NC_009656.1	100.000	56285	56254	32	1806	1837	5.24e-08	60.2	32
LLLX01000043.1	NC_009656.1	100.000	2834531	2834562	32	3567	3598	5.24e-08	60.2	32
LLLX01000043.1	NC_009656.1	100.000	2834564	2834533	32	1806	1837	5.24e-08	60.2	32
LLLX01000043.1	NC_009656.1	100.000	2829715	2829745	31	3568	3598	1.89e-07	58.4	31
LLLX01000043.1	NC_009656.1	100.000	2829715	2829745	31	4433	4463	1.89e-07	58.4	31
LLLX01000044.1	NC_009656.1	98.057	4369631	4368757	875	1	874	0.0	1520	858
LLLX01000044.1	NC_009656.1	98.057	4925758	4926632	875	1	873	0.0	1520	858
LLLX01000044.1	NC_009656.1	98.055	2887592	2888465	874	1	873	0.0	1519	857
LLLX01000044.1	NC_009656.1	98.055	4825648	4826521	874	1	873	0.0	1519	857
LLLX01000044.1	NC_009656.1	98.881	4562901	4562455	447	1	447	0.0	798	442
LLLX01000044.1	NC_009656.1	99.705	2521478	2521140	339	8066	8404	4.20e-177	621	338
LLLX01000045.1	NC_009656.1	100.000	2829745	2829715	31	3442	3472	1.33e-07	58.4	31
LLLX01000047.1	NC_009656.1	99.362	5571733	5566422	5329	1	5329	0.0	9636	5295
LLLX01000047.1	NC_009656.1	99.324	6358969	6353658	5329	1	5329	0.0	9625	5293
LLLX01000047.1	NC_009656.1	99.306	4988417	4983106	5329	1	5329	0.0	9620	5292
LLLX01000047.1	NC_009656.1	99.305	806748	812056	5326	1	5326	0.0	9614	5289
LLLX01000047.1	NC_009656.1	98.058	812167	812269	103	5327	5429	1.96e-44	180	101
LLLX01000051.1	NC_009656.1	100.000	5326159	5326191	33	81643	81675	5.15e-07	62.1	33
LLLX01000051.1	NC_009656.1	100.000	3583955	3583926	30	81646	81675	2.40e-05	56.5	30
LLLX01000052.1	NC_009656.1	98.030	2826305	2826710	406	1	406	0.0	706	398
LLLX01000052.1	NC_009656.1	98.025	2828126	2828530	405	1	405	0.0	704	397
LLLX01000052.1	NC_009656.1	100.000	2819293	2819327	35	3117	3151	4.86e-10	65.8	35
LLLX01000052.1	NC_009656.1	100.000	56252	56285	34	2217	2250	1.75e-09	63.9	34
LLLX01000052.1	NC_009656.1	100.000	2834531	2834564	34	2217	2250	1.75e-09	63.9	34
LLLX01000052.1	NC_009656.1	100.000	2813050	2813018	33	2216	2248	6.29e-09	62.1	33
LLLX01000052.1	NC_009656.1	100.000	2831176	2831144	33	2216	2248	6.29e-09	62.1	33
LLLX01000052.1	NC_009656.1	100.000	2829745	2829715	31	1074	1104	8.13e-08	58.4	31
LLLX01000054.1	NC_009656.1	99.580	139744	139981	238	1	238	2.63e-121	435	237
LLLX01000057.1	NC_009656.1	98.555	2829752	2831135	1384	909	2291	0.0	2444	1364
LLLX01000057.1	NC_009656.1	99.052	2813011	2813431	422	2871	3292	0.0	756	418
LLLX01000057.1	NC_009656.1	99.041	55486	55902	417	2876	3292	0.0	749	413
LLLX01000057.1	NC_009656.1	98.575	2831137	2831557	421	2872	3292	0.0	745	415
LLLX01000057.1	NC_009656.1	100.000	56283	56252	32	2879	2910	1.61e-08	60.2	32
LLLX01000057.1	NC_009656.1	100.000	2834562	2834531	32	2879	2910	1.61e-08	60.2	32
LLLX01000057.1	NC_009656.1	100.000	2829745	2829715	31	2879	2909	5.79e-08	58.4	31
LLLX01000060.1	NC_009656.1	98.032	2817313	2818378	1067	639	1705	0.0	1853	1046
LLLX01000062.1	NC_009656.1	100.000	5306028	5305947	82	35326	35407	2.46e-34	152	82
LLLX01000062.1	NC_009656.1	100.000	4659359	4659312	48	15967	16014	1.96e-15	89.8	48
LLLX01000062.1	NC_009656.1	98.000	4573802	4573753	50	15970	16019	7.03e-15	87.9	49
LLLX01000062.1	NC_009656.1	100.000	2359776	2359743	34	210060	210093	1.19e-07	63.9	34
LLLX01000062.1	NC_009656.1	100.000	566142	566114	29	86441	86469	7.13e-05	54.7	29
LLLX01000062.1	NC_009656.1	100.000	4590109	4590081	29	827	855	7.13e-05	54.7	29
LLLX01000062.1	NC_009656.1	100.000	3447902	3447875	28	129700	129727	2.57e-04	52.8	28
LLLX01000062.1	NC_009656.1	100.000	3583927	3583954	28	35414	35441	2.57e-04	52.8	28
LLLX01000063.1	NC_009656.1	100.000	94211	94238	28	1	28	2.13e-06	52.8	28
LLLX01000064.1	NC_009656.1	98.457	2834563	2834240	324	1798	2121	1.07e-162	571	319
LLLX01000064.1	NC_009656.1	98.148	56284	55961	324	1798	2121	5.00e-161	566	318
LLLX01000064.1	NC_009656.1	99.331	2813311	2813013	299	1	299	8.42e-154	542	297
LLLX01000064.1	NC_009656.1	98.990	55782	55486	297	1	297	5.07e-151	532	294
LLLX01000064.1	NC_009656.1	99.219	2833980	2833853	128	1666	1793	2.07e-60	231	127
LLLX01000064.1	NC_009656.1	98.980	2813587	2813490	98	2024	2121	9.84e-44	176	97
LLLX01000064.1	NC_009656.1	98.734	2834061	2833983	79	1	79	3.59e-33	141	78
LLLX01000064.1	NC_009656.1	100.000	56252	56283	32	263	294	1.03e-08	60.2	32
LLLX01000064.1	NC_009656.1	100.000	2813018	2813049	32	1799	1830	1.03e-08	60.2	32
LLLX01000064.1	NC_009656.1	100.000	2829746	2829715	32	1798	1829	1.03e-08	60.2	32
LLLX01000064.1	NC_009656.1	100.000	2831144	2831175	32	1799	1830	1.03e-08	60.2	32
LLLX01000064.1	NC_009656.1	100.000	2834531	2834562	32	263	294	1.03e-08	60.2	32
LLLX01000064.1	NC_009656.1	100.000	2829715	2829745	31	264	294	3.72e-08	58.4	31
LLLX01000065.1	NC_009656.1	99.270	2814037	2813627	411	1	411	0.0	743	408
LLLX01000066.1	NC_009656.1	99.001	2821180	2822580	1401	438	1837	0.0	2508	1387
LLLX01000066.1	NC_009656.1	98.611	2834132	2834563	432	1	432	0.0	765	426
LLLX01000066.1	NC_009656.1	98.148	55853	56284	432	1	432	0.0	754	424
LLLX01000066.1	NC_009656.1	99.515	2813382	2813587	206	1	206	8.54e-104	375	205
LLLX01000066.1	NC_009656.1	98.058	2831508	2831713	206	1	206	8.60e-99	359	202
LLLX01000066.1	NC_009656.1	98.387	49966	50151	186	1652	1837	2.42e-89	327	183
LLLX01000066.1	NC_009656.1	98.387	2809133	2809318	186	1652	1837	2.42e-89	327	183
LLLX01000066.1	NC_009656.1	98.851	50407	50580	174	1832	2005	2.44e-84	311	172
LLLX01000066.1	NC_009656.1	98.851	2809574	2809747	174	1832	2005	2.44e-84	311	172
LLLX01000066.1	NC_009656.1	100.000	2813049	2813018	32	400	431	9.77e-09	60.2	32
LLLX01000066.1	NC_009656.1	100.000	2829715	2829746	32	401	432	9.77e-09	60.2	32
LLLX01000066.1	NC_009656.1	100.000	2831175	2831144	32	400	431	9.77e-09	60.2	32
LLLX01000068.1	NC_009656.1	99.336	2813311	2813011	301	1	301	5.79e-155	545	299
LLLX01000068.1	NC_009656.1	99.663	2831437	2831141	297	1	297	2.08e-154	544	296
LLLX01000068.1	NC_009656.1	98.993	55782	55485	298	1	298	1.25e-151	534	295
LLLX01000068.1	NC_009656.1	98.734	2834061	2833983	79	1	79	3.19e-33	141	78
LLLX01000068.1	NC_009656.1	100.000	56252	56283	32	263	294	9.19e-09	60.2	32
LLLX01000068.1	NC_009656.1	100.000	2834531	2834562	32	263	294	9.19e-09	60.2	32
LLLX01000068.1	NC_009656.1	100.000	2829715	2829745	31	264	294	3.31e-08	58.4	31
LLLX01000073.1	NC_009656.1	99.758	4825286	4825699	414	284918	285331	0.0	760	413
LLLX01000073.1	NC_009656.1	98.077	4563265	4562850	416	284916	285331	0.0	725	408
LLLX01000073.1	NC_009656.1	100.000	5270206	5270168	39	177361	177399	1.81e-10	73.1	39
LLLX01000074.1	NC_009656.1	99.513	2814037	2813627	411	1	411	0.0	749	409
LLLX01000074.1	NC_009656.1	98.148	2834563	2834240	324	555	878	2.04e-161	566	318
LLLX01000074.1	NC_009656.1	98.980	2813587	2813490	98	781	878	4.01e-44	176	97
LLLX01000074.1	NC_009656.1	100.000	2813018	2813049	32	556	587	4.21e-09	60.2	32
LLLX01000074.1	NC_009656.1	100.000	2831144	2831175	32	556	587	4.21e-09	60.2	32
LLLX01000075.1	NC_009656.1	99.202	4826212	4825461	752	1	752	0.0	1356	746
LLLX01000075.1	NC_009656.1	98.404	2888156	2887405	752	1	752	0.0	1323	740
LLLX01000075.1	NC_009656.1	98.404	4369067	4369818	752	1	752	0.0	1323	740
LLLX01000075.1	NC_009656.1	98.404	4926322	4925571	752	1	752	0.0	1323	740
LLLX01000075.1	NC_009656.1	98.138	2429490	2430241	752	1	752	0.0	1312	738
LLLX01000075.1	NC_009656.1	98.138	2539306	2538555	752	1	752	0.0	1312	738
LLLX01000075.1	NC_009656.1	98.580	4562455	4563088	634	119	752	0.0	1122	625
LLLX01000076.1	NC_009656.1	98.822	2848172	2847579	594	9	602	0.0	1059	587
LLLX01000076.1	NC_009656.1	98.007	6408775	6408174	602	1	602	0.0	1046	590
LLLX01000077.1	NC_009656.1	98.660	55544	56140	597	1	597	0.0	1059	589
LLLX01000077.1	NC_009656.1	99.612	2813073	2813587	515	1	515	0.0	941	513
LLLX01000077.1	NC_009656.1	99.029	2831199	2831713	515	1	515	0.0	924	510
LLLX01000083.1	NC_009656.1	98.026	2429675	2429220	456	1	456	0.0	793	447
LLLX01000083.1	NC_009656.1	98.026	2539121	2539576	456	1	456	0.0	793	447
LLLX01000083.1	NC_009656.1	98.026	4826027	4826482	456	1	456	0.0	793	447
LLLX01000083.1	NC_009656.1	100.000	4562522	4562455	68	1	68	2.08e-29	126	68
LLLX01000084.1	NC_009656.1	99.507	4602956	4651442	48490	11250	59738	0.0	88217	48251
LLLX01000084.1	NC_009656.1	98.575	4590452	4601669	11225	1	11222	0.0	19834	11065
LLLX01000084.1	NC_009656.1	98.795	2029210	2029292	83	67619	67701	2.83e-33	148	82
LLLX01000084.1	NC_009656.1	98.780	4659308	4659389	82	67448	67529	1.02e-32	147	81
LLLX01000084.1	NC_009656.1	100.000	111880	111843	38	248291	248328	6.30e-10	71.3	38
LLLX01000084.1	NC_009656.1	100.000	111843	111880	38	241865	241902	6.30e-10	71.3	38
LLLX01000084.1	NC_009656.1	100.000	2370383	2370352	32	67881	67912	1.36e-06	60.2	32
LLLX01000085.1	NC_009656.1	99.121	5566663	5566209	455	1	455	0.0	819	451
LLLX01000085.1	NC_009656.1	98.681	6353899	6353445	455	1	455	0.0	808	449
LLLX01000085.1	NC_009656.1	98.673	811818	812269	452	1	452	0.0	802	446
LLLX01000085.1	NC_009656.1	98.462	4983347	4982893	455	1	455	0.0	802	448
LLLX01000087.1	NC_009656.1	99.363	2813587	2813431	157	292	448	3.18e-77	285	156
LLLX01000087.1	NC_009656.1	98.089	2831713	2831557	157	292	448	6.89e-74	274	154
LLLX01000087.1	NC_009656.1	100.000	2813018	2813049	32	67	98	2.10e-09	60.2	32
LLLX01000087.1	NC_009656.1	100.000	2829746	2829715	32	66	97	2.10e-09	60.2	32
LLLX01000087.1	NC_009656.1	100.000	2831144	2831175	32	67	98	2.10e-09	60.2	32
LLLX01000090.1	NC_009656.1	100.000	4825699	4825286	414	1	414	0.0	765	414
LLLX01000090.1	NC_009656.1	98.309	4562850	4563263	414	1	414	0.0	726	407
LLLX01000095.1	NC_009656.1	98.350	1296726	1293818	2909	105978	108886	0.0	5107	2861
LLLX01000095.1	NC_009656.1	100.000	377668	377639	30	170407	170436	1.66e-05	56.5	30
LLLX01000095.1	NC_009656.1	100.000	857764	857792	29	139864	139892	5.97e-05	54.7	29
LLLX01000103.1	NC_009656.1	98.658	2834181	2834478	298	1	298	8.63e-151	529	294
LLLX01000103.1	NC_009656.1	99.363	2813431	2813587	157	1	157	2.06e-77	285	156
LLLX01000103.1	NC_009656.1	98.089	2831557	2831713	157	1	157	4.46e-74	274	154
LLLX01000105.1	NC_009656.1	98.069	5566447	5566189	259	1	259	1.66e-127	451	254
