LJZF01000001.1	NC_009656.1	99.050	686258	522693	163594	87701	251238	0.0	2.934e+05	162040
LJZF01000001.1	NC_009656.1	98.785	509627	477320	32334	264436	296736	0.0	57478	31941
LJZF01000001.1	NC_009656.1	98.237	744036	717831	26212	54319	80518	0.0	45829	25750
LJZF01000001.1	NC_009656.1	99.048	806917	788226	18699	1	18698	0.0	33538	18521
LJZF01000001.1	NC_009656.1	98.945	522778	509628	13179	251202	264370	0.0	23532	13040
LJZF01000001.1	NC_009656.1	98.854	5571564	5571912	349	1	349	4.14e-176	623	345
LJZF01000001.1	NC_009656.1	98.305	4988248	4988600	354	1	354	5.35e-175	619	348
LJZF01000001.1	NC_009656.1	100.000	537623	537658	36	236272	236307	8.74e-09	67.6	36
LJZF01000001.1	NC_009656.1	100.000	4775742	4775712	31	187696	187726	5.26e-06	58.4	31
LJZF01000001.1	NC_009656.1	100.000	5110453	5110423	31	111075	111105	5.26e-06	58.4	31
LJZF01000001.1	NC_009656.1	100.000	509810	509838	29	267202	267230	6.81e-05	54.7	29
LJZF01000001.1	NC_009656.1	100.000	5295054	5295027	28	111078	111105	2.45e-04	52.8	28
LJZF01000002.1	NC_009656.1	99.257	3766232	3579644	186620	1	186566	0.0	3.369e+05	185234
LJZF01000002.1	NC_009656.1	98.611	3579101	3565429	13678	194402	208077	0.0	24199	13488
LJZF01000002.1	NC_009656.1	100.000	3725240	3725269	30	40942	40971	1.33e-05	56.5	30
LJZF01000002.1	NC_009656.1	100.000	2370376	2370349	28	182257	182284	1.72e-04	52.8	28
LJZF01000002.1	NC_009656.1	100.000	5326164	5326191	28	182257	182284	1.72e-04	52.8	28
LJZF01000003.1	NC_009656.1	99.430	3934817	4060403	125609	11613	137161	0.0	2.279e+05	124893
LJZF01000003.1	NC_009656.1	99.402	3932498	3934839	2342	1	2342	0.0	4248	2328
LJZF01000004.1	NC_009656.1	99.064	5566277	5550687	15592	1	15562	0.0	27955	15446
LJZF01000004.1	NC_009656.1	100.000	812204	812301	98	1	98	1.57e-44	182	98
LJZF01000004.1	NC_009656.1	100.000	6353513	6353418	96	1	96	2.03e-43	178	96
LJZF01000005.1	NC_009656.1	99.145	4967994	4982971	14979	1	14976	0.0	26949	14851
LJZF01000005.1	NC_009656.1	98.095	812298	812194	105	14873	14976	1.51e-44	182	103
LJZF01000005.1	NC_009656.1	98.095	5566183	5566287	105	14873	14976	1.51e-44	182	103
LJZF01000005.1	NC_009656.1	98.095	6353419	6353523	105	14873	14976	1.51e-44	182	103
LJZF01000007.1	NC_009656.1	98.758	4570077	4570237	161	14327	14486	1.08e-75	285	159
LJZF01000008.1	NC_009656.1	99.146	3221955	3231320	9371	1	9371	0.0	16857	9291
LJZF01000008.1	NC_009656.1	99.665	3232546	3234632	2087	12284	14370	0.0	3816	2080
LJZF01000009.1	NC_009656.1	98.992	2834710	2847612	12903	314	13216	0.0	23108	12773
LJZF01000009.1	NC_009656.1	98.990	4826424	4826522	99	1	99	1.72e-43	178	98
LJZF01000009.1	NC_009656.1	98.990	4926535	4926633	99	1	99	1.72e-43	178	98
LJZF01000009.1	NC_009656.1	98.980	2888368	2888465	98	1	98	6.19e-43	176	97
LJZF01000009.1	NC_009656.1	98.980	4368855	4368758	98	1	98	6.19e-43	176	97
LJZF01000010.1	NC_009656.1	100.000	2888465	2888368	98	12382	12479	1.26e-44	182	98
LJZF01000010.1	NC_009656.1	100.000	4368758	4368855	98	12382	12479	1.26e-44	182	98
LJZF01000010.1	NC_009656.1	100.000	4826521	4826424	98	12382	12479	1.26e-44	182	98
LJZF01000010.1	NC_009656.1	100.000	4926632	4926535	98	12382	12479	1.26e-44	182	98
LJZF01000010.1	NC_009656.1	98.980	2429181	2429278	98	12382	12479	5.84e-43	176	97
LJZF01000010.1	NC_009656.1	98.980	2539615	2539518	98	12382	12479	5.84e-43	176	97
LJZF01000011.1	NC_009656.1	99.201	4933402	4945165	11764	1	11752	0.0	21193	11670
LJZF01000012.1	NC_009656.1	99.268	5793129	5781951	11197	44	11240	0.0	20207	11115
LJZF01000012.1	NC_009656.1	100.000	4051784	4051837	54	1	54	3.26e-20	100	54
LJZF01000013.1	NC_009656.1	98.994	3548342	3540096	8248	1	8246	0.0	14768	8165
LJZF01000013.1	NC_009656.1	98.030	3540095	3537255	2842	8281	11118	0.0	4933	2786
LJZF01000014.1	NC_009656.1	99.144	5781938	5713792	68197	1	68186	0.0	1.226e+05	67613
LJZF01000014.1	NC_009656.1	99.244	5713813	5699142	14675	68576	83234	0.0	26467	14564
LJZF01000014.1	NC_009656.1	100.000	6517439	6517407	33	28826	28858	1.14e-07	62.1	33
LJZF01000014.1	NC_009656.1	100.000	1730770	1730800	31	18766	18796	1.48e-06	58.4	31
LJZF01000014.1	NC_009656.1	100.000	879102	879131	30	34363	34392	5.31e-06	56.5	30
LJZF01000015.1	NC_009656.1	98.913	4626604	4626145	460	1	460	0.0	822	455
LJZF01000016.1	NC_009656.1	99.277	3565434	3553548	11887	97	11982	0.0	21473	11801
LJZF01000016.1	NC_009656.1	98.913	3553483	3548611	4876	11966	16838	0.0	8706	4823
LJZF01000016.1	NC_009656.1	100.000	5365743	5365689	55	13162	13216	1.36e-20	102	55
LJZF01000017.1	NC_009656.1	99.723	168633	158877	9757	4	9760	0.0	17869	9730
LJZF01000018.1	NC_009656.1	99.254	4255066	4245413	9654	1	9651	0.0	17426	9582
LJZF01000019.1	NC_009656.1	99.459	57082	62997	5916	3608	9518	0.0	10743	5884
LJZF01000019.1	NC_009656.1	98.511	2819453	2820391	940	96	1035	0.0	1657	926
LJZF01000019.1	NC_009656.1	100.000	4925492	4925394	99	1	99	2.66e-45	183	99
LJZF01000019.1	NC_009656.1	99.010	2430320	2430419	101	1	101	3.44e-44	180	100
LJZF01000019.1	NC_009656.1	100.000	2538476	2538380	97	1	97	3.44e-44	180	97
LJZF01000019.1	NC_009656.1	100.000	2887326	2887230	97	1	97	3.44e-44	180	97
LJZF01000019.1	NC_009656.1	98.077	4369897	4370000	104	1	103	3.44e-44	180	102
LJZF01000019.1	NC_009656.1	100.000	4563167	4563263	97	1	97	3.44e-44	180	97
LJZF01000019.1	NC_009656.1	98.148	6228674	6228621	54	44	97	1.28e-18	95.3	53
LJZF01000019.1	NC_009656.1	100.000	2819326	2819293	34	3396	3429	3.62e-09	63.9	34
LJZF01000019.1	NC_009656.1	100.000	2829745	2829715	31	3020	3050	1.68e-07	58.4	31
LJZF01000020.1	NC_009656.1	99.650	5689749	5699174	9426	1	9426	0.0	17224	9393
LJZF01000021.1	NC_009656.1	98.788	240729	231751	8993	1	8990	0.0	15987	8884
LJZF01000022.1	NC_009656.1	99.148	5027005	5017736	9272	1	9270	0.0	16681	9193
LJZF01000023.1	NC_009656.1	98.993	2800056	2808591	8544	1	8544	0.0	15295	8458
LJZF01000023.1	NC_009656.1	98.935	40890	49424	8544	1	8544	0.0	15265	8453
LJZF01000023.1	NC_009656.1	99.010	2816973	2817073	101	8444	8544	8.59e-45	182	100
LJZF01000024.1	NC_009656.1	99.911	111843	116354	4512	82	4593	0.0	8311	4508
LJZF01000025.1	NC_009656.1	99.317	4725838	4804721	78897	926	79809	0.0	1.427e+05	78358
LJZF01000025.1	NC_009656.1	99.070	4807930	4819648	11719	80668	92386	0.0	21038	11610
LJZF01000025.1	NC_009656.1	99.029	4826525	4826424	103	102744	102846	2.88e-44	183	102
LJZF01000025.1	NC_009656.1	100.000	4926633	4926535	99	102748	102846	2.88e-44	183	99
LJZF01000025.1	NC_009656.1	99.020	2888469	2888368	102	102746	102846	1.04e-43	182	101
LJZF01000025.1	NC_009656.1	100.000	4368758	4368855	98	102749	102846	1.04e-43	182	98
LJZF01000025.1	NC_009656.1	98.980	2429181	2429278	98	102749	102846	4.82e-42	176	97
LJZF01000025.1	NC_009656.1	98.980	2539615	2539518	98	102749	102846	4.82e-42	176	97
LJZF01000025.1	NC_009656.1	100.000	4728026	4728105	80	3303	3382	1.05e-33	148	80
LJZF01000025.1	NC_009656.1	100.000	4728212	4728291	80	3117	3196	1.05e-33	148	80
LJZF01000025.1	NC_009656.1	100.000	1054820	1054790	31	50802	50832	1.82e-06	58.4	31
LJZF01000027.1	NC_009656.1	99.156	4825164	4819598	5569	110	5677	0.0	10021	5522
LJZF01000027.1	NC_009656.1	99.010	2430421	2430321	101	7589	7689	7.73e-45	182	100
LJZF01000027.1	NC_009656.1	99.010	4925391	4925491	101	7589	7689	7.73e-45	182	100
LJZF01000027.1	NC_009656.1	98.990	2538377	2538475	99	7591	7689	1.00e-43	178	98
LJZF01000027.1	NC_009656.1	100.000	2887230	2887325	96	7594	7689	1.00e-43	178	96
LJZF01000027.1	NC_009656.1	100.000	4369993	4369898	96	7594	7689	1.00e-43	178	96
LJZF01000027.1	NC_009656.1	100.000	4563263	4563168	96	7594	7689	1.00e-43	178	96
LJZF01000027.1	NC_009656.1	98.980	2888368	2888465	98	1	98	3.60e-43	176	97
LJZF01000027.1	NC_009656.1	98.980	4368855	4368758	98	1	98	3.60e-43	176	97
LJZF01000027.1	NC_009656.1	98.980	4826424	4826521	98	1	98	3.60e-43	176	97
LJZF01000027.1	NC_009656.1	98.980	4926535	4926632	98	1	98	3.60e-43	176	97
LJZF01000027.1	NC_009656.1	98.148	6228621	6228674	54	7594	7647	1.04e-18	95.3	53
LJZF01000030.1	NC_009656.1	99.494	1086365	1079248	7118	1	7118	0.0	12946	7082
LJZF01000030.1	NC_009656.1	98.980	3425410	3423940	1471	1	1471	0.0	2634	1456
LJZF01000031.1	NC_009656.1	99.192	879277	872469	6809	1	6809	0.0	12270	6754
LJZF01000031.1	NC_009656.1	98.684	3498611	3498460	152	1	152	1.42e-71	270	150
LJZF01000031.1	NC_009656.1	100.000	1054776	1054741	36	237	272	2.00e-10	67.6	36
LJZF01000032.1	NC_009656.1	99.492	1981738	1975044	6695	1	6695	0.0	12176	6661
LJZF01000032.1	NC_009656.1	99.020	3038688	3038588	102	6594	6695	6.73e-45	182	101
LJZF01000035.1	NC_009656.1	99.563	2283234	2277060	6175	397	6571	0.0	11254	6148
LJZF01000036.1	NC_009656.1	99.423	6302375	6334601	32228	116235	148459	0.0	58480	32042
LJZF01000036.1	NC_009656.1	99.242	6197628	6227699	30085	44875	74956	0.0	54279	29857
LJZF01000036.1	NC_009656.1	98.798	6272427	6302374	29951	86048	115994	0.0	53308	29591
LJZF01000036.1	NC_009656.1	99.240	6151414	6179680	28289	1	28287	0.0	51027	28074
LJZF01000036.1	NC_009656.1	99.272	6180718	6197469	16753	28327	45079	0.0	30260	16631
LJZF01000036.1	NC_009656.1	99.419	6267459	6270035	2580	74957	77536	0.0	4678	2565
LJZF01000036.1	NC_009656.1	100.000	6180089	6180131	43	28288	28330	5.62e-13	80.5	43
LJZF01000040.1	NC_009656.1	98.137	2820393	2820875	483	2752	3234	0.0	843	474
LJZF01000040.1	NC_009656.1	98.227	2815208	2815488	282	2978	3256	9.20e-138	490	277
LJZF01000040.1	NC_009656.1	98.905	2832603	2832876	274	2978	3249	3.31e-137	488	271
LJZF01000040.1	NC_009656.1	98.980	2809848	2809945	98	1	98	2.93e-43	176	97
LJZF01000040.1	NC_009656.1	98.969	50681	50777	97	1	97	1.05e-42	174	96
LJZF01000040.1	NC_009656.1	100.000	2822751	2822795	45	53	97	1.82e-15	84.2	45
LJZF01000041.1	NC_009656.1	99.345	3438047	3432097	5953	1	5953	0.0	10776	5914
LJZF01000041.1	NC_009656.1	99.422	3429981	3425313	4669	8080	12748	0.0	8473	4642
LJZF01000041.1	NC_009656.1	99.335	3431533	3430180	1354	6522	7875	0.0	2451	1345
LJZF01000041.1	NC_009656.1	100.000	3431982	3431593	390	6071	6460	0.0	721	390
LJZF01000042.1	NC_009656.1	99.571	5256620	5262209	5590	1	5590	0.0	10190	5566
LJZF01000043.1	NC_009656.1	99.634	3258018	3268397	10380	1	10378	0.0	18956	10342
LJZF01000044.1	NC_009656.1	99.927	4982874	4988345	5473	1	5473	0.0	10083	5469
LJZF01000044.1	NC_009656.1	99.927	5566190	5571661	5473	1	5473	0.0	10083	5469
LJZF01000044.1	NC_009656.1	99.909	812291	806820	5473	1	5473	0.0	10078	5468
LJZF01000044.1	NC_009656.1	99.909	6353426	6358897	5473	1	5473	0.0	10078	5468
LJZF01000045.1	NC_009656.1	99.521	3503728	3498514	5215	1	5215	0.0	9492	5190
LJZF01000045.1	NC_009656.1	99.348	884394	879180	5215	1	5215	0.0	9443	5181
LJZF01000046.1	NC_009656.1	99.245	868506	863339	5168	1	5168	0.0	9328	5129
LJZF01000047.1	NC_009656.1	99.217	2056849	1982111	74755	1	74743	0.0	1.348e+05	74170
LJZF01000047.1	NC_009656.1	98.000	1982119	1981820	300	74995	75294	3.94e-146	521	294
LJZF01000047.1	NC_009656.1	98.795	5326000	5325918	83	27550	27632	7.70e-34	148	82
LJZF01000047.1	NC_009656.1	100.000	2390589	2390513	77	18558	18634	3.58e-32	143	77
LJZF01000047.1	NC_009656.1	100.000	2390589	2390514	76	18267	18342	1.29e-31	141	76
LJZF01000047.1	NC_009656.1	100.000	2002653	2002682	30	54169	54198	4.80e-06	56.5	30
LJZF01000047.1	NC_009656.1	100.000	1038095	1038123	29	12214	12242	1.73e-05	54.7	29
LJZF01000050.1	NC_009656.1	99.402	4296391	4301241	4851	1	4850	0.0	8807	4822
LJZF01000051.1	NC_009656.1	99.370	307210	302924	4287	1	4287	0.0	7768	4260
LJZF01000052.1	NC_009656.1	99.551	3253809	3258037	4229	1	4229	0.0	7705	4210
LJZF01000054.1	NC_009656.1	99.683	2306629	2302535	4096	1	4096	0.0	7491	4083
LJZF01000055.1	NC_009656.1	98.570	4830675	4827739	2937	1	2937	0.0	5192	2895
LJZF01000055.1	NC_009656.1	98.990	4368757	4368855	99	3918	4016	5.21e-44	178	98
LJZF01000055.1	NC_009656.1	98.980	2888465	2888368	98	3919	4016	1.87e-43	176	97
LJZF01000055.1	NC_009656.1	98.980	4826521	4826424	98	3919	4016	1.87e-43	176	97
LJZF01000055.1	NC_009656.1	98.980	4926632	4926535	98	3919	4016	1.87e-43	176	97
LJZF01000056.1	NC_009656.1	99.284	5027446	5030937	3492	1	3492	0.0	6311	3467
LJZF01000058.1	NC_009656.1	99.143	4173611	4245261	71676	2969	74616	0.0	1.289e+05	71062
LJZF01000058.1	NC_009656.1	99.444	4170919	4173616	2698	1	2698	0.0	4900	2683
LJZF01000058.1	NC_009656.1	100.000	1839933	1839986	54	74606	74659	2.17e-19	100	54
LJZF01000059.1	NC_009656.1	99.619	3495830	3498456	2627	1	2627	0.0	4796	2617
LJZF01000059.1	NC_009656.1	99.342	3498460	3498611	152	3200	3351	1.50e-73	276	151
LJZF01000059.1	NC_009656.1	98.701	879124	879277	154	3198	3351	5.38e-73	274	152
LJZF01000060.1	NC_009656.1	99.428	815523	812204	3320	1	3320	0.0	6026	3301
LJZF01000060.1	NC_009656.1	100.000	5566180	5566277	98	3223	3320	3.32e-45	182	98
LJZF01000060.1	NC_009656.1	100.000	6353418	6353513	96	3225	3320	4.30e-44	178	96
LJZF01000061.1	NC_009656.1	98.639	2824966	2823130	1837	1443	3276	0.0	3251	1812
LJZF01000061.1	NC_009656.1	98.787	2812092	2810279	1814	1463	3276	0.0	3229	1792
LJZF01000061.1	NC_009656.1	99.129	2828536	2827848	689	1454	2142	0.0	1240	683
LJZF01000061.1	NC_009656.1	98.841	2826716	2826027	690	1453	2142	0.0	1230	682
LJZF01000061.1	NC_009656.1	99.367	2831296	2831139	158	1	157	2.43e-76	285	157
LJZF01000061.1	NC_009656.1	98.718	2813170	2813015	156	1	155	1.46e-73	276	154
LJZF01000062.1	NC_009656.1	99.443	3908724	3911956	3234	1	3234	0.0	5871	3216
LJZF01000063.1	NC_009656.1	99.502	3135057	3132848	2211	1	2211	0.0	4021	2200
LJZF01000064.1	NC_009656.1	99.516	1259131	1262226	3096	1	3095	0.0	5633	3081
LJZF01000065.1	NC_009656.1	98.566	872453	869385	3069	1	3069	0.0	5424	3025
LJZF01000065.1	NC_009656.1	99.232	869287	868507	781	3167	3947	0.0	1410	775
LJZF01000069.1	NC_009656.1	99.335	364203	310846	53368	20384	73726	0.0	96553	53013
LJZF01000071.1	NC_009656.1	99.009	2283658	2285878	2221	1	2221	0.0	3980	2199
LJZF01000072.1	NC_009656.1	98.979	309842	307688	2155	1	2155	0.0	3858	2133
LJZF01000073.1	NC_009656.1	99.639	2825770	2824941	830	97	926	0.0	1517	827
LJZF01000073.1	NC_009656.1	98.260	56290	55544	747	1299	2044	0.0	1306	734
LJZF01000073.1	NC_009656.1	98.835	2813587	2813073	515	1530	2044	0.0	918	509
LJZF01000073.1	NC_009656.1	98.252	2831713	2831199	515	1530	2044	0.0	902	506
LJZF01000073.1	NC_009656.1	100.000	2430321	2430417	97	1	97	7.33e-45	180	97
LJZF01000073.1	NC_009656.1	100.000	2538475	2538380	96	1	96	2.63e-44	178	96
LJZF01000073.1	NC_009656.1	100.000	2887325	2887230	96	1	96	2.63e-44	178	96
LJZF01000073.1	NC_009656.1	100.000	4369898	4369993	96	1	96	2.63e-44	178	96
LJZF01000073.1	NC_009656.1	100.000	4563168	4563263	96	1	96	2.63e-44	178	96
LJZF01000073.1	NC_009656.1	100.000	4925491	4925396	96	1	96	2.63e-44	178	96
LJZF01000073.1	NC_009656.1	98.148	6228674	6228621	54	43	96	2.73e-19	95.3	53
LJZF01000073.1	NC_009656.1	100.000	2813623	2813588	36	1304	1339	5.95e-11	67.6	36
LJZF01000074.1	NC_009656.1	98.966	4627231	4629260	2030	1	2030	0.0	3633	2009
LJZF01000077.1	NC_009656.1	98.800	2833980	2833731	250	912	1161	6.22e-125	446	247
LJZF01000077.1	NC_009656.1	99.531	2817073	2816862	213	1	213	3.82e-107	387	212
LJZF01000078.1	NC_009656.1	100.000	3135918	3135821	98	1663	1760	1.75e-45	182	98
LJZF01000079.1	NC_009656.1	98.718	55641	55486	156	1	155	7.54e-74	276	154
LJZF01000079.1	NC_009656.1	98.101	2831296	2831139	158	1	157	2.71e-73	274	155
LJZF01000080.1	NC_009656.1	99.348	5957397	6057667	100284	22282	122532	0.0	1.815e+05	99630
LJZF01000080.1	NC_009656.1	99.197	5932500	5954542	22048	1	22046	0.0	39728	21871
LJZF01000080.1	NC_009656.1	99.563	6057642	6062222	4581	122651	127231	0.0	8349	4561
LJZF01000080.1	NC_009656.1	99.116	6062219	6064142	1924	127266	129189	0.0	3459	1907
LJZF01000082.1	NC_009656.1	99.387	445950	447575	1632	1	1632	0.0	2953	1622
LJZF01000086.1	NC_009656.1	98.216	4294997	4296397	1401	1	1383	0.0	2433	1376
LJZF01000088.1	NC_009656.1	98.180	4570396	4571769	1374	1	1374	0.0	2399	1349
LJZF01000089.1	NC_009656.1	99.626	5032713	5031377	1337	1	1337	0.0	2442	1332
LJZF01000090.1	NC_009656.1	98.589	4631934	4633209	1276	1	1276	0.0	2257	1258
LJZF01000091.1	NC_009656.1	99.239	2783069	2742728	40352	17091	57438	0.0	72803	40045
LJZF01000091.1	NC_009656.1	98.928	2742760	2717953	24816	57441	82254	0.0	44344	24550
LJZF01000091.1	NC_009656.1	99.316	2800153	2783189	16966	1	16966	0.0	30686	16850
LJZF01000091.1	NC_009656.1	100.000	5782615	5782646	32	6222	6253	4.29e-07	60.2	32
LJZF01000096.1	NC_009656.1	98.257	2930068	2931329	1262	1	1262	0.0	2209	1240
LJZF01000096.1	NC_009656.1	98.098	2909929	2911190	1262	1	1262	0.0	2198	1238
LJZF01000097.1	NC_009656.1	99.629	3038685	3037608	1078	1	1078	0.0	1969	1074
LJZF01000097.1	NC_009656.1	99.258	1975141	1974064	1078	1	1078	0.0	1947	1070
LJZF01000098.1	NC_009656.1	98.882	3767289	3766217	1073	1	1073	0.0	1916	1061
LJZF01000099.1	NC_009656.1	98.010	51112	51513	402	1	402	0.0	699	394
LJZF01000100.1	NC_009656.1	99.612	815426	816456	1031	1	1031	0.0	1882	1027
LJZF01000100.1	NC_009656.1	99.030	831931	832961	1031	1	1031	0.0	1849	1021
LJZF01000102.1	NC_009656.1	99.456	6567025	6546070	20956	48498	69453	0.0	38067	20842
LJZF01000102.1	NC_009656.1	99.129	6588339	6570088	18255	22807	41060	0.0	32827	18096
LJZF01000102.1	NC_009656.1	99.183	22944	8621	14327	1	14324	0.0	25804	14210
LJZF01000102.1	NC_009656.1	99.435	8489	1	8489	14318	22806	0.0	15411	8441
LJZF01000102.1	NC_009656.1	98.567	6570019	6567090	2931	41060	43987	0.0	5177	2889
LJZF01000108.1	NC_009656.1	98.957	3134960	3135918	959	1	959	0.0	1716	949
LJZF01000112.1	NC_009656.1	99.671	4629631	4630541	911	1	911	0.0	1666	908
LJZF01000113.1	NC_009656.1	99.325	2056836	2277020	220236	1	220204	0.0	3.984e+05	218750
LJZF01000113.1	NC_009656.1	98.515	1900204	1900405	202	21136	21336	1.24e-95	355	199
LJZF01000113.1	NC_009656.1	100.000	1900323	1900404	82	21445	21526	1.74e-34	152	82
LJZF01000113.1	NC_009656.1	100.000	2078418	2078386	33	21558	21590	3.02e-07	62.1	33
LJZF01000114.1	NC_009656.1	98.819	4496988	4539400	42429	8453	50865	0.0	75547	41928
LJZF01000114.1	NC_009656.1	98.704	4543475	4562451	18985	55239	74202	0.0	33669	18739
LJZF01000114.1	NC_009656.1	99.454	4488535	4496957	8424	1	8424	0.0	15300	8378
LJZF01000114.1	NC_009656.1	98.043	4539409	4543474	4087	50846	54932	0.0	7084	4007
LJZF01000114.1	NC_009656.1	98.113	2888472	2888368	106	74219	74324	2.08e-44	183	104
LJZF01000114.1	NC_009656.1	98.113	4368751	4368855	106	74219	74324	2.08e-44	183	104
LJZF01000114.1	NC_009656.1	100.000	4826521	4826424	98	74227	74324	7.49e-44	182	98
LJZF01000114.1	NC_009656.1	100.000	4926632	4926535	98	74227	74324	7.49e-44	182	98
LJZF01000114.1	NC_009656.1	98.990	2429180	2429278	99	74226	74324	9.69e-43	178	98
LJZF01000114.1	NC_009656.1	98.980	2539615	2539518	98	74227	74324	3.49e-42	176	97
LJZF01000115.1	NC_009656.1	99.667	903692	904593	902	1	902	0.0	1650	899
LJZF01000116.1	NC_009656.1	99.542	2429481	2430354	874	1	874	0.0	1592	870
LJZF01000116.1	NC_009656.1	99.542	2539315	2538442	874	1	874	0.0	1592	870
LJZF01000116.1	NC_009656.1	99.542	2888165	2887292	874	1	874	0.0	1592	870
LJZF01000116.1	NC_009656.1	99.542	4369058	4369931	874	1	874	0.0	1592	870
LJZF01000116.1	NC_009656.1	99.428	4926331	4925458	874	1	874	0.0	1587	869
LJZF01000116.1	NC_009656.1	98.513	4826221	4825348	874	1	874	0.0	1543	861
LJZF01000116.1	NC_009656.1	98.795	4562455	4563201	747	128	874	0.0	1330	738
LJZF01000117.1	NC_009656.1	98.382	4631164	4632028	865	1	865	0.0	1520	851
LJZF01000118.1	NC_009656.1	98.728	4632028	4631164	865	1	865	0.0	1537	854
LJZF01000120.1	NC_009656.1	98.166	4630444	4631261	818	1	818	0.0	1428	803
LJZF01000121.1	NC_009656.1	98.164	4647974	4648790	817	1	817	0.0	1426	802
LJZF01000123.1	NC_009656.1	99.127	1610140	1609339	802	4	805	0.0	1443	795
LJZF01000125.1	NC_009656.1	99.027	4724358	4659305	65075	99	65155	0.0	1.166e+05	64442
LJZF01000125.1	NC_009656.1	100.000	2430320	2430417	98	1	98	6.65e-44	182	98
LJZF01000125.1	NC_009656.1	100.000	2538476	2538380	97	1	97	2.39e-43	180	97
LJZF01000125.1	NC_009656.1	100.000	2887326	2887230	97	1	97	2.39e-43	180	97
LJZF01000125.1	NC_009656.1	100.000	4369897	4369993	97	1	97	2.39e-43	180	97
LJZF01000125.1	NC_009656.1	100.000	4563167	4563263	97	1	97	2.39e-43	180	97
LJZF01000125.1	NC_009656.1	100.000	4925492	4925396	97	1	97	2.39e-43	180	97
LJZF01000125.1	NC_009656.1	100.000	5325827	5325750	78	65071	65148	8.73e-33	145	78
LJZF01000125.1	NC_009656.1	98.148	6228674	6228621	54	44	97	8.92e-18	95.3	53
LJZF01000125.1	NC_009656.1	100.000	4722221	4722253	33	2203	2235	9.04e-08	62.1	33
LJZF01000126.1	NC_009656.1	100.000	2822751	2822795	45	738	782	2.22e-16	84.2	45
LJZF01000127.1	NC_009656.1	99.006	3361286	3361989	704	1	704	0.0	1262	697
LJZF01000133.1	NC_009656.1	98.784	2848172	2847515	658	1	658	0.0	1171	650
LJZF01000133.1	NC_009656.1	98.632	6408767	6408110	658	1	658	0.0	1166	649
LJZF01000136.1	NC_009656.1	98.943	6427569	6482601	55040	1	55023	0.0	98394	54458
LJZF01000136.1	NC_009656.1	99.384	6482596	6491523	8932	55373	64302	0.0	16185	8877
LJZF01000136.1	NC_009656.1	98.990	2888466	2888368	99	64302	64400	8.40e-43	178	98
LJZF01000136.1	NC_009656.1	98.980	4368758	4368855	98	64303	64400	3.02e-42	176	97
LJZF01000136.1	NC_009656.1	98.980	4826521	4826424	98	64303	64400	3.02e-42	176	97
LJZF01000136.1	NC_009656.1	98.980	4926632	4926535	98	64303	64400	3.02e-42	176	97
LJZF01000136.1	NC_009656.1	98.000	2429179	2429278	100	64301	64400	1.09e-41	174	98
LJZF01000138.1	NC_009656.1	99.314	4622133	4621551	583	1	583	0.0	1055	579
LJZF01000139.1	NC_009656.1	99.647	4629163	4629728	566	1	566	0.0	1035	564
LJZF01000140.1	NC_009656.1	99.643	4622596	4622036	561	1	561	0.0	1026	559
LJZF01000142.1	NC_009656.1	99.815	5032626	5033166	541	1	541	0.0	994	540
LJZF01000142.1	NC_009656.1	99.445	5026591	5027131	541	1	541	0.0	983	538
LJZF01000144.1	NC_009656.1	99.433	2810376	2809848	529	1	529	0.0	961	526
LJZF01000144.1	NC_009656.1	99.371	2823227	2822751	477	1	477	0.0	865	474
LJZF01000146.1	NC_009656.1	98.252	4641613	4642127	515	1	515	0.0	902	506
LJZF01000147.1	NC_009656.1	99.251	1385587	1322881	62713	3	62712	0.0	1.132e+05	62243
LJZF01000149.1	NC_009656.1	98.246	4633630	4633118	513	1	513	0.0	898	504
LJZF01000153.1	NC_009656.1	98.390	4571680	4572176	497	1	497	0.0	874	489
LJZF01000155.1	NC_009656.1	98.113	4620988	4620512	477	1	477	0.0	832	468
LJZF01000157.1	NC_009656.1	98.291	4104599	4104132	468	1	468	0.0	821	460
LJZF01000158.1	NC_009656.1	99.298	3424041	3362120	61933	1	61927	0.0	1.119e+05	61498
LJZF01000158.1	NC_009656.1	100.000	2321497	2321525	29	36399	36427	1.42e-05	54.7	29
LJZF01000161.1	NC_009656.1	99.292	3908398	3908821	424	1	424	0.0	767	421
LJZF01000164.1	NC_009656.1	98.054	4639306	4639716	411	1	411	0.0	715	403
LJZF01000165.1	NC_009656.1	99.506	5876324	5876728	405	1	405	0.0	737	403
LJZF01000165.1	NC_009656.1	99.259	5323061	5323465	405	1	405	0.0	732	402
LJZF01000168.1	NC_009656.1	99.180	310652	310287	366	1	366	0.0	660	363
LJZF01000168.1	NC_009656.1	99.429	310242	309893	350	412	761	0.0	636	348
LJZF01000169.1	NC_009656.1	99.121	2520231	2468823	51445	20430	71847	0.0	92438	50993
LJZF01000169.1	NC_009656.1	99.496	2397071	2376628	20447	86651	107096	0.0	37231	20344
LJZF01000169.1	NC_009656.1	98.911	2411822	2397054	14780	71837	86611	0.0	26387	14619
LJZF01000169.1	NC_009656.1	98.132	2376644	2370036	6638	107044	113678	0.0	11542	6514
LJZF01000169.1	NC_009656.1	100.000	2635974	2635895	80	92894	92973	1.16e-33	148	80
LJZF01000169.1	NC_009656.1	100.000	2635977	2635899	79	93051	93129	4.18e-33	147	79
LJZF01000169.1	NC_009656.1	100.000	2038284	2038208	77	93132	93208	5.41e-32	143	77
LJZF01000169.1	NC_009656.1	100.000	2038575	2038500	76	93132	93207	1.95e-31	141	76
LJZF01000169.1	NC_009656.1	100.000	2390667	2390592	76	92894	92969	1.95e-31	141	76
LJZF01000169.1	NC_009656.1	100.000	2390827	2390752	76	93054	93129	1.95e-31	141	76
LJZF01000169.1	NC_009656.1	100.000	3583955	3583926	30	113336	113365	7.25e-06	56.5	30
LJZF01000169.1	NC_009656.1	100.000	5110423	5110450	28	113337	113364	9.38e-05	52.8	28
LJZF01000169.1	NC_009656.1	100.000	6397271	6397298	28	42950	42977	9.38e-05	52.8	28
LJZF01000170.1	NC_009656.1	99.171	41017	41378	362	1	362	0.0	652	359
LJZF01000170.1	NC_009656.1	98.895	2800183	2800544	362	1	362	0.0	647	358
LJZF01000175.1	NC_009656.1	98.810	2910371	2910036	336	1	336	7.38e-172	599	332
LJZF01000176.1	NC_009656.1	99.700	5027456	5027124	333	1	333	3.38e-175	610	332
LJZF01000176.1	NC_009656.1	98.498	5031388	5031056	333	1	333	1.58e-168	588	328
LJZF01000177.1	NC_009656.1	99.691	5031065	5031388	324	1	324	3.30e-170	593	323
LJZF01000180.1	NC_009656.1	99.341	1145405	1086268	59153	1	59146	0.0	1.071e+05	58763
LJZF01000180.1	NC_009656.1	100.000	1111714	1111743	30	33670	33699	3.77e-06	56.5	30
LJZF01000181.1	NC_009656.1	98.913	1178652	1178927	276	1	276	2.91e-140	494	273
LJZF01000182.1	NC_009656.1	99.275	3234558	3234833	276	1	276	6.25e-142	499	274
LJZF01000183.1	NC_009656.1	99.273	4572723	4572997	275	1	275	2.24e-141	497	273
LJZF01000184.1	NC_009656.1	98.540	3536614	3536341	274	1	274	1.74e-137	484	270
LJZF01000185.1	NC_009656.1	99.240	957713	957975	263	1	263	1.00e-134	475	261
LJZF01000185.1	NC_009656.1	98.479	3912184	3911922	263	1	263	2.16e-131	464	259
LJZF01000186.1	NC_009656.1	99.611	6359056	6358800	257	1	257	4.54e-133	470	256
LJZF01000186.1	NC_009656.1	98.054	806661	806917	257	1	257	2.13e-126	448	252
LJZF01000186.1	NC_009656.1	98.054	4988504	4988248	257	1	257	2.13e-126	448	252
LJZF01000186.1	NC_009656.1	98.054	5571820	5571564	257	1	257	2.13e-126	448	252
LJZF01000187.1	NC_009656.1	99.600	1178749	1178500	250	1	250	3.43e-129	457	249
LJZF01000187.1	NC_009656.1	98.800	3234736	3234985	250	1	250	7.42e-126	446	247
LJZF01000188.1	NC_009656.1	100.000	3361892	3362139	248	1	248	9.44e-130	459	248
LJZF01000189.1	NC_009656.1	99.597	396713	396960	248	1	248	4.39e-128	453	247
LJZF01000191.1	NC_009656.1	99.337	1932534	1841600	90974	41639	132596	0.0	1.646e+05	90371
LJZF01000191.1	NC_009656.1	99.148	1974161	1932513	41657	1	41616	0.0	74914	41302
LJZF01000191.1	NC_009656.1	99.016	3037705	3037401	305	1	305	1.14e-153	547	302
LJZF01000191.1	NC_009656.1	100.000	2078354	2078273	82	73785	73866	1.05e-34	152	82
LJZF01000191.1	NC_009656.1	100.000	1847888	1847925	38	126271	126308	3.02e-10	71.3	38
LJZF01000191.1	NC_009656.1	100.000	630181	630149	33	41593	41625	1.82e-07	62.1	33
LJZF01000193.1	NC_009656.1	100.000	5323368	5323597	230	1	230	8.82e-120	425	230
LJZF01000193.1	NC_009656.1	99.565	5876631	5876860	230	1	230	4.10e-118	420	229
LJZF01000194.1	NC_009656.1	99.107	5026908	5027131	224	1	224	4.01e-113	403	222
LJZF01000194.1	NC_009656.1	98.661	5030840	5031063	224	1	224	1.87e-111	398	221
LJZF01000194.1	NC_009656.1	98.661	5032943	5033166	224	1	224	1.87e-111	398	221
LJZF01000195.1	NC_009656.1	99.403	1623047	1675965	52930	3923	56848	0.0	95978	52614
LJZF01000195.1	NC_009656.1	98.190	1610217	1614138	3923	1	3923	0.0	6850	3852
LJZF01000196.1	NC_009656.1	99.034	5430047	5455295	25258	1	25250	0.0	45275	25014
LJZF01000196.1	NC_009656.1	99.515	5461312	5482349	21039	25483	46520	0.0	38285	20937
LJZF01000196.1	NC_009656.1	100.000	2611896	2611866	31	17436	17466	9.91e-07	58.4	31
LJZF01000197.1	NC_009656.1	98.941	5109001	5191259	82270	74679	156920	0.0	1.471e+05	81399
LJZF01000197.1	NC_009656.1	99.248	5033168	5102990	69840	1	69834	0.0	1.260e+05	69315
LJZF01000197.1	NC_009656.1	99.306	5221133	5236114	14982	156979	171957	0.0	27087	14878
LJZF01000197.1	NC_009656.1	98.513	5104309	5109017	4709	69828	74536	0.0	8309	4639
LJZF01000197.1	NC_009656.1	100.000	5220860	5220941	82	156896	156977	1.36e-34	152	82
LJZF01000197.1	NC_009656.1	100.000	2359743	2359776	34	56467	56500	6.55e-08	63.9	34
LJZF01000197.1	NC_009656.1	100.000	4443146	4443174	29	152554	152582	3.94e-05	54.7	29
LJZF01000198.1	NC_009656.1	98.268	2848075	2886955	38911	1	38886	0.0	68074	38237
LJZF01000198.1	NC_009656.1	98.672	2889631	2910026	20406	38872	59273	0.0	36169	20135
LJZF01000198.1	NC_009656.1	100.000	2917918	2917956	39	33191	33229	3.75e-11	73.1	39
LJZF01000198.1	NC_009656.1	100.000	893766	893794	29	13036	13064	1.36e-05	54.7	29
LJZF01000199.1	NC_009656.1	99.453	3767284	3821246	53963	2	53964	0.0	98017	53668
LJZF01000199.1	NC_009656.1	100.000	5884643	5884670	28	5889	5916	4.45e-05	52.8	28
LJZF01000200.1	NC_009656.1	99.479	5609437	5662380	52947	1	52943	0.0	96239	52671
LJZF01000201.1	NC_009656.1	99.161	445812	405895	39946	1	39928	0.0	71869	39611
LJZF01000201.1	NC_009656.1	99.647	406015	396941	9076	39893	48968	0.0	16582	9044
LJZF01000201.1	NC_009656.1	100.000	5798839	5798868	30	41505	41534	3.12e-06	56.5	30
LJZF01000201.1	NC_009656.1	100.000	405929	405902	28	39807	39834	4.04e-05	52.8	28
LJZF01000201.1	NC_009656.1	100.000	406015	405988	28	39979	40006	4.04e-05	52.8	28
LJZF01000202.1	NC_009656.1	99.268	3343916	3361383	17484	30559	48042	0.0	31564	17356
LJZF01000202.1	NC_009656.1	99.087	3311114	3326667	15561	1	15561	0.0	27942	15419
LJZF01000202.1	NC_009656.1	99.220	3326787	3335245	8460	15559	24018	0.0	15256	8394
LJZF01000202.1	NC_009656.1	99.142	3337304	3344062	6759	24061	30807	0.0	12150	6701
LJZF01000203.1	NC_009656.1	98.964	6081058	6118123	37071	27230	64295	0.0	66321	36687
LJZF01000203.1	NC_009656.1	99.219	6064173	6081082	16912	1	16912	0.0	30498	16780
LJZF01000204.1	NC_009656.1	99.320	4441324	4488546	47233	96	47323	0.0	85430	46912
LJZF01000205.1	NC_009656.1	99.289	1265825	1304102	38281	419	38693	0.0	69176	38009
LJZF01000205.1	NC_009656.1	99.512	1304895	1322921	18030	39702	57731	0.0	32805	17942
LJZF01000205.1	NC_009656.1	100.000	1267032	1267189	158	1	158	2.58e-77	292	158
LJZF01000206.1	NC_009656.1	99.396	5275420	5262185	13237	33585	46819	0.0	23998	13157
LJZF01000206.1	NC_009656.1	99.242	5284859	5275494	9372	24253	33624	0.0	16909	9301
LJZF01000206.1	NC_009656.1	99.395	5295107	5286183	8925	15332	24255	0.0	16181	8871
LJZF01000206.1	NC_009656.1	100.000	5306028	5305947	82	15297	15378	3.70e-35	152	82
LJZF01000206.1	NC_009656.1	100.000	3583927	3583954	28	15385	15412	3.86e-05	52.8	28
LJZF01000207.1	NC_009656.1	98.991	192327	231749	39434	5433	44854	0.0	70594	39036
LJZF01000207.1	NC_009656.1	98.980	4104229	4104132	98	1	98	2.10e-42	176	97
LJZF01000207.1	NC_009656.1	100.000	3926978	3927006	29	43268	43296	1.03e-05	54.7	29
LJZF01000208.1	NC_009656.1	99.440	2638379	2561277	77106	85529	162630	0.0	1.400e+05	76674
LJZF01000208.1	NC_009656.1	99.052	2703436	2673704	29746	11307	41039	0.0	53345	29464
LJZF01000208.1	NC_009656.1	99.070	2673705	2657270	16448	43553	59995	0.0	29510	16295
LJZF01000208.1	NC_009656.1	99.024	2656342	2641600	14758	62875	77628	0.0	26437	14614
LJZF01000208.1	NC_009656.1	98.643	2715063	2704540	10535	1	10534	0.0	18652	10392
LJZF01000208.1	NC_009656.1	99.041	2641301	2638382	2920	82516	85435	0.0	5238	2892
LJZF01000208.1	NC_009656.1	100.000	2390827	2390748	80	87934	88013	1.66e-33	148	80
LJZF01000208.1	NC_009656.1	100.000	2390670	2390592	79	87931	88009	5.98e-33	147	79
LJZF01000208.1	NC_009656.1	100.000	5447481	5447511	31	112013	112043	2.88e-06	58.4	31
LJZF01000209.1	NC_009656.1	99.085	3184197	3221982	37801	3713	41502	0.0	67865	37455
LJZF01000209.1	NC_009656.1	99.188	3137377	3138361	985	2119	3103	0.0	1775	977
LJZF01000209.1	NC_009656.1	98.889	3138362	3138631	270	3201	3470	1.02e-134	483	267
LJZF01000209.1	NC_009656.1	100.000	487606	487634	29	19092	19120	9.51e-06	54.7	29
LJZF01000210.1	NC_009656.1	99.287	4342948	4301455	41506	1	41502	0.0	74993	41210
LJZF01000211.1	NC_009656.1	99.207	5932520	5892685	39841	1	39832	0.0	71809	39525
LJZF01000212.1	NC_009656.1	99.097	3462091	3438282	23811	15323	39130	0.0	42776	23596
LJZF01000212.1	NC_009656.1	99.098	3473195	3467763	5433	3350	8782	0.0	9762	5384
LJZF01000212.1	NC_009656.1	98.692	3465890	3462145	3746	10905	14649	0.0	6645	3697
LJZF01000212.1	NC_009656.1	98.945	3476499	3473187	3316	1	3315	0.0	5927	3281
LJZF01000213.1	NC_009656.1	99.166	4144389	4104502	39908	1	39881	0.0	71808	39575
LJZF01000214.1	NC_009656.1	99.490	4399336	4411694	12359	1	12356	0.0	22471	12296
LJZF01000215.1	NC_009656.1	99.224	1259228	1225079	34163	1	34162	0.0	61607	33898
LJZF01000215.1	NC_009656.1	98.400	1221364	1204500	16879	38048	54912	0.0	29649	16609
LJZF01000215.1	NC_009656.1	99.159	1225079	1221393	3687	34333	38019	0.0	6637	3656
LJZF01000215.1	NC_009656.1	99.332	1203538	1200246	3295	55877	59171	0.0	5962	3273
LJZF01000215.1	NC_009656.1	100.000	697014	697045	32	54672	54703	2.92e-07	60.2	32
LJZF01000215.1	NC_009656.1	100.000	2427652	2427683	32	54792	54823	2.92e-07	60.2	32
LJZF01000215.1	NC_009656.1	100.000	4367948	4367979	32	54308	54339	2.92e-07	60.2	32
LJZF01000215.1	NC_009656.1	100.000	5212125	5212094	32	54672	54703	2.92e-07	60.2	32
LJZF01000215.1	NC_009656.1	100.000	1204829	1204801	29	54943	54971	1.36e-05	54.7	29
LJZF01000215.1	NC_009656.1	100.000	2886962	2886934	29	54884	54912	1.36e-05	54.7	29
LJZF01000215.1	NC_009656.1	100.000	2886963	2886935	29	54643	54671	1.36e-05	54.7	29
LJZF01000215.1	NC_009656.1	100.000	1204528	1204501	28	54644	54671	4.88e-05	52.8	28
LJZF01000215.1	NC_009656.1	100.000	1204648	1204621	28	54944	54971	4.88e-05	52.8	28
LJZF01000215.1	NC_009656.1	100.000	2887022	2886995	28	54644	54671	4.88e-05	52.8	28
LJZF01000215.1	NC_009656.1	100.000	2887142	2887115	28	54944	54971	4.88e-05	52.8	28
LJZF01000215.1	NC_009656.1	100.000	2887202	2887175	28	54824	54851	4.88e-05	52.8	28
LJZF01000216.1	NC_009656.1	99.159	3004691	3017054	12364	11909	24269	0.0	22253	12260
LJZF01000216.1	NC_009656.1	99.261	3029457	3037705	8249	29736	37983	0.0	14894	8188
LJZF01000216.1	NC_009656.1	98.542	3024062	3029271	5211	24402	29611	0.0	9201	5135
LJZF01000216.1	NC_009656.1	99.016	1973857	1974161	305	37679	37983	3.28e-154	547	302
LJZF01000216.1	NC_009656.1	100.000	1181194	1181163	32	5614	5645	1.87e-07	60.2	32
LJZF01000216.1	NC_009656.1	100.000	1730800	1730770	31	29614	29644	6.73e-07	58.4	31
LJZF01000216.1	NC_009656.1	100.000	5763143	5763170	28	29610	29637	3.13e-05	52.8	28
LJZF01000217.1	NC_009656.1	99.185	5609469	5571812	37662	1	37657	0.0	67839	37355
LJZF01000217.1	NC_009656.1	98.020	806569	806669	101	37557	37657	1.77e-42	176	99
LJZF01000218.1	NC_009656.1	99.107	1730264	1763401	33142	47133	80229	0.0	59516	32846
LJZF01000218.1	NC_009656.1	99.011	1763434	1796295	32874	80264	113137	0.0	58896	32549
LJZF01000218.1	NC_009656.1	99.448	1676114	1704388	28277	1	28271	0.0	51347	28121
LJZF01000218.1	NC_009656.1	98.068	1713704	1723119	9422	37730	47129	0.0	16366	9240
LJZF01000218.1	NC_009656.1	98.846	1704353	1713424	9101	28351	37449	0.0	16196	8996
LJZF01000218.1	NC_009656.1	98.214	1259061	1259228	168	113756	113923	1.41e-77	294	165
LJZF01000218.1	NC_009656.1	100.000	6550173	6550207	35	28245	28279	1.21e-08	65.8	35
LJZF01000218.1	NC_009656.1	100.000	1181166	1181196	31	19282	19312	2.02e-06	58.4	31
LJZF01000218.1	NC_009656.1	100.000	6520030	6520059	30	108393	108422	7.26e-06	56.5	30
LJZF01000219.1	NC_009656.1	99.205	1451780	1575463	123722	1	123716	0.0	2.230e+05	122739
LJZF01000219.1	NC_009656.1	98.716	1594011	1609336	15342	141618	156958	0.0	27224	15145
LJZF01000219.1	NC_009656.1	99.200	1575893	1590018	14127	123695	137811	0.0	25451	14014
LJZF01000219.1	NC_009656.1	99.326	1590073	1593485	3413	137806	141217	0.0	6174	3390
LJZF01000219.1	NC_009656.1	100.000	1593590	1593622	33	141339	141371	2.15e-07	62.1	33
LJZF01000220.1	NC_009656.1	99.068	922684	948644	25967	21202	47159	0.0	46597	25725
LJZF01000220.1	NC_009656.1	99.169	904649	921607	16963	1	16948	0.0	30526	16822
LJZF01000220.1	NC_009656.1	99.416	949421	957810	8390	48094	56483	0.0	15223	8341
LJZF01000221.1	NC_009656.1	99.487	1420665	1385588	35080	1	35075	0.0	63777	34900
LJZF01000223.1	NC_009656.1	99.309	240703	277866	37171	1	37169	0.0	67209	36914
LJZF01000223.1	NC_009656.1	98.584	297295	302866	5580	43847	49423	0.0	9856	5501
LJZF01000224.1	NC_009656.1	99.410	1824801	1796345	28465	4	28454	0.0	51614	28297
LJZF01000224.1	NC_009656.1	99.425	1262302	1262129	174	32524	32697	8.66e-85	316	173
LJZF01000225.1	NC_009656.1	99.140	1151648	1167695	16055	4996	21034	0.0	28862	15917
LJZF01000225.1	NC_009656.1	98.780	1145536	1150371	4836	1	4836	0.0	8604	4777
LJZF01000226.1	NC_009656.1	98.493	3884852	3908435	23628	8370	31976	0.0	41600	23272
LJZF01000226.1	NC_009656.1	99.737	3821205	3829578	8374	1	8374	0.0	15343	8352
LJZF01000227.1	NC_009656.1	99.299	5843894	5875863	31971	1	31969	0.0	57795	31747
LJZF01000228.1	NC_009656.1	99.297	6151155	6120291	30865	1	30862	0.0	55792	30648
LJZF01000228.1	NC_009656.1	99.384	6118967	6118481	487	30860	31346	0.0	883	484
LJZF01000229.1	NC_009656.1	99.516	2370057	2338872	31190	1	31188	0.0	56756	31039
LJZF01000229.1	NC_009656.1	100.000	5089668	5089635	34	10283	10316	1.19e-08	63.9	34
LJZF01000230.1	NC_009656.1	99.211	3062697	3132910	70235	22237	92421	0.0	1.266e+05	69681
LJZF01000230.1	NC_009656.1	99.006	3038588	3060825	22240	1	22239	0.0	39842	22019
LJZF01000230.1	NC_009656.1	98.223	2520274	2521061	788	93639	94425	0.0	1376	774
LJZF01000230.1	NC_009656.1	99.282	2521060	2521477	418	94456	94873	0.0	756	415
LJZF01000230.1	NC_009656.1	99.020	1975044	1975145	102	1	101	1.54e-43	182	101
LJZF01000231.1	NC_009656.1	98.520	3518201	3536438	18239	12660	30897	0.0	32184	17969
LJZF01000231.1	NC_009656.1	99.036	3503631	3515764	12138	1	12138	0.0	21763	12021
LJZF01000232.1	NC_009656.1	99.242	1451522	1420654	30878	1	30873	0.0	55712	30644
LJZF01000233.1	NC_009656.1	98.354	4577766	4576734	1033	35562	36594	0.0	1814	1016
LJZF01000234.1	NC_009656.1	99.570	862865	832864	30003	1	30002	0.0	54689	29874
LJZF01000234.1	NC_009656.1	99.310	816503	816359	145	29858	30002	1.05e-68	263	144
LJZF01000235.1	NC_009656.1	99.432	2335996	2306771	29227	2823	32038	0.0	53042	29061
LJZF01000235.1	NC_009656.1	99.635	2338817	2336077	2741	1	2741	0.0	5007	2731
LJZF01000235.1	NC_009656.1	100.000	3387614	3387642	29	17293	17321	7.34e-06	54.7	29
LJZF01000236.1	NC_009656.1	98.941	447589	463217	15669	1	15661	0.0	27972	15503
LJZF01000236.1	NC_009656.1	99.136	463858	477285	13432	15710	29140	0.0	24157	13316
LJZF01000236.1	NC_009656.1	100.000	1593807	1593776	32	7264	7295	1.44e-07	60.2	32
LJZF01000236.1	NC_009656.1	100.000	2889344	2889313	32	7264	7295	1.44e-07	60.2	32
LJZF01000236.1	NC_009656.1	100.000	2717947	2717918	30	7266	7295	1.86e-06	56.5	30
LJZF01000237.1	NC_009656.1	99.105	5550712	5542225	8495	1	8494	0.0	15259	8419
LJZF01000237.1	NC_009656.1	98.775	5529675	5524782	4896	8212	13105	0.0	8706	4836
LJZF01000238.1	NC_009656.1	99.268	4368757	4342945	25818	2611	28420	0.0	46617	25629
LJZF01000238.1	NC_009656.1	98.585	4372607	4369994	2614	1	2613	0.0	4621	2577
LJZF01000239.1	NC_009656.1	99.202	4260801	4294998	34202	1	34188	0.0	61631	33929
LJZF01000239.1	NC_009656.1	100.000	207161	207191	31	15035	15065	6.06e-07	58.4	31
LJZF01000240.1	NC_009656.1	99.416	5662408	5674221	11815	1	11794	0.0	21416	11746
LJZF01000240.1	NC_009656.1	99.297	5674250	5684491	10245	11794	22038	0.0	18517	10173
LJZF01000240.1	NC_009656.1	98.801	5686108	5689778	3671	24161	27831	0.0	6536	3627
LJZF01000240.1	NC_009656.1	100.000	5838963	5838935	29	17138	17166	6.38e-06	54.7	29
LJZF01000241.1	NC_009656.1	99.292	1078032	981390	96664	1	96656	0.0	1.747e+05	95980
LJZF01000241.1	NC_009656.1	99.534	981325	957941	23391	97648	121037	0.0	42584	23282
LJZF01000241.1	NC_009656.1	100.000	4775712	4775742	31	23217	23247	2.15e-06	58.4	31
LJZF01000242.1	NC_009656.1	99.101	2958920	2931232	27693	1	27692	0.0	49755	27444
LJZF01000243.1	NC_009656.1	99.424	5816109	5843730	27625	22613	50235	0.0	50128	27466
LJZF01000243.1	NC_009656.1	99.180	5793492	5816048	22559	1	22556	0.0	40629	22374
LJZF01000243.1	NC_009656.1	100.000	5753120	5753091	30	6573	6602	3.20e-06	56.5	30
LJZF01000244.1	NC_009656.1	99.430	3268681	3293600	24921	1	24921	0.0	45232	24779
LJZF01000245.1	NC_009656.1	98.980	4399134	4372588	26574	2	26557	0.0	47530	26303
LJZF01000245.1	NC_009656.1	100.000	21361	21334	28	14685	14712	2.19e-05	52.8	28
LJZF01000246.1	NC_009656.1	98.812	4097190	4088706	8505	18023	26527	0.0	15128	8404
LJZF01000246.1	NC_009656.1	99.491	4104229	4099514	4716	1	4716	0.0	8576	4692
LJZF01000246.1	NC_009656.1	98.723	4098862	4097220	1645	15697	17340	0.0	2918	1624
LJZF01000247.1	NC_009656.1	99.184	2539615	2561296	21682	4236	25917	0.0	39059	21505
LJZF01000248.1	NC_009656.1	98.902	6408207	6376985	31238	1	31227	0.0	55762	30895
LJZF01000248.1	NC_009656.1	100.000	2497689	2497716	28	10909	10936	2.57e-05	52.8	28
LJZF01000249.1	NC_009656.1	99.106	4144373	4170103	25735	1	25702	0.0	46215	25505
LJZF01000250.1	NC_009656.1	99.353	5017562	4988496	29076	1	29069	0.0	52638	28888
LJZF01000251.1	NC_009656.1	98.775	4945218	4967988	22773	1	22761	0.0	40496	22494
LJZF01000252.1	NC_009656.1	99.310	4856483	4924312	67859	25880	93732	0.0	1.227e+05	67391
LJZF01000252.1	NC_009656.1	98.502	4830660	4856486	25840	1	25828	0.0	45550	25453
LJZF01000253.1	NC_009656.1	98.750	4825286	4825445	160	21595	21754	1.62e-75	285	158
LJZF01000253.1	NC_009656.1	98.148	2538378	2538539	162	21593	21754	5.84e-75	283	159
LJZF01000253.1	NC_009656.1	98.137	4563264	4563104	161	21594	21754	2.10e-74	281	158
LJZF01000253.1	NC_009656.1	98.125	2887230	2887389	160	21595	21754	7.55e-74	279	157
LJZF01000253.1	NC_009656.1	98.125	4369993	4369834	160	21595	21754	7.55e-74	279	157
LJZF01000253.1	NC_009656.1	100.000	2538477	2538377	101	1	101	4.71e-46	187	101
LJZF01000253.1	NC_009656.1	100.000	4563166	4563264	99	1	99	6.09e-45	183	99
LJZF01000253.1	NC_009656.1	100.000	2430319	2430416	98	1	98	2.19e-44	182	98
LJZF01000253.1	NC_009656.1	100.000	2887327	2887230	98	1	98	2.19e-44	182	98
LJZF01000253.1	NC_009656.1	100.000	4369896	4369993	98	1	98	2.19e-44	182	98
LJZF01000253.1	NC_009656.1	99.010	4925493	4925393	101	1	101	2.19e-44	182	100
LJZF01000254.1	NC_009656.1	99.139	6512311	6546070	33793	20670	54458	0.0	60757	33502
LJZF01000254.1	NC_009656.1	99.140	6491517	6512554	21042	95	21132	0.0	37848	20861
LJZF01000254.1	NC_009656.1	100.000	4925492	4925395	98	1	98	5.49e-44	182	98
LJZF01000254.1	NC_009656.1	100.000	2430320	2430416	97	1	97	1.97e-43	180	97
LJZF01000254.1	NC_009656.1	100.000	2538476	2538380	97	1	97	1.97e-43	180	97
LJZF01000254.1	NC_009656.1	100.000	2887326	2887230	97	1	97	1.97e-43	180	97
LJZF01000254.1	NC_009656.1	100.000	4369897	4369993	97	1	97	1.97e-43	180	97
LJZF01000254.1	NC_009656.1	100.000	4563167	4563263	97	1	97	1.97e-43	180	97
LJZF01000254.1	NC_009656.1	98.148	6228674	6228621	54	44	97	7.36e-18	95.3	53
LJZF01000254.1	NC_009656.1	100.000	5753091	5753123	33	25766	25798	7.46e-08	62.1	33
LJZF01000254.1	NC_009656.1	100.000	1791551	1791580	30	28403	28432	3.47e-06	56.5	30
LJZF01000255.1	NC_009656.1	99.445	4060779	4086887	26117	1	26111	0.0	47413	25972
LJZF01000256.1	NC_009656.1	99.239	1199735	1178853	20907	1	20903	0.0	37702	20748
LJZF01000257.1	NC_009656.1	99.459	5236118	5256644	20528	1	20521	0.0	37286	20417
LJZF01000257.1	NC_009656.1	100.000	566114	566142	29	6461	6489	4.70e-06	54.7	29
LJZF01000258.1	NC_009656.1	99.246	3912087	3932509	20426	1	20426	0.0	36863	20272
LJZF01000258.1	NC_009656.1	100.000	230163	230191	29	14895	14923	4.69e-06	54.7	29
LJZF01000259.1	NC_009656.1	99.405	903443	884297	19147	1	19144	0.0	34723	19033
LJZF01000260.1	NC_009656.1	98.527	2930165	2911093	19074	1	19073	0.0	33665	18793
LJZF01000261.1	NC_009656.1	98.823	3476772	3495632	18862	1	18860	0.0	33599	18640
LJZF01000262.1	NC_009656.1	99.365	6353515	6334625	18893	1	18892	0.0	34256	18773
LJZF01000262.1	NC_009656.1	100.000	812202	812299	98	1	98	1.90e-44	182	98
LJZF01000262.1	NC_009656.1	100.000	5566279	5566182	98	1	98	1.90e-44	182	98
LJZF01000263.1	NC_009656.1	98.348	5378561	5325750	52853	47650	100455	0.0	92684	51980
LJZF01000263.1	NC_009656.1	99.066	5411655	5384781	26877	14522	41378	0.0	48222	26626
LJZF01000263.1	NC_009656.1	99.229	5427500	5412980	14524	2	14524	0.0	26197	14412
LJZF01000263.1	NC_009656.1	98.795	2029292	2029210	83	100205	100287	1.04e-33	148	82
LJZF01000263.1	NC_009656.1	98.765	4659388	4659308	81	100378	100458	1.34e-32	145	80
LJZF01000263.1	NC_009656.1	100.000	2370347	2370381	35	100012	100046	1.07e-08	65.8	35
LJZF01000263.1	NC_009656.1	100.000	3583926	3583955	30	100014	100043	6.46e-06	56.5	30
LJZF01000263.1	NC_009656.1	100.000	5110450	5110423	28	100015	100042	8.36e-05	52.8	28
LJZF01000263.1	NC_009656.1	100.000	5295054	5295027	28	100015	100042	8.36e-05	52.8	28
LJZF01000264.1	NC_009656.1	99.461	6408672	6426651	17980	3	17982	0.0	32666	17883
LJZF01000264.1	NC_009656.1	99.208	6426702	6427080	379	18033	18411	0.0	684	376
LJZF01000265.1	NC_009656.1	99.150	76101	62946	13169	7574	20741	0.0	23686	13057
LJZF01000265.1	NC_009656.1	99.498	158677	151107	7575	1	7574	0.0	13778	7537
LJZF01000266.1	NC_009656.1	98.854	6376838	6358959	17883	1	17880	0.0	31883	17678
LJZF01000267.1	NC_009656.1	99.418	23113	40987	17875	1	17875	0.0	32433	17771
LJZF01000268.1	NC_009656.1	99.413	3253465	3234888	18582	1	18582	0.0	33708	18473
LJZF01000269.1	NC_009656.1	99.627	168651	186594	17947	1	17947	0.0	32768	17880
LJZF01000270.1	NC_009656.1	99.579	3309917	3293996	15922	1	15919	0.0	29028	15855
LJZF01000270.1	NC_009656.1	98.361	3293994	3293812	183	16130	16312	9.58e-87	322	180
LJZF01000271.1	NC_009656.1	99.203	1841597	1824778	16821	1	16811	0.0	30310	16687
LJZF01000272.1	NC_009656.1	99.212	2302212	2286472	15742	1	15729	0.0	28371	15618
LJZF01000273.1	NC_009656.1	99.445	832028	816359	15670	1	15670	0.0	28456	15583
LJZF01000273.1	NC_009656.1	98.621	833008	832864	145	15526	15670	2.55e-67	257	143
