NZ_CAADLZ010000007.1	NC_009656.1	100.000	878961	878990	30	1	30	1.57e-06	56.5	30
NZ_CAADLZ010000007.1	NC_009656.1	100.000	1593803	1593776	28	1	28	2.03e-05	52.8	28
NZ_CAADLZ010000007.1	NC_009656.1	100.000	2717945	2717918	28	1	28	2.03e-05	52.8	28
NZ_CAADLZ010000007.1	NC_009656.1	100.000	2889340	2889313	28	1	28	2.03e-05	52.8	28
NZ_CAADLZ010000018.1	NC_009656.1	98.259	2539765	2549873	10111	1	10109	0.0	17693	9935
NZ_CAADLZ010000025.1	NC_009656.1	100.000	1763165	1763197	33	9294	9326	1.32e-08	62.1	33
NZ_CAADLZ010000037.1	NC_009656.1	100.000	4369964	4369994	31	1	31	5.03e-07	58.4	31
NZ_CAADLZ010000037.1	NC_009656.1	100.000	6228650	6228620	31	1	31	5.03e-07	58.4	31
NZ_CAADLZ010000037.1	NC_009656.1	100.000	2430387	2430416	30	1	30	1.81e-06	56.5	30
NZ_CAADLZ010000037.1	NC_009656.1	100.000	2538409	2538380	30	1	30	1.81e-06	56.5	30
NZ_CAADLZ010000037.1	NC_009656.1	100.000	4563234	4563263	30	1	30	1.81e-06	56.5	30
NZ_CAADLZ010000037.1	NC_009656.1	100.000	4925425	4925396	30	1	30	1.81e-06	56.5	30
NZ_CAADLZ010000039.1	NC_009656.1	100.000	3189912	3189883	30	5723	5752	3.65e-07	56.5	30
NZ_CAADLZ010000045.1	NC_009656.1	100.000	879038	879009	30	13759	13788	8.78e-07	56.5	30
NZ_CAADLZ010000045.1	NC_009656.1	100.000	1054773	1054744	30	13759	13788	8.78e-07	56.5	30
NZ_CAADLZ010000048.1	NC_009656.1	100.000	2781582	2781553	30	30009	30038	1.91e-06	56.5	30
NZ_CAADLZ010000052.1	NC_009656.1	99.314	5566209	5571733	5543	1	5543	0.0	10009	5505
NZ_CAADLZ010000052.1	NC_009656.1	99.278	4982893	4988417	5543	1	5543	0.0	9998	5503
NZ_CAADLZ010000052.1	NC_009656.1	99.278	812269	806748	5540	4	5543	0.0	9993	5500
NZ_CAADLZ010000052.1	NC_009656.1	99.260	6353445	6358969	5543	1	5543	0.0	9993	5502
NZ_CAADLZ010000054.1	NC_009656.1	100.000	2390667	2390640	28	30118	30145	2.48e-05	52.8	28
NZ_CAADLZ010000054.1	NC_009656.1	100.000	2635974	2635947	28	30118	30145	2.48e-05	52.8	28
NZ_CAADLZ010000056.1	NC_009656.1	100.000	137377	137405	29	7668	7696	1.76e-06	54.7	29
NZ_CAADLZ010000057.1	NC_009656.1	100.000	4760196	4760165	32	7526	7557	3.86e-08	60.2	32
NZ_CAADLZ010000059.1	NC_009656.1	99.998	1985394	2029243	43850	1	43850	0.0	80971	43849
NZ_CAADLZ010000059.1	NC_009656.1	100.000	2002682	2002653	30	17260	17289	2.79e-06	56.5	30
NZ_CAADLZ010000061.1	NC_009656.1	100.000	509810	509837	28	6010	6037	8.93e-06	52.8	28
NZ_CAADLZ010000064.1	NC_009656.1	100.000	3447875	3447902	28	24244	24271	2.59e-05	52.8	28
NZ_CAADLZ010000072.1	NC_009656.1	100.000	4111419	4111448	30	1	30	2.50e-07	56.5	30
NZ_CAADLZ010000073.1	NC_009656.1	100.000	3582517	3582546	30	1	30	1.22e-06	56.5	30
NZ_CAADLZ010000081.1	NC_009656.1	100.000	1203622	1203654	33	16434	16466	2.72e-08	62.1	33
NZ_CAADLZ010000083.1	NC_009656.1	98.147	6408953	6416289	7340	1	7340	0.0	12798	7204
NZ_CAADLZ010000084.1	NC_009656.1	100.000	4589967	4589995	29	5202	5230	1.20e-06	54.7	29
NZ_CAADLZ010000084.1	NC_009656.1	100.000	4590081	4590109	29	5202	5230	1.20e-06	54.7	29
NZ_CAADLZ010000085.1	NC_009656.1	98.099	1236335	1239543	3209	1	3209	0.0	5589	3148
NZ_CAADLZ010000107.1	NC_009656.1	100.000	2888438	2888466	29	1	29	2.39e-06	54.7	29
NZ_CAADLZ010000107.1	NC_009656.1	100.000	4368785	4368758	28	1	28	8.58e-06	52.8	28
NZ_CAADLZ010000107.1	NC_009656.1	100.000	4826494	4826521	28	1	28	8.58e-06	52.8	28
NZ_CAADLZ010000107.1	NC_009656.1	100.000	4926605	4926632	28	1	28	8.58e-06	52.8	28
NZ_CAADLZ010000109.1	NC_009656.1	100.000	4883991	4883962	30	1	30	2.50e-07	56.5	30
NZ_CAADLZ010000110.1	NC_009656.1	100.000	5325827	5325799	29	40447	40475	9.28e-06	54.7	29
NZ_CAADLZ010000111.1	NC_009656.1	100.000	1567298	1567269	30	1	30	5.81e-07	56.5	30
NZ_CAADLZ010000111.1	NC_009656.1	100.000	5753123	5753094	30	9115	9144	5.81e-07	56.5	30
NZ_CAADLZ010000113.1	NC_009656.1	100.000	6512630	6512659	30	1	30	2.98e-07	56.5	30
NZ_CAADLZ010000115.1	NC_009656.1	99.835	4607711	4616789	9079	1	9079	0.0	16683	9064
NZ_CAADLZ010000120.1	NC_009656.1	98.485	4150354	4150289	66	2255	2320	1.20e-25	117	65
NZ_CAADLZ010000124.1	NC_009656.1	100.000	1254852	1254881	30	1	30	5.32e-07	56.5	30
NZ_CAADLZ010000138.1	NC_009656.1	98.387	6385695	6391895	6201	1725	7925	0.0	10898	6101
NZ_CAADLZ010000140.1	NC_009656.1	100.000	21361	21334	28	8471	8498	2.35e-05	52.8	28
NZ_CAADLZ010000141.1	NC_009656.1	100.000	1262272	1262302	31	1	31	2.06e-07	58.4	31
NZ_CAADLZ010000152.1	NC_009656.1	98.940	2318777	2319719	943	1	943	0.0	1687	933
NZ_CAADLZ010000158.1	NC_009656.1	100.000	1699797	1699769	29	7281	7309	2.68e-06	54.7	29
NZ_CAADLZ010000159.1	NC_009656.1	100.000	693714	694377	664	1	664	0.0	1227	664
NZ_CAADLZ010000159.1	NC_009656.1	100.000	5215425	5214762	664	1	664	0.0	1227	664
NZ_CAADLZ010000160.1	NC_009656.1	100.000	251390	251363	28	5553	5580	4.58e-06	52.8	28
NZ_CAADLZ010000161.1	NC_009656.1	99.290	706837	705429	1409	1	1409	0.0	2547	1399
NZ_CAADLZ010000161.1	NC_009656.1	99.290	5202302	5203710	1409	1	1409	0.0	2547	1399
NZ_CAADLZ010000171.1	NC_009656.1	100.000	3875009	3875038	30	1	30	5.63e-08	56.5	30
NZ_CAADLZ010000176.1	NC_009656.1	100.000	5326191	5326160	32	29636	29667	1.46e-07	60.2	32
NZ_CAADLZ010000176.1	NC_009656.1	100.000	3583926	3583955	30	29636	29665	1.89e-06	56.5	30
NZ_CAADLZ010000176.1	NC_009656.1	100.000	5295054	5295027	28	29637	29664	2.45e-05	52.8	28
NZ_CAADLZ010000189.1	NC_009656.1	100.000	700586	704108	3523	1	3523	0.0	6506	3523
NZ_CAADLZ010000189.1	NC_009656.1	98.554	5208553	5205031	3527	1	3523	0.0	6224	3476
NZ_CAADLZ010000192.1	NC_009656.1	100.000	3725240	3725269	30	13589	13618	8.67e-07	56.5	30
NZ_CAADLZ010000195.1	NC_009656.1	100.000	5497591	5497562	30	1	30	6.54e-07	56.5	30
NZ_CAADLZ010000200.1	NC_009656.1	100.000	4563236	4563265	30	1	30	8.76e-07	56.5	30
NZ_CAADLZ010000200.1	NC_009656.1	100.000	2538407	2538379	29	1	29	3.15e-06	54.7	29
NZ_CAADLZ010000200.1	NC_009656.1	100.000	2430389	2430416	28	1	28	1.13e-05	52.8	28
NZ_CAADLZ010000200.1	NC_009656.1	100.000	2887257	2887230	28	1	28	1.13e-05	52.8	28
NZ_CAADLZ010000200.1	NC_009656.1	100.000	4369966	4369993	28	1	28	1.13e-05	52.8	28
NZ_CAADLZ010000200.1	NC_009656.1	100.000	4825313	4825286	28	1	28	1.13e-05	52.8	28
NZ_CAADLZ010000200.1	NC_009656.1	100.000	4925423	4925396	28	1	28	1.13e-05	52.8	28
NZ_CAADLZ010000200.1	NC_009656.1	100.000	6228648	6228621	28	1	28	1.13e-05	52.8	28
NZ_CAADLZ010000202.1	NC_009656.1	100.000	4368757	4368786	30	7241	7270	4.62e-07	56.5	30
NZ_CAADLZ010000202.1	NC_009656.1	100.000	2888465	2888437	29	7242	7270	1.66e-06	54.7	29
NZ_CAADLZ010000202.1	NC_009656.1	100.000	4826521	4826493	29	7242	7270	1.66e-06	54.7	29
NZ_CAADLZ010000202.1	NC_009656.1	100.000	4926632	4926604	29	7242	7270	1.66e-06	54.7	29
NZ_CAADLZ010000208.1	NC_009656.1	100.000	6520030	6520058	29	15563	15591	3.57e-06	54.7	29
NZ_CAADLZ010000209.1	NC_009656.1	100.000	2343610	2343639	30	1	30	5.52e-07	56.5	30
NZ_CAADLZ010000210.1	NC_009656.1	100.000	3471885	3471854	32	2	33	6.00e-09	60.2	32
NZ_CAADLZ010000212.1	NC_009656.1	100.000	5089660	5089631	30	1	30	1.31e-06	56.5	30
NZ_CAADLZ010000214.1	NC_009656.1	100.000	2370356	2370383	28	1	28	7.60e-06	52.8	28
NZ_CAADLZ010000223.1	NC_009656.1	100.000	2717918	2717949	32	1	32	1.39e-08	60.2	32
NZ_CAADLZ010000223.1	NC_009656.1	100.000	2889313	2889342	30	1	30	1.80e-07	56.5	30
NZ_CAADLZ010000223.1	NC_009656.1	100.000	878988	878960	29	1	29	6.49e-07	54.7	29
NZ_CAADLZ010000227.1	NC_009656.1	100.000	2768330	2768302	29	1	29	1.26e-06	54.7	29
NZ_CAADLZ010000229.1	NC_009656.1	100.000	537623	537655	33	3148	3180	9.84e-09	62.1	33
NZ_CAADLZ010000231.1	NC_009656.1	100.000	5270206	5270177	30	5671	5700	3.62e-07	56.5	30
NZ_CAADLZ010000232.1	NC_009656.1	100.000	4775712	4775739	28	13706	13733	1.13e-05	52.8	28
NZ_CAADLZ010000233.1	NC_009656.1	98.780	6588258	6588339	82	1	82	4.13e-34	147	81
NZ_CAADLZ010000241.1	NC_009656.1	100.000	5800091	5800064	28	21247	21274	1.75e-05	52.8	28
NZ_CAADLZ010000241.1	NC_009656.1	100.000	6517407	6517434	28	21247	21274	1.75e-05	52.8	28
NZ_CAADLZ010000242.1	NC_009656.1	98.973	1247873	1239594	8280	1	8280	0.0	14820	8195
NZ_CAADLZ010000248.1	NC_009656.1	99.730	2821180	2822289	1110	34	1142	0.0	2032	1107
NZ_CAADLZ010000255.1	NC_009656.1	100.000	454882	454853	30	15961	15990	1.02e-06	56.5	30
NZ_CAADLZ010000258.1	NC_009656.1	98.283	832947	848608	15665	1	15661	0.0	27431	15396
NZ_CAADLZ010000258.1	NC_009656.1	98.387	816442	816503	62	1	62	7.55e-23	110	61
NZ_CAADLZ010000261.1	NC_009656.1	100.000	2269243	2269272	30	2550	2579	1.63e-07	56.5	30
NZ_CAADLZ010000262.1	NC_009656.1	100.000	699711	700615	905	1	905	0.0	1672	905
NZ_CAADLZ010000262.1	NC_009656.1	100.000	5209428	5208524	905	1	905	0.0	1672	905
NZ_CAADLZ010000265.1	NC_009656.1	100.000	1890531	1890503	29	864	892	9.17e-07	54.7	29
NZ_CAADLZ010000265.1	NC_009656.1	100.000	6498280	6498307	28	3997	4024	3.30e-06	52.8	28
NZ_CAADLZ010000268.1	NC_009656.1	100.000	1181193	1181165	29	3219	3247	3.52e-06	54.7	29
NZ_CAADLZ010000281.1	NC_009656.1	100.000	4368757	4368786	30	3183	3212	2.03e-07	56.5	30
NZ_CAADLZ010000281.1	NC_009656.1	100.000	2888465	2888437	29	3184	3212	7.31e-07	54.7	29
NZ_CAADLZ010000281.1	NC_009656.1	100.000	4826521	4826493	29	3184	3212	7.31e-07	54.7	29
NZ_CAADLZ010000281.1	NC_009656.1	100.000	4926632	4926604	29	3184	3212	7.31e-07	54.7	29
NZ_CAADLZ010000282.1	NC_009656.1	100.000	545663	545692	30	1	30	7.10e-07	56.5	30
NZ_CAADLZ010000282.1	NC_009656.1	100.000	857792	857764	29	1803	1831	2.55e-06	54.7	29
NZ_CAADLZ010000293.1	NC_009656.1	100.000	5219816	5218313	1504	1	1504	0.0	2778	1504
NZ_CAADLZ010000294.1	NC_009656.1	99.844	3860755	3861394	640	84	723	0.0	1177	639
NZ_CAADLZ010000294.1	NC_009656.1	100.000	116188	116354	167	2075	2241	1.32e-83	309	167
NZ_CAADLZ010000294.1	NC_009656.1	100.000	5497591	5497561	31	1	31	5.29e-08	58.4	31
NZ_CAADLZ010000294.1	NC_009656.1	100.000	5512510	5512539	30	1	30	1.90e-07	56.5	30
NZ_CAADLZ010000303.1	NC_009656.1	100.000	4659330	4659359	30	1	30	5.78e-07	56.5	30
NZ_CAADLZ010000303.1	NC_009656.1	100.000	5325769	5325798	30	1	30	5.78e-07	56.5	30
NZ_CAADLZ010000306.1	NC_009656.1	100.000	5270168	5270197	30	587	616	3.79e-08	56.5	30
NZ_CAADLZ010000311.1	NC_009656.1	100.000	1254868	1254839	30	1	30	3.11e-07	56.5	30
NZ_CAADLZ010000311.1	NC_009656.1	100.000	2768302	2768330	29	4879	4907	1.12e-06	54.7	29
NZ_CAADLZ010000329.1	NC_009656.1	98.665	4856519	4847453	9067	1	9064	0.0	16070	8946
NZ_CAADLZ010000331.1	NC_009656.1	98.533	5140330	5145374	5045	1	5045	0.0	8907	4971
NZ_CAADLZ010000335.1	NC_009656.1	100.000	2497716	2497689	28	5365	5392	1.32e-05	52.8	28
NZ_CAADLZ010000339.1	NC_009656.1	100.000	5326000	5325971	30	8826	8855	5.63e-07	56.5	30
NZ_CAADLZ010000352.1	NC_009656.1	99.665	4592127	4601669	9546	1	9544	0.0	17446	9514
NZ_CAADLZ010000352.1	NC_009656.1	98.333	4602956	4603015	60	9572	9631	6.00e-22	106	59
NZ_CAADLZ010000354.1	NC_009656.1	100.000	5782615	5782646	32	6205	6236	8.62e-08	60.2	32
NZ_CAADLZ010000354.1	NC_009656.1	100.000	2102744	2102715	30	17484	17513	1.12e-06	56.5	30
NZ_CAADLZ010000365.1	NC_009656.1	98.147	75521	72068	3454	5	3458	0.0	6024	3390
NZ_CAADLZ010000370.1	NC_009656.1	100.000	3966447	3966418	30	1192	1221	7.64e-08	56.5	30
NZ_CAADLZ010000375.1	NC_009656.1	98.755	3000510	2993124	7388	27	7414	0.0	13132	7296
NZ_CAADLZ010000382.1	NC_009656.1	100.000	2888438	2888466	29	1	29	1.60e-06	54.7	29
NZ_CAADLZ010000382.1	NC_009656.1	100.000	4368785	4368758	28	1	28	5.75e-06	52.8	28
NZ_CAADLZ010000382.1	NC_009656.1	100.000	4826494	4826521	28	1	28	5.75e-06	52.8	28
NZ_CAADLZ010000382.1	NC_009656.1	100.000	4926605	4926632	28	1	28	5.75e-06	52.8	28
NZ_CAADLZ010000384.1	NC_009656.1	100.000	377668	377639	30	10222	10251	1.15e-06	56.5	30
NZ_CAADLZ010000390.1	NC_009656.1	100.000	4278405	4278434	30	1	30	8.42e-07	56.5	30
NZ_CAADLZ010000395.1	NC_009656.1	100.000	1593810	1593783	28	3223	3250	2.66e-06	52.8	28
NZ_CAADLZ010000399.1	NC_009656.1	100.000	5587600	5587627	28	7593	7620	6.27e-06	52.8	28
NZ_CAADLZ010000401.1	NC_009656.1	98.254	2988426	2989684	1260	1	1260	0.0	2204	1238
NZ_CAADLZ010000405.1	NC_009656.1	98.037	566634	569128	2496	1	2495	0.0	4337	2447
NZ_CAADLZ010000415.1	NC_009656.1	100.000	2892874	2892845	30	1	30	1.54e-06	56.5	30
NZ_CAADLZ010000418.1	NC_009656.1	100.000	139953	139981	29	1	29	1.39e-06	54.7	29
NZ_CAADLZ010000419.1	NC_009656.1	98.387	492100	488635	3472	1	3471	0.0	6095	3416
NZ_CAADLZ010000419.1	NC_009656.1	98.029	481626	478431	3196	3491	6686	0.0	5553	3133
NZ_CAADLZ010000419.1	NC_009656.1	100.000	1791580	1791551	30	6657	6686	4.25e-07	56.5	30
NZ_CAADLZ010000424.1	NC_009656.1	100.000	3932511	3932484	28	17290	17317	1.43e-05	52.8	28
NZ_CAADLZ010000425.1	NC_009656.1	100.000	2359776	2359747	30	13597	13626	8.67e-07	56.5	30
NZ_CAADLZ010000426.1	NC_009656.1	99.033	5800788	5800065	724	1	724	0.0	1299	717
NZ_CAADLZ010000435.1	NC_009656.1	98.992	492079	495153	3075	1	3072	0.0	5504	3044
NZ_CAADLZ010000438.1	NC_009656.1	100.000	3631481	3631511	31	1	31	1.28e-07	58.4	31
NZ_CAADLZ010000442.1	NC_009656.1	100.000	692651	691147	1505	1	1505	0.0	2780	1505
NZ_CAADLZ010000442.1	NC_009656.1	99.934	5216488	5217992	1505	1	1505	0.0	2774	1504
NZ_CAADLZ010000443.1	NC_009656.1	100.000	525205	525172	34	1	34	4.53e-09	63.9	34
NZ_CAADLZ010000444.1	NC_009656.1	98.182	3232651	3232705	55	11412	11466	4.30e-19	97.1	54
NZ_CAADLZ010000445.1	NC_009656.1	100.000	630154	630183	30	1	30	7.02e-07	56.5	30
NZ_CAADLZ010000457.1	NC_009656.1	100.000	6397271	6397298	28	22517	22544	2.52e-05	52.8	28
NZ_CAADLZ010000465.1	NC_009656.1	100.000	3934846	3934817	30	1	30	4.96e-07	56.5	30
NZ_CAADLZ010000478.1	NC_009656.1	98.134	2321994	2319691	2304	21854	24157	0.0	4017	2261
NZ_CAADLZ010000478.1	NC_009656.1	100.000	3387614	3387642	29	22323	22351	5.53e-06	54.7	29
NZ_CAADLZ010000479.1	NC_009656.1	99.471	694388	696088	1701	1	1701	0.0	3092	1692
NZ_CAADLZ010000479.1	NC_009656.1	99.001	5214751	5213051	1701	1	1701	0.0	3048	1684
NZ_CAADLZ010000480.1	NC_009656.1	99.982	6232487	6249192	16706	2108	18813	0.0	30834	16703
NZ_CAADLZ010000480.1	NC_009656.1	100.000	6231111	6231152	42	2068	2109	2.56e-13	78.7	42
NZ_CAADLZ010000485.1	NC_009656.1	99.768	3162516	3173731	11216	1	11215	0.0	20567	11190
NZ_CAADLZ010000485.1	NC_009656.1	100.000	139981	139953	29	11216	11244	2.57e-06	54.7	29
NZ_CAADLZ010000486.1	NC_009656.1	100.000	5674213	5674243	31	5743	5773	1.02e-07	58.4	31
NZ_CAADLZ010000500.1	NC_009656.1	100.000	1558077	1558048	30	1372	1401	8.79e-08	56.5	30
NZ_CAADLZ010000500.1	NC_009656.1	100.000	5798868	5798839	30	187	216	8.79e-08	56.5	30
NZ_CAADLZ010000501.1	NC_009656.1	100.000	3926978	3927006	29	4531	4559	1.29e-06	54.7	29
NZ_CAADLZ010000508.1	NC_009656.1	98.447	3017199	3019645	2447	1	2447	0.0	4309	2409
NZ_CAADLZ010000519.1	NC_009656.1	98.037	5756303	5753094	3210	1	3210	0.0	5579	3147
NZ_CAADLZ010000519.1	NC_009656.1	100.000	1009457	1009486	30	2500	2529	2.03e-07	56.5	30
NZ_CAADLZ010000519.1	NC_009656.1	100.000	6517439	6517410	30	3181	3210	2.03e-07	56.5	30
NZ_CAADLZ010000523.1	NC_009656.1	100.000	1934683	1934655	29	6917	6945	1.59e-06	54.7	29
NZ_CAADLZ010000531.1	NC_009656.1	99.984	6250886	6257278	6393	2382	8774	0.0	11801	6392
NZ_CAADLZ010000531.1	NC_009656.1	100.000	6250416	6250889	474	893	1366	0.0	876	474
NZ_CAADLZ010000531.1	NC_009656.1	100.000	6250105	6250417	313	1	313	2.68e-164	579	313
NZ_CAADLZ010000535.1	NC_009656.1	98.035	816442	830997	14557	1	14556	0.0	25296	14271
NZ_CAADLZ010000538.1	NC_009656.1	100.000	4728240	4728212	29	1	29	4.89e-07	54.7	29
NZ_CAADLZ010000540.1	NC_009656.1	100.000	1983353	1981772	1582	1	1582	0.0	2922	1582
NZ_CAADLZ010000552.1	NC_009656.1	100.000	5169553	5169524	30	5863	5892	4.43e-07	56.5	30
NZ_CAADLZ010000553.1	NC_009656.1	99.196	4621751	4616778	4974	1	4968	0.0	8959	4934
NZ_CAADLZ010000561.1	NC_009656.1	98.365	5888259	5882878	5383	1	5383	0.0	9452	5295
NZ_CAADLZ010000568.1	NC_009656.1	100.000	4223434	4223463	30	1	30	1.30e-07	56.5	30
NZ_CAADLZ010000574.1	NC_009656.1	100.000	103451	103479	29	11469	11497	3.26e-06	54.7	29
NZ_CAADLZ010000581.1	NC_009656.1	100.000	5054936	5054907	30	6128	6157	3.91e-07	56.5	30
NZ_CAADLZ010000582.1	NC_009656.1	98.265	5758867	5756274	2594	5017	7604	0.0	4536	2549
NZ_CAADLZ010000582.1	NC_009656.1	100.000	1730773	1730800	28	1	28	6.25e-06	52.8	28
NZ_CAADLZ010000584.1	NC_009656.1	100.000	2993144	2993115	30	13894	13923	8.86e-07	56.5	30
NZ_CAADLZ010000584.1	NC_009656.1	100.000	6056797	6056768	30	13894	13923	8.86e-07	56.5	30
NZ_CAADLZ010000588.1	NC_009656.1	98.188	5800077	5799195	883	1	883	0.0	1543	867
NZ_CAADLZ010000590.1	NC_009656.1	100.000	2299174	2299145	30	1	30	1.84e-06	56.5	30
NZ_CAADLZ010000592.1	NC_009656.1	99.208	5199168	5193612	5557	1	5557	0.0	10019	5513
NZ_CAADLZ010000592.1	NC_009656.1	98.794	709971	715527	5557	1	5557	0.0	9891	5490
NZ_CAADLZ010000600.1	NC_009656.1	100.000	1054820	1054791	30	13145	13174	8.38e-07	56.5	30
NZ_CAADLZ010000605.1	NC_009656.1	100.000	2390828	2390799	30	12152	12181	7.75e-07	56.5	30
NZ_CAADLZ010000607.1	NC_009656.1	100.000	1593780	1593807	28	1	28	7.30e-06	52.8	28
NZ_CAADLZ010000607.1	NC_009656.1	100.000	2889317	2889344	28	1	28	7.30e-06	52.8	28
NZ_CAADLZ010000618.1	NC_009656.1	100.000	6347719	6347752	34	2866	2899	2.18e-09	63.9	34
NZ_CAADLZ010000625.1	NC_009656.1	100.000	5831026	5831055	30	2575	2604	1.65e-07	56.5	30
NZ_CAADLZ010000626.1	NC_009656.1	100.000	692904	693687	784	1	784	0.0	1448	784
NZ_CAADLZ010000626.1	NC_009656.1	100.000	5216235	5215452	784	1	784	0.0	1448	784
NZ_CAADLZ010000627.1	NC_009656.1	100.000	5838963	5838935	29	895	923	5.63e-07	54.7	29
NZ_CAADLZ010000628.1	NC_009656.1	98.682	6416977	6416295	683	1	683	0.0	1212	674
NZ_CAADLZ010000646.1	NC_009656.1	98.535	51468	52900	1433	1	1433	0.0	2531	1412
NZ_CAADLZ010000646.1	NC_009656.1	98.032	2817313	2818378	1067	384	1450	0.0	1853	1046
NZ_CAADLZ010000649.1	NC_009656.1	100.000	6526508	6526479	30	1	30	4.15e-07	56.5	30
NZ_CAADLZ010000654.1	NC_009656.1	100.000	4825284	4825314	31	19390	19420	3.44e-07	58.4	31
NZ_CAADLZ010000654.1	NC_009656.1	100.000	2430417	2430388	30	19391	19420	1.24e-06	56.5	30
NZ_CAADLZ010000654.1	NC_009656.1	100.000	2538380	2538408	29	19392	19420	4.45e-06	54.7	29
NZ_CAADLZ010000654.1	NC_009656.1	100.000	2887230	2887258	29	19392	19420	4.45e-06	54.7	29
NZ_CAADLZ010000654.1	NC_009656.1	100.000	4369993	4369965	29	19392	19420	4.45e-06	54.7	29
NZ_CAADLZ010000654.1	NC_009656.1	100.000	4563263	4563235	29	19392	19420	4.45e-06	54.7	29
NZ_CAADLZ010000654.1	NC_009656.1	100.000	4925396	4925424	29	19392	19420	4.45e-06	54.7	29
NZ_CAADLZ010000654.1	NC_009656.1	100.000	6228621	6228649	29	19392	19420	4.45e-06	54.7	29
NZ_CAADLZ010000655.1	NC_009656.1	99.888	5220678	5219787	892	1	892	0.0	1642	891
NZ_CAADLZ010000658.1	NC_009656.1	98.150	3029394	3021944	7460	21	7479	0.0	13003	7322
NZ_CAADLZ010000660.1	NC_009656.1	100.000	2917956	2917918	39	1322	1360	2.40e-12	73.1	39
NZ_CAADLZ010000660.1	NC_009656.1	100.000	865996	865967	30	1	30	2.42e-07	56.5	30
NZ_CAADLZ010000662.1	NC_009656.1	99.730	5210487	5213080	2594	1	2594	0.0	4752	2587
NZ_CAADLZ010000662.1	NC_009656.1	99.653	698652	696059	2594	1	2594	0.0	4741	2585
NZ_CAADLZ010000669.1	NC_009656.1	99.184	708913	706830	2084	1	2084	0.0	3755	2067
NZ_CAADLZ010000669.1	NC_009656.1	99.184	5200226	5202309	2084	1	2084	0.0	3755	2067
NZ_CAADLZ010000672.1	NC_009656.1	98.555	2831135	2829752	1384	20	1402	0.0	2444	1364
NZ_CAADLZ010000673.1	NC_009656.1	98.199	667295	662856	4441	1	4439	0.0	7755	4361
NZ_CAADLZ010000673.1	NC_009656.1	100.000	5110450	5110423	28	4412	4439	3.64e-06	52.8	28
NZ_CAADLZ010000675.1	NC_009656.1	100.000	5397323	5397294	30	1	30	1.50e-07	56.5	30
NZ_CAADLZ010000676.1	NC_009656.1	100.000	5674215	5674245	31	1	31	2.41e-08	58.4	31
NZ_CAADLZ010000679.1	NC_009656.1	100.000	2538378	2538408	31	4343	4373	7.71e-08	58.4	31
NZ_CAADLZ010000679.1	NC_009656.1	100.000	4563264	4563235	30	4344	4373	2.77e-07	56.5	30
NZ_CAADLZ010000679.1	NC_009656.1	100.000	2430416	2430388	29	4345	4373	9.97e-07	54.7	29
NZ_CAADLZ010000679.1	NC_009656.1	100.000	2887230	2887258	29	4345	4373	9.97e-07	54.7	29
NZ_CAADLZ010000679.1	NC_009656.1	100.000	4369993	4369965	29	4345	4373	9.97e-07	54.7	29
NZ_CAADLZ010000679.1	NC_009656.1	100.000	4825286	4825314	29	4345	4373	9.97e-07	54.7	29
NZ_CAADLZ010000679.1	NC_009656.1	100.000	4925396	4925424	29	4345	4373	9.97e-07	54.7	29
NZ_CAADLZ010000679.1	NC_009656.1	100.000	6228621	6228649	29	4345	4373	9.97e-07	54.7	29
NZ_CAADLZ010000681.1	NC_009656.1	100.000	3794381	3794409	29	1324	1352	7.75e-07	54.7	29
NZ_CAADLZ010000685.1	NC_009656.1	98.107	397222	400179	2958	1	2958	0.0	5153	2902
NZ_CAADLZ010000703.1	NC_009656.1	100.000	2370383	2370356	28	847	874	7.02e-07	52.8	28
NZ_CAADLZ010000705.1	NC_009656.1	98.642	2988248	2976472	11778	1	11777	0.0	20862	11618
NZ_CAADLZ010000706.1	NC_009656.1	98.421	478459	477320	1140	1	1140	0.0	2006	1122
NZ_CAADLZ010000707.1	NC_009656.1	100.000	566114	566142	29	6507	6535	1.92e-06	54.7	29
NZ_CAADLZ010000709.1	NC_009656.1	100.000	5221098	5221132	35	606	640	5.69e-10	65.8	35
NZ_CAADLZ010000720.1	NC_009656.1	100.000	2038287	2038258	30	16956	16985	1.08e-06	56.5	30
NZ_CAADLZ010000720.1	NC_009656.1	100.000	1038095	1038123	29	10905	10933	3.89e-06	54.7	29
NZ_CAADLZ010000723.1	NC_009656.1	100.000	454851	454880	30	8808	8837	5.62e-07	56.5	30
NZ_CAADLZ010000724.1	NC_009656.1	100.000	1985390	1983336	2055	1	2055	0.0	3795	2055
NZ_CAADLZ010000726.1	NC_009656.1	100.000	4926634	4926603	32	12415	12446	6.12e-08	60.2	32
NZ_CAADLZ010000726.1	NC_009656.1	100.000	4826522	4826492	31	12416	12446	2.20e-07	58.4	31
NZ_CAADLZ010000726.1	NC_009656.1	100.000	2888465	2888436	30	12417	12446	7.92e-07	56.5	30
NZ_CAADLZ010000726.1	NC_009656.1	100.000	4368758	4368787	30	12417	12446	7.92e-07	56.5	30
NZ_CAADLZ010000731.1	NC_009656.1	99.913	5508623	5509772	1150	29	1178	0.0	2119	1149
NZ_CAADLZ010000731.1	NC_009656.1	100.000	5498441	5498414	28	2447	2474	2.02e-06	52.8	28
NZ_CAADLZ010000731.1	NC_009656.1	100.000	5511687	5511660	28	1	28	2.02e-06	52.8	28
NZ_CAADLZ010000731.1	NC_009656.1	100.000	5511660	5511687	28	2447	2474	2.02e-06	52.8	28
NZ_CAADLZ010000733.1	NC_009656.1	100.000	5089668	5089639	30	1617	1646	1.03e-07	56.5	30
NZ_CAADLZ010000737.1	NC_009656.1	100.000	2520161	2520132	30	1	30	1.05e-06	56.5	30
NZ_CAADLZ010000742.1	NC_009656.1	100.000	3189872	3189901	30	1	30	2.30e-07	56.5	30
NZ_CAADLZ010000742.1	NC_009656.1	100.000	3309012	3308983	30	1	30	2.30e-07	56.5	30
NZ_CAADLZ010000746.1	NC_009656.1	98.178	709895	708963	933	1	933	0.0	1629	916
NZ_CAADLZ010000746.1	NC_009656.1	98.178	5199244	5200176	933	1	933	0.0	1629	916
NZ_CAADLZ010000747.1	NC_009656.1	98.249	432500	431930	571	1	571	0.0	1000	561
NZ_CAADLZ010000755.1	NC_009656.1	100.000	5089664	5089635	30	1	30	6.92e-07	56.5	30
NZ_CAADLZ010000758.1	NC_009656.1	99.908	698649	699730	1082	1	1082	0.0	1993	1081
NZ_CAADLZ010000758.1	NC_009656.1	99.908	5210490	5209409	1082	1	1082	0.0	1993	1081
NZ_CAADLZ010000768.1	NC_009656.1	100.000	4728077	4728105	29	1	29	7.68e-07	54.7	29
NZ_CAADLZ010000774.1	NC_009656.1	100.000	1593803	1593775	29	1	29	1.90e-06	54.7	29
NZ_CAADLZ010000774.1	NC_009656.1	100.000	2717945	2717917	29	1	29	1.90e-06	54.7	29
NZ_CAADLZ010000774.1	NC_009656.1	100.000	2889340	2889312	29	1	29	1.90e-06	54.7	29
NZ_CAADLZ010000776.1	NC_009656.1	100.000	4659340	4659312	29	1	29	6.77e-07	54.7	29
NZ_CAADLZ010000780.1	NC_009656.1	98.796	2973430	2976501	3072	1	3072	0.0	5469	3035
NZ_CAADLZ010000790.1	NC_009656.1	100.000	1900375	1900404	30	1	30	2.92e-07	56.5	30
NZ_CAADLZ010000791.1	NC_009656.1	98.451	4832443	4835927	3486	1	3484	0.0	6135	3432
NZ_CAADLZ010000792.1	NC_009656.1	98.709	401901	400275	1627	1	1627	0.0	2889	1606
NZ_CAADLZ010000793.1	NC_009656.1	100.000	2078326	2078354	29	1	29	1.94e-06	54.7	29
NZ_CAADLZ010000794.1	NC_009656.1	99.886	5497562	5498441	880	1	880	0.0	1620	879
NZ_CAADLZ010000794.1	NC_009656.1	99.886	5512539	5511660	880	1	880	0.0	1620	879
NZ_CAADLZ010000804.1	NC_009656.1	98.592	5412979	5412909	71	2689	2759	3.01e-28	126	70
NZ_CAADLZ010000806.1	NC_009656.1	100.000	4563265	4563236	30	4226	4255	2.70e-07	56.5	30
NZ_CAADLZ010000806.1	NC_009656.1	100.000	2538379	2538407	29	4227	4255	9.70e-07	54.7	29
NZ_CAADLZ010000806.1	NC_009656.1	100.000	2430416	2430389	28	4228	4255	3.49e-06	52.8	28
NZ_CAADLZ010000806.1	NC_009656.1	100.000	2887230	2887257	28	4228	4255	3.49e-06	52.8	28
NZ_CAADLZ010000806.1	NC_009656.1	100.000	4369993	4369966	28	4228	4255	3.49e-06	52.8	28
NZ_CAADLZ010000806.1	NC_009656.1	100.000	4825286	4825313	28	4228	4255	3.49e-06	52.8	28
NZ_CAADLZ010000806.1	NC_009656.1	100.000	4925396	4925423	28	4228	4255	3.49e-06	52.8	28
NZ_CAADLZ010000815.1	NC_009656.1	100.000	6228278	6228622	345	1	345	0.0	638	345
NZ_CAADLZ010000816.1	NC_009656.1	98.542	5888905	5888220	686	1	686	0.0	1212	676
NZ_CAADLZ010000819.1	NC_009656.1	100.000	2321525	2321497	29	4224	4252	1.77e-06	54.7	29
NZ_CAADLZ010000824.1	NC_009656.1	100.000	2430388	2430417	30	1	30	3.02e-07	56.5	30
NZ_CAADLZ010000824.1	NC_009656.1	100.000	2538408	2538380	29	1	29	1.08e-06	54.7	29
NZ_CAADLZ010000824.1	NC_009656.1	100.000	2887258	2887230	29	1	29	1.08e-06	54.7	29
NZ_CAADLZ010000824.1	NC_009656.1	100.000	4369965	4369993	29	1	29	1.08e-06	54.7	29
NZ_CAADLZ010000824.1	NC_009656.1	100.000	4563235	4563263	29	1	29	1.08e-06	54.7	29
NZ_CAADLZ010000824.1	NC_009656.1	100.000	4925424	4925396	29	1	29	1.08e-06	54.7	29
NZ_CAADLZ010000824.1	NC_009656.1	100.000	6228649	6228621	29	1	29	1.08e-06	54.7	29
NZ_CAADLZ010000827.1	NC_009656.1	100.000	207193	207158	36	2675	2710	1.32e-10	67.6	36
NZ_CAADLZ010000827.1	NC_009656.1	100.000	4275878	4275848	31	2677	2707	7.95e-08	58.4	31
NZ_CAADLZ010000831.1	NC_009656.1	100.000	5398170	5398199	30	1	30	1.69e-07	56.5	30
NZ_CAADLZ010000836.1	NC_009656.1	98.119	831873	830970	904	1	904	0.0	1576	887
NZ_CAADLZ010000838.1	NC_009656.1	98.532	3019720	3021829	2111	55	2163	0.0	3723	2080
NZ_CAADLZ010000838.1	NC_009656.1	100.000	3002227	3002256	30	2134	2163	1.36e-07	56.5	30
NZ_CAADLZ010000849.1	NC_009656.1	98.013	295767	292144	3624	1	3623	0.0	6292	3552
NZ_CAADLZ010000853.1	NC_009656.1	98.795	218738	216499	2240	1	2240	0.0	3988	2213
NZ_CAADLZ010000864.1	NC_009656.1	100.000	5191461	5193568	2108	1	2108	0.0	3893	2108
NZ_CAADLZ010000869.1	NC_009656.1	100.000	2882630	2882601	30	1	30	1.90e-07	56.5	30
NZ_CAADLZ010000872.1	NC_009656.1	98.119	584571	583881	691	1	691	0.0	1205	678
NZ_CAADLZ010000875.1	NC_009656.1	99.220	2990936	2989655	1282	1	1282	0.0	2313	1272
NZ_CAADLZ010000877.1	NC_009656.1	98.235	815339	816471	1133	1	1133	0.0	1982	1113
NZ_CAADLZ010000894.1	NC_009656.1	100.000	540811	540782	30	1689	1718	1.08e-07	56.5	30
NZ_CAADLZ010000901.1	NC_009656.1	100.000	2038208	2038237	30	780	809	5.01e-08	56.5	30
NZ_CAADLZ010000901.1	NC_009656.1	100.000	2038500	2038528	29	781	809	1.80e-07	54.7	29
NZ_CAADLZ010000906.1	NC_009656.1	98.787	76101	75525	577	7707	8283	0.0	1027	570
NZ_CAADLZ010000910.1	NC_009656.1	100.000	4162900	4162872	29	2461	2489	5.65e-07	54.7	29
NZ_CAADLZ010000921.1	NC_009656.1	100.000	3038642	3038685	44	1	44	6.92e-15	82.4	44
NZ_CAADLZ010000926.1	NC_009656.1	98.301	5078094	5079505	1413	1	1413	0.0	2475	1389
NZ_CAADLZ010000927.1	NC_009656.1	98.062	4830689	4832236	1548	1	1548	0.0	2693	1518
NZ_CAADLZ010000931.1	NC_009656.1	100.000	6195222	6195251	30	840	869	5.40e-08	56.5	30
NZ_CAADLZ010000938.1	NC_009656.1	100.000	2572799	2572834	36	805	840	2.41e-11	67.6	36
NZ_CAADLZ010000945.1	NC_009656.1	98.367	2882608	2883403	796	1	796	0.0	1399	783
NZ_CAADLZ010000949.1	NC_009656.1	100.000	6298955	6298926	30	8419	8448	5.37e-07	56.5	30
NZ_CAADLZ010000952.1	NC_009656.1	98.612	2768331	2766603	1729	1	1729	0.0	3061	1705
NZ_CAADLZ010000952.1	NC_009656.1	100.000	540787	540816	30	1	30	1.09e-07	56.5	30
NZ_CAADLZ010000959.1	NC_009656.1	98.239	4621734	4623096	1363	1	1363	0.0	2385	1339
NZ_CAADLZ010000960.1	NC_009656.1	99.386	3184177	3184990	814	703	1516	0.0	1476	809
NZ_CAADLZ010000964.1	NC_009656.1	100.000	5270194	5270165	30	1	30	4.80e-08	56.5	30
NZ_CAADLZ010000964.1	NC_009656.1	100.000	1934655	1934683	29	1	29	1.72e-07	54.7	29
NZ_CAADLZ010000968.1	NC_009656.1	98.039	1730680	1728539	2142	69	2209	0.0	3722	2100
NZ_CAADLZ010000980.1	NC_009656.1	100.000	2539655	2539732	78	715	792	1.02e-34	145	78
NZ_CAADLZ010000980.1	NC_009656.1	100.000	2888437	2888466	30	1	30	4.90e-08	56.5	30
NZ_CAADLZ010000980.1	NC_009656.1	100.000	4368786	4368758	29	1	29	1.76e-07	54.7	29
NZ_CAADLZ010000980.1	NC_009656.1	100.000	4826493	4826521	29	1	29	1.76e-07	54.7	29
NZ_CAADLZ010000980.1	NC_009656.1	100.000	4926604	4926632	29	1	29	1.76e-07	54.7	29
NZ_CAADLZ010000984.1	NC_009656.1	100.000	56285	56257	29	770	798	1.78e-07	54.7	29
NZ_CAADLZ010000984.1	NC_009656.1	100.000	2829747	2829719	29	770	798	1.78e-07	54.7	29
NZ_CAADLZ010000984.1	NC_009656.1	100.000	2834564	2834536	29	770	798	1.78e-07	54.7	29
NZ_CAADLZ010000990.1	NC_009656.1	99.404	3914848	3913506	1343	4	1346	0.0	2436	1335
NZ_CAADLZ010000993.1	NC_009656.1	100.000	381450	381421	30	1725	1754	1.10e-07	56.5	30
NZ_CAADLZ010000995.1	NC_009656.1	99.842	2811485	2810852	634	1	634	0.0	1166	633
NZ_CAADLZ010000995.1	NC_009656.1	99.842	2824336	2823703	634	1	634	0.0	1166	633
NZ_CAADLZ010000997.1	NC_009656.1	100.000	1934681	1934652	30	746	775	4.80e-08	56.5	30
NZ_CAADLZ010001007.1	NC_009656.1	100.000	3725269	3725240	30	606	635	3.90e-08	56.5	30
NZ_CAADLZ010001016.1	NC_009656.1	99.038	2826699	2826802	104	899	1002	2.18e-47	187	103
NZ_CAADLZ010001019.1	NC_009656.1	98.179	2729326	2728778	549	1	549	0.0	959	539
NZ_CAADLZ010001021.1	NC_009656.1	100.000	3490062	3490091	30	1	30	1.88e-07	56.5	30
NZ_CAADLZ010001022.1	NC_009656.1	100.000	2390591	2390620	30	3225	3254	2.06e-07	56.5	30
NZ_CAADLZ010001022.1	NC_009656.1	100.000	2390752	2390780	29	3226	3254	7.41e-07	54.7	29
NZ_CAADLZ010001032.1	NC_009656.1	100.000	4162896	4162867	30	1	30	1.34e-07	56.5	30
NZ_CAADLZ010001033.1	NC_009656.1	100.000	5674214	5674243	30	990	1019	6.35e-08	56.5	30
NZ_CAADLZ010001035.1	NC_009656.1	98.534	56281	55668	614	1	614	0.0	1085	605
NZ_CAADLZ010001035.1	NC_009656.1	98.097	2834560	2833983	578	1	578	0.0	1007	567
NZ_CAADLZ010001035.1	NC_009656.1	99.744	2813587	2813197	391	224	614	0.0	717	390
NZ_CAADLZ010001035.1	NC_009656.1	98.721	2831713	2831323	391	224	614	0.0	695	386
NZ_CAADLZ010001035.1	NC_009656.1	100.000	2813020	2813049	30	1	30	3.78e-08	56.5	30
NZ_CAADLZ010001035.1	NC_009656.1	100.000	2831146	2831175	30	1	30	3.78e-08	56.5	30
NZ_CAADLZ010001035.1	NC_009656.1	100.000	2829743	2829715	29	1	29	1.36e-07	54.7	29
NZ_CAADLZ010001036.1	NC_009656.1	100.000	478460	478431	30	1975	2004	1.26e-07	56.5	30
NZ_CAADLZ010001036.1	NC_009656.1	100.000	6520059	6520030	30	1975	2004	1.26e-07	56.5	30
NZ_CAADLZ010001037.1	NC_009656.1	100.000	3583927	3583958	32	2	33	3.90e-09	60.2	32
NZ_CAADLZ010001037.1	NC_009656.1	100.000	2370350	2370378	29	2	30	1.81e-07	54.7	29
NZ_CAADLZ010001037.1	NC_009656.1	100.000	5295055	5295027	29	1	29	1.81e-07	54.7	29
NZ_CAADLZ010001037.1	NC_009656.1	100.000	5326190	5326162	29	2	30	1.81e-07	54.7	29
NZ_CAADLZ010001037.1	NC_009656.1	100.000	5110450	5110423	28	2	29	6.53e-07	52.8	28
NZ_CAADLZ010001039.1	NC_009656.1	100.000	4797728	4797757	30	1936	1965	1.24e-07	56.5	30
NZ_CAADLZ010001042.1	NC_009656.1	100.000	139981	139952	30	2617	2646	1.67e-07	56.5	30
NZ_CAADLZ010001043.1	NC_009656.1	99.219	2833853	2833980	128	30	157	9.26e-61	231	127
NZ_CAADLZ010001045.1	NC_009656.1	100.000	6257633	6258565	933	1	933	0.0	1724	933
NZ_CAADLZ010001045.1	NC_009656.1	100.000	94210	94238	29	932	960	2.16e-07	54.7	29
NZ_CAADLZ010001050.1	NC_009656.1	98.223	2521061	2520274	788	431	1218	0.0	1378	774
NZ_CAADLZ010001050.1	NC_009656.1	100.000	2521459	2521060	400	1	400	0.0	739	400
NZ_CAADLZ010001054.1	NC_009656.1	100.000	2829718	2829749	32	1	32	6.73e-09	60.2	32
NZ_CAADLZ010001054.1	NC_009656.1	100.000	2834535	2834565	31	1	31	2.42e-08	58.4	31
NZ_CAADLZ010001054.1	NC_009656.1	100.000	2813045	2813018	28	1	28	1.13e-06	52.8	28
NZ_CAADLZ010001054.1	NC_009656.1	100.000	2831171	2831144	28	1	28	1.13e-06	52.8	28
NZ_CAADLZ010001057.1	NC_009656.1	100.000	2370352	2370381	30	778	807	5.00e-08	56.5	30
NZ_CAADLZ010001059.1	NC_009656.1	98.866	3835430	3834902	529	1	529	0.0	944	523
NZ_CAADLZ010001062.1	NC_009656.1	98.647	2884042	2883378	665	15	679	0.0	1179	656
NZ_CAADLZ010001076.1	NC_009656.1	99.873	6249343	6250128	786	1	786	0.0	1447	785
NZ_CAADLZ010001091.1	NC_009656.1	100.000	630150	630179	30	657	686	4.23e-08	56.5	30
NZ_CAADLZ010001092.1	NC_009656.1	100.000	111852	111880	29	1	29	2.08e-07	54.7	29
NZ_CAADLZ010001104.1	NC_009656.1	100.000	533592	533621	30	2705	2734	1.73e-07	56.5	30
NZ_CAADLZ010001111.1	NC_009656.1	100.000	2819327	2819293	35	1156	1190	1.26e-10	65.8	35
NZ_CAADLZ010001112.1	NC_009656.1	99.064	4182662	4183195	534	1	534	0.0	959	529
NZ_CAADLZ010001112.1	NC_009656.1	100.000	5587627	5587599	29	3	31	1.17e-07	54.7	29
NZ_CAADLZ010001121.1	NC_009656.1	100.000	5305947	5306028	82	34	115	4.34e-37	152	82
NZ_CAADLZ010001121.1	NC_009656.1	100.000	5295028	5295107	80	1	80	5.61e-36	148	80
NZ_CAADLZ010001122.1	NC_009656.1	100.000	4590616	4590670	55	1	55	1.04e-21	102	55
NZ_CAADLZ010001122.1	NC_009656.1	100.000	4590730	4590784	55	1	55	1.04e-21	102	55
NZ_CAADLZ010001142.1	NC_009656.1	98.045	2815074	2814104	972	1	972	0.0	1688	953
NZ_CAADLZ010001142.1	NC_009656.1	100.000	2827635	2827593	43	930	972	3.59e-15	80.5	43
NZ_CAADLZ010001144.1	NC_009656.1	98.551	2991369	2992402	1035	1	1035	0.0	1827	1020
NZ_CAADLZ010001145.1	NC_009656.1	100.000	56285	56257	29	472	500	1.10e-07	54.7	29
NZ_CAADLZ010001145.1	NC_009656.1	100.000	2829747	2829719	29	472	500	1.10e-07	54.7	29
NZ_CAADLZ010001145.1	NC_009656.1	100.000	2834564	2834536	29	472	500	1.10e-07	54.7	29
NZ_CAADLZ010001150.1	NC_009656.1	98.837	2992426	2993113	688	1	688	0.0	1227	680
NZ_CAADLZ010001158.1	NC_009656.1	100.000	454880	454850	31	1	31	8.87e-09	58.4	31
NZ_CAADLZ010001159.1	NC_009656.1	98.272	2829452	2828471	984	49	1032	0.0	1722	967
