LLLN01000001.1	NC_009656.1	99.979	4032926	4369013	336089	473339	809368	0.0	6.202e+05	336020
LLLN01000001.1	NC_009656.1	99.999	3503490	3829578	326089	1	326089	0.0	6.022e+05	326086
LLLN01000001.1	NC_009656.1	99.978	3884850	4032085	147266	326082	473347	0.0	2.717e+05	147233
LLLN01000001.1	NC_009656.1	99.611	2539616	2539360	257	809112	809368	1.56e-129	470	256
LLLN01000001.1	NC_009656.1	99.609	2429181	2429436	256	809113	809368	5.59e-129	468	255
LLLN01000001.1	NC_009656.1	99.609	4826521	4826266	256	809113	809368	5.59e-129	468	255
LLLN01000001.1	NC_009656.1	98.479	2888472	2888210	263	809106	809368	7.24e-128	464	259
LLLN01000001.1	NC_009656.1	99.222	4926632	4926376	257	809113	809368	2.60e-127	462	255
LLLN01000001.1	NC_009656.1	100.000	207161	207191	31	716231	716261	1.44e-05	58.4	31
LLLN01000001.1	NC_009656.1	100.000	2370349	2370378	30	80437	80466	5.16e-05	56.5	30
LLLN01000001.1	NC_009656.1	100.000	3725269	3725240	30	221751	221780	5.16e-05	56.5	30
LLLN01000001.1	NC_009656.1	100.000	5326191	5326162	30	80437	80466	5.16e-05	56.5	30
LLLN01000001.1	NC_009656.1	100.000	230163	230191	29	368210	368238	1.86e-04	54.7	29
LLLN01000001.1	NC_009656.1	100.000	4039165	4039138	28	479552	479579	6.68e-04	52.8	28
LLLN01000001.1	NC_009656.1	100.000	5295054	5295027	28	80438	80465	6.68e-04	52.8	28
LLLN01000001.1	NC_009656.1	100.000	5884643	5884670	28	269682	269709	6.68e-04	52.8	28
LLLN01000002.1	NC_009656.1	99.992	3424200	3234404	189807	1	189807	0.0	3.504e+05	189791
LLLN01000002.1	NC_009656.1	99.234	1085155	1084895	261	1	261	1.01e-130	472	259
LLLN01000002.1	NC_009656.1	100.000	1342905	1342935	31	154291	154321	3.36e-06	58.4	31
LLLN01000002.1	NC_009656.1	100.000	2321497	2321525	29	36559	36587	4.35e-05	54.7	29
LLLN01000003.1	NC_009656.1	99.873	5104006	5285192	181197	1	181193	0.0	3.333e+05	180967
LLLN01000003.1	NC_009656.1	98.200	716962	689324	27663	88183	115810	0.0	48270	27165
LLLN01000003.1	NC_009656.1	99.700	5104309	5103977	333	180861	181193	1.97e-172	610	332
LLLN01000003.1	NC_009656.1	99.399	5411656	5411988	333	180861	181193	9.15e-171	604	331
LLLN01000003.1	NC_009656.1	99.099	6120290	6119958	333	180861	181193	4.26e-169	599	330
LLLN01000003.1	NC_009656.1	99.672	5411959	5411655	305	1	305	7.22e-157	558	304
LLLN01000003.1	NC_009656.1	99.671	5285163	5284860	304	1	304	2.60e-156	556	303
LLLN01000003.1	NC_009656.1	99.342	6119987	6120290	304	1	304	1.21e-154	551	302
LLLN01000003.1	NC_009656.1	98.621	5102987	5103131	145	116946	117090	2.95e-66	257	143
LLLN01000003.1	NC_009656.1	100.000	5104275	5104309	35	117099	117133	1.92e-08	65.8	35
LLLN01000003.1	NC_009656.1	100.000	5221098	5221132	35	270	304	1.92e-08	65.8	35
LLLN01000003.1	NC_009656.1	100.000	5221132	5221098	35	180861	180895	1.92e-08	65.8	35
LLLN01000003.1	NC_009656.1	100.000	5284894	5284860	35	117099	117133	1.92e-08	65.8	35
LLLN01000003.1	NC_009656.1	100.000	5411690	5411656	35	117099	117133	1.92e-08	65.8	35
LLLN01000003.1	NC_009656.1	100.000	4443146	4443174	29	82888	82916	4.16e-05	54.7	29
LLLN01000004.1	NC_009656.1	99.996	4659308	4826016	166710	159	166868	0.0	3.078e+05	166704
LLLN01000004.1	NC_009656.1	98.906	4563263	4562533	731	166138	166868	0.0	1306	723
LLLN01000004.1	NC_009656.1	98.632	2887230	2887960	731	166138	166868	0.0	1295	721
LLLN01000004.1	NC_009656.1	98.632	4369993	4369263	731	166138	166868	0.0	1295	721
LLLN01000004.1	NC_009656.1	98.497	2430417	2429686	732	166137	166868	0.0	1291	721
LLLN01000004.1	NC_009656.1	98.367	2538376	2539110	735	166135	166868	0.0	1290	723
LLLN01000004.1	NC_009656.1	98.495	4925396	4926126	731	166138	166868	0.0	1290	720
LLLN01000004.1	NC_009656.1	100.000	4728026	4728105	80	69064	69143	1.71e-33	148	80
LLLN01000004.1	NC_009656.1	100.000	4728212	4728291	80	68878	68957	1.71e-33	148	80
LLLN01000004.1	NC_009656.1	100.000	5325750	5325827	78	162	239	2.21e-32	145	78
LLLN01000004.1	NC_009656.1	100.000	4722254	4722221	34	63073	63106	6.36e-08	63.9	34
LLLN01000004.1	NC_009656.1	100.000	1054820	1054790	31	116564	116594	2.96e-06	58.4	31
LLLN01000005.1	NC_009656.1	99.999	3175430	3037435	137996	1	137996	0.0	2.548e+05	137995
LLLN01000005.1	NC_009656.1	99.522	1975145	1973891	1255	136743	137996	0.0	2283	1249
LLLN01000005.1	NC_009656.1	99.588	6232243	6232485	243	1	243	1.61e-122	444	242
LLLN01000006.1	NC_009656.1	99.998	6353656	6232243	121414	1	121414	0.0	2.242e+05	121411
LLLN01000006.1	NC_009656.1	99.588	3175188	3175430	243	121172	121414	1.41e-122	444	242
LLLN01000006.1	NC_009656.1	100.000	812061	812299	239	1	239	5.09e-122	442	239
LLLN01000006.1	NC_009656.1	99.582	5566420	5566182	239	1	239	2.37e-120	436	238
LLLN01000006.1	NC_009656.1	99.160	4983104	4982868	238	1	238	1.42e-117	427	236
LLLN01000007.1	NC_009656.1	100.000	5429719	5491492	61774	1	61774	0.0	1.141e+05	61774
LLLN01000007.1	NC_009656.1	99.998	5511660	5566638	54980	61775	116754	0.0	1.015e+05	54979
LLLN01000007.1	NC_009656.1	100.000	5498441	5497562	880	61775	62654	0.0	1626	880
LLLN01000007.1	NC_009656.1	99.562	6353418	6353874	457	116298	116754	0.0	833	455
LLLN01000007.1	NC_009656.1	99.346	812301	811843	459	116296	116754	0.0	832	456
LLLN01000007.1	NC_009656.1	98.904	4982868	4983322	456	116299	116754	0.0	813	451
LLLN01000007.1	NC_009656.1	100.000	2611896	2611866	31	17763	17793	2.07e-06	58.4	31
LLLN01000008.1	NC_009656.1	99.997	6119981	6231391	111411	1	111411	0.0	2.057e+05	111408
LLLN01000008.1	NC_009656.1	99.677	5411965	5411656	310	1	310	7.38e-160	568	309
LLLN01000008.1	NC_009656.1	99.355	5104000	5104309	310	1	310	3.43e-158	562	308
LLLN01000008.1	NC_009656.1	99.032	5285169	5284860	310	1	310	1.60e-156	556	307
LLLN01000008.1	NC_009656.1	100.000	3176520	3176282	239	111173	111411	4.67e-122	442	239
LLLN01000008.1	NC_009656.1	98.182	2887229	2887283	55	108640	108694	4.19e-18	97.1	54
LLLN01000008.1	NC_009656.1	98.182	4369994	4369940	55	108640	108694	4.19e-18	97.1	54
LLLN01000008.1	NC_009656.1	98.148	2430416	2430363	54	108641	108694	1.51e-17	95.3	53
LLLN01000008.1	NC_009656.1	98.148	2538380	2538433	54	108641	108694	1.51e-17	95.3	53
LLLN01000008.1	NC_009656.1	98.148	4925396	4925449	54	108641	108694	1.51e-17	95.3	53
LLLN01000009.1	NC_009656.1	99.993	3037673	2930855	106819	1	106819	0.0	1.972e+05	106811
LLLN01000009.1	NC_009656.1	99.634	1974129	1973857	273	1	273	2.62e-139	499	272
LLLN01000010.1	NC_009656.1	99.998	4925972	4826152	99821	1	99821	0.0	1.843e+05	99819
LLLN01000010.1	NC_009656.1	99.145	4369417	4370000	585	1	584	0.0	1051	580
LLLN01000010.1	NC_009656.1	99.480	2887806	2887230	577	1	577	0.0	1050	574
LLLN01000010.1	NC_009656.1	99.307	2429840	2430416	577	1	577	0.0	1044	573
LLLN01000010.1	NC_009656.1	99.138	2538956	2538377	580	1	580	0.0	1044	575
LLLN01000010.1	NC_009656.1	98.787	4562687	4563263	577	1	577	0.0	1027	570
LLLN01000010.1	NC_009656.1	98.094	4825862	4825286	577	1	577	0.0	1005	566
LLLN01000010.1	NC_009656.1	99.731	4926633	4926262	372	99451	99821	0.0	680	371
LLLN01000010.1	NC_009656.1	99.730	2888465	2888096	370	99452	99821	0.0	678	369
LLLN01000010.1	NC_009656.1	99.459	2429181	2429550	370	99452	99821	0.0	673	368
LLLN01000010.1	NC_009656.1	99.459	2539615	2539246	370	99452	99821	0.0	673	368
LLLN01000010.1	NC_009656.1	98.674	4368752	4369127	377	99446	99821	0.0	667	372
LLLN01000010.1	NC_009656.1	98.148	6228674	6228621	54	524	577	1.35e-17	95.3	53
LLLN01000010.1	NC_009656.1	100.000	4880087	4880120	34	45853	45886	3.80e-08	63.9	34
LLLN01000011.1	NC_009656.1	99.999	1086001	1179172	93172	1	93171	0.0	1.720e+05	93171
LLLN01000011.1	NC_009656.1	98.446	3425046	3425431	386	1	386	0.0	680	380
LLLN01000011.1	NC_009656.1	100.000	1111743	1111714	30	25713	25742	5.94e-06	56.5	30
LLLN01000012.1	NC_009656.1	99.998	1178934	1974129	795197	1	795190	0.0	1.468e+06	795184
LLLN01000012.1	NC_009656.1	99.634	3037401	3037673	273	794918	795190	1.95e-138	499	272
LLLN01000012.1	NC_009656.1	99.010	2077963	2078164	202	721266	721467	2.67e-97	363	200
LLLN01000012.1	NC_009656.1	100.000	2078273	2078354	82	721385	721466	6.29e-34	152	82
LLLN01000012.1	NC_009656.1	100.000	4367979	4367948	32	26140	26171	3.92e-06	60.2	32
LLLN01000012.1	NC_009656.1	100.000	6520030	6520059	30	612613	612642	5.07e-05	56.5	30
LLLN01000012.1	NC_009656.1	100.000	2886935	2886963	29	25868	25896	1.82e-04	54.7	29
LLLN01000012.1	NC_009656.1	100.000	2886935	2886962	28	25808	25835	6.56e-04	52.8	28
LLLN01000013.1	NC_009656.1	99.995	5411959	5325750	86210	1	86210	0.0	1.592e+05	86206
LLLN01000013.1	NC_009656.1	99.672	5104006	5104310	305	1	305	3.44e-157	558	304
LLLN01000013.1	NC_009656.1	99.671	6119987	6120290	304	1	304	1.24e-156	556	303
LLLN01000013.1	NC_009656.1	99.342	5285163	5284860	304	1	304	5.76e-155	551	302
LLLN01000013.1	NC_009656.1	98.795	2029292	2029210	83	85960	86042	8.83e-34	148	82
LLLN01000013.1	NC_009656.1	98.765	4659388	4659308	81	86133	86213	1.14e-32	145	80
LLLN01000013.1	NC_009656.1	100.000	5221098	5221132	35	270	304	9.15e-09	65.8	35
LLLN01000013.1	NC_009656.1	100.000	3583926	3583955	30	85769	85798	5.51e-06	56.5	30
LLLN01000013.1	NC_009656.1	100.000	5110450	5110423	28	85770	85797	7.12e-05	52.8	28
LLLN01000014.1	NC_009656.1	99.999	3498716	3423962	74755	1	74755	0.0	1.380e+05	74754
LLLN01000014.1	NC_009656.1	99.388	1086386	1084917	1470	73286	74755	0.0	2665	1461
LLLN01000014.1	NC_009656.1	98.833	879382	879126	257	1	257	3.11e-127	459	254
LLLN01000015.1	NC_009656.1	99.999	5033018	5103225	70208	1	70208	0.0	1.296e+05	70207
LLLN01000015.1	NC_009656.1	98.419	5412992	5412741	253	69956	70208	8.17e-123	444	249
LLLN01000015.1	NC_009656.1	98.621	5220945	5221089	145	69970	70114	1.14e-66	257	143
LLLN01000015.1	NC_009656.1	100.000	2359743	2359776	34	56618	56651	2.67e-08	63.9	34
LLLN01000016.1	NC_009656.1	98.302	4645174	4617437	27743	3046	30774	0.0	48604	27272
LLLN01000016.1	NC_009656.1	100.000	1204620	1204589	32	38240	38271	2.97e-07	60.2	32
LLLN01000017.1	NC_009656.1	99.995	4926221	4983112	56892	1	56891	0.0	1.050e+05	56889
LLLN01000017.1	NC_009656.1	99.758	4826111	4826522	413	1	413	0.0	756	412
LLLN01000017.1	NC_009656.1	99.515	2888055	2888465	412	1	412	0.0	749	410
LLLN01000017.1	NC_009656.1	99.272	2429591	2429181	412	1	412	0.0	743	409
LLLN01000017.1	NC_009656.1	99.272	2539205	2539615	412	1	412	0.0	743	409
LLLN01000017.1	NC_009656.1	99.029	4369168	4368758	412	1	412	0.0	737	408
LLLN01000017.1	NC_009656.1	99.187	812298	812053	246	56647	56891	2.38e-122	442	244
LLLN01000017.1	NC_009656.1	99.187	6353419	6353664	246	56647	56891	2.38e-122	442	244
LLLN01000017.1	NC_009656.1	98.780	5566183	5566428	246	56647	56891	1.11e-120	436	243
LLLN01000018.1	NC_009656.1	99.993	3234551	3180093	54460	1	54460	0.0	1.005e+05	54456
LLLN01000019.1	NC_009656.1	99.998	6358749	6408619	49871	1	49871	0.0	92089	49870
LLLN01000019.1	NC_009656.1	98.121	2847280	2848024	745	49129	49871	0.0	1297	731
LLLN01000019.1	NC_009656.1	100.000	2497716	2497689	28	38523	38550	4.11e-05	52.8	28
LLLN01000020.1	NC_009656.1	99.996	832765	879382	46618	1	46618	0.0	86077	46616
LLLN01000020.1	NC_009656.1	98.833	3498460	3498716	257	46362	46618	1.94e-127	459	254
LLLN01000020.1	NC_009656.1	99.590	816260	816503	244	1	244	1.51e-123	446	243
LLLN01000020.1	NC_009656.1	100.000	1054741	1054776	36	46242	46277	1.37e-09	67.6	36
LLLN01000021.1	NC_009656.1	99.988	2930189	2888096	42094	1	42094	0.0	77706	42089
LLLN01000021.1	NC_009656.1	99.730	4826521	4826152	370	41725	42094	0.0	678	369
LLLN01000021.1	NC_009656.1	99.461	4926632	4926262	371	41725	42094	0.0	673	369
LLLN01000021.1	NC_009656.1	99.191	2429180	2429550	371	41724	42094	0.0	669	368
LLLN01000021.1	NC_009656.1	99.189	2539615	2539246	370	41725	42094	0.0	667	367
LLLN01000021.1	NC_009656.1	98.158	4368748	4369127	380	41715	42094	0.0	664	373
LLLN01000022.1	NC_009656.1	99.970	2887467	2847786	39694	1	39694	0.0	73224	39682
LLLN01000022.1	NC_009656.1	100.000	4369756	4369994	239	1	239	1.66e-122	442	239
LLLN01000022.1	NC_009656.1	100.000	2430179	2430416	238	1	238	5.98e-122	440	238
LLLN01000022.1	NC_009656.1	100.000	2538617	2538380	238	1	238	5.98e-122	440	238
LLLN01000022.1	NC_009656.1	99.580	4563026	4563263	238	1	238	2.78e-120	435	237
LLLN01000022.1	NC_009656.1	99.580	4925633	4925396	238	1	238	2.78e-120	435	237
LLLN01000022.1	NC_009656.1	98.182	6228674	6228620	55	185	239	1.49e-18	97.1	54
LLLN01000022.1	NC_009656.1	100.000	893794	893766	29	26327	26355	9.10e-06	54.7	29
LLLN01000022.1	NC_009656.1	100.000	1204829	1204801	29	505	533	9.10e-06	54.7	29
LLLN01000022.1	NC_009656.1	100.000	2886963	2886935	29	265	293	9.10e-06	54.7	29
LLLN01000022.1	NC_009656.1	100.000	2887203	2887175	29	505	533	9.10e-06	54.7	29
LLLN01000022.1	NC_009656.1	100.000	1204768	1204741	28	506	533	3.27e-05	52.8	28
LLLN01000023.1	NC_009656.1	99.995	375792	688165	312380	233573	545945	0.0	5.768e+05	312363
LLLN01000023.1	NC_009656.1	99.993	151107	364203	213097	20499	233583	0.0	3.934e+05	213083
LLLN01000023.1	NC_009656.1	99.996	717831	806807	88978	545864	634841	0.0	1.643e+05	88974
LLLN01000023.1	NC_009656.1	100.000	55603	76101	20499	1	20499	0.0	37855	20499
LLLN01000023.1	NC_009656.1	98.288	2833983	2834566	584	102	685	0.0	1024	574
LLLN01000023.1	NC_009656.1	99.125	2813132	2813588	457	1	457	0.0	822	453
LLLN01000023.1	NC_009656.1	98.468	2831258	2831714	457	1	457	0.0	806	450
LLLN01000023.1	NC_009656.1	100.000	5571912	5571674	239	634603	634841	2.66e-121	442	239
LLLN01000023.1	NC_009656.1	100.000	537658	537623	36	395404	395439	1.87e-08	67.6	36
LLLN01000023.1	NC_009656.1	100.000	2829715	2829748	34	651	684	2.42e-07	63.9	34
LLLN01000023.1	NC_009656.1	100.000	2813049	2813018	32	650	681	3.13e-06	60.2	32
LLLN01000023.1	NC_009656.1	100.000	4275848	4275878	31	76541	76571	1.13e-05	58.4	31
LLLN01000023.1	NC_009656.1	100.000	5798868	5798839	30	262155	262184	4.05e-05	56.5	30
LLLN01000023.1	NC_009656.1	100.000	509838	509810	29	364614	364642	1.46e-04	54.7	29
LLLN01000023.1	NC_009656.1	100.000	3926978	3927006	29	99543	99571	1.46e-04	54.7	29
LLLN01000023.1	NC_009656.1	100.000	405902	405929	28	263769	263796	5.24e-04	52.8	28
LLLN01000023.1	NC_009656.1	100.000	405988	406015	28	263683	263710	5.24e-04	52.8	28
LLLN01000024.1	NC_009656.1	99.987	5026822	4988074	38749	1	38749	0.0	71529	38744
LLLN01000024.1	NC_009656.1	98.684	5571921	5571390	532	38218	38749	0.0	944	525
LLLN01000024.1	NC_009656.1	98.864	806564	807091	528	38223	38749	0.0	941	522
LLLN01000024.1	NC_009656.1	98.447	6359140	6358626	515	38235	38749	0.0	907	507
LLLN01000025.1	NC_009656.1	99.997	5322740	5285761	36980	1	36980	0.0	68284	36979
LLLN01000025.1	NC_009656.1	99.289	5412979	5412558	422	36559	36980	0.0	763	419
LLLN01000025.1	NC_009656.1	100.000	5295107	5295061	47	16748	16794	8.36e-16	87.9	47
LLLN01000025.1	NC_009656.1	100.000	5305993	5305947	47	27634	27680	8.36e-16	87.9	47
LLLN01000025.1	NC_009656.1	100.000	3583927	3583954	28	27687	27714	3.05e-05	52.8	28
LLLN01000026.1	NC_009656.1	100.000	4580541	4580618	78	8595	8672	2.21e-33	145	78
LLLN01000026.1	NC_009656.1	100.000	5325750	5325798	49	1	49	2.92e-17	91.6	49
LLLN01000026.1	NC_009656.1	100.000	4659312	4659359	48	2	49	1.05e-16	89.8	48
LLLN01000026.1	NC_009656.1	100.000	4573757	4573802	46	1	46	1.36e-15	86.1	46
LLLN01000027.1	NC_009656.1	100.000	816260	832373	16114	1	16114	0.0	29758	16114
LLLN01000027.1	NC_009656.1	98.748	815310	815868	559	15556	16114	0.0	994	552
LLLN01000027.1	NC_009656.1	99.590	832765	833008	244	1	244	5.21e-124	446	243
LLLN01000028.1	NC_009656.1	100.000	5427822	5412741	15082	1	15082	0.0	27852	15082
LLLN01000028.1	NC_009656.1	98.419	5102973	5103225	253	14831	15082	1.75e-123	444	249
LLLN01000028.1	NC_009656.1	100.000	6118968	6119206	239	14844	15082	6.31e-123	442	239
LLLN01000028.1	NC_009656.1	98.745	5286182	5285944	239	14844	15082	6.35e-118	425	236
LLLN01000029.1	NC_009656.1	100.000	2847666	2832597	15070	1	15070	0.0	27830	15070
LLLN01000029.1	NC_009656.1	98.288	56287	55704	584	13101	13684	0.0	1024	574
LLLN01000029.1	NC_009656.1	98.310	2813587	2813233	355	13330	13684	2.10e-177	623	349
LLLN01000029.1	NC_009656.1	99.298	2815486	2815202	285	14786	15070	3.66e-145	516	283
LLLN01000029.1	NC_009656.1	98.456	2820875	2820619	259	14806	15064	8.10e-127	455	255
LLLN01000029.1	NC_009656.1	100.000	2829748	2829715	34	13102	13135	5.73e-09	63.9	34
LLLN01000029.1	NC_009656.1	100.000	2813018	2813049	32	13105	13136	7.42e-08	60.2	32
LLLN01000029.1	NC_009656.1	100.000	2831144	2831175	32	13105	13136	7.42e-08	60.2	32
LLLN01000030.1	NC_009656.1	99.472	4562831	4573986	11172	1	11165	0.0	20282	11113
LLLN01000030.1	NC_009656.1	98.845	2887662	2887230	433	1	433	0.0	773	428
LLLN01000030.1	NC_009656.1	98.845	4369561	4369993	433	1	433	0.0	773	428
LLLN01000030.1	NC_009656.1	98.618	2538812	2538379	434	1	434	0.0	769	428
LLLN01000030.1	NC_009656.1	98.614	2429984	2430416	433	1	433	0.0	767	427
LLLN01000030.1	NC_009656.1	98.614	4925828	4925396	433	1	433	0.0	767	427
LLLN01000030.1	NC_009656.1	98.383	4825718	4825286	433	1	433	0.0	761	426
LLLN01000030.1	NC_009656.1	100.000	5325750	5325798	49	10927	10975	1.95e-17	91.6	49
LLLN01000031.1	NC_009656.1	99.941	2800038	2810184	10147	1	10147	0.0	18705	10141
LLLN01000031.1	NC_009656.1	99.862	40872	51017	10147	1	10147	0.0	18659	10133
LLLN01000031.1	NC_009656.1	99.649	2822751	2823035	285	9863	10147	5.29e-147	521	284
LLLN01000032.1	NC_009656.1	98.765	4659388	4659308	81	1	81	9.45e-34	145	80
LLLN01000032.1	NC_009656.1	100.000	5325827	5325750	78	1	78	9.45e-34	145	78
LLLN01000034.1	NC_009656.1	99.996	6092482	5601447	491037	37965	528993	0.0	9.067e+05	491018
LLLN01000034.1	NC_009656.1	99.997	5601396	5571674	29723	528994	558716	0.0	54883	29722
LLLN01000034.1	NC_009656.1	99.985	6119206	6092429	26778	1	26778	0.0	49428	26774
LLLN01000034.1	NC_009656.1	100.000	806569	806807	239	558478	558716	2.34e-121	442	239
LLLN01000034.1	NC_009656.1	100.000	5412741	5412979	239	1	239	2.34e-121	442	239
LLLN01000034.1	NC_009656.1	100.000	6517439	6517407	33	377316	377348	7.66e-07	62.1	33
LLLN01000034.1	NC_009656.1	100.000	1009457	1009486	30	376635	376664	3.56e-05	56.5	30
LLLN01000034.1	NC_009656.1	100.000	5753091	5753120	30	330356	330385	3.56e-05	56.5	30
LLLN01000034.1	NC_009656.1	100.000	5838935	5838963	29	450820	450848	1.28e-04	54.7	29
LLLN01000034.1	NC_009656.1	100.000	3773198	3773171	28	245777	245804	4.61e-04	52.8	28
LLLN01000035.1	NC_009656.1	99.983	806569	812291	5723	1	5723	0.0	10563	5722
LLLN01000035.1	NC_009656.1	99.913	4988593	4982874	5720	4	5723	0.0	10536	5715
LLLN01000035.1	NC_009656.1	99.895	5571912	5566190	5723	1	5723	0.0	10536	5717
LLLN01000035.1	NC_009656.1	99.720	6359148	6353426	5723	1	5723	0.0	10480	5707
LLLN01000036.1	NC_009656.1	99.886	879144	884394	5251	1	5251	0.0	9664	5245
LLLN01000036.1	NC_009656.1	99.829	3498478	3503728	5251	1	5251	0.0	9648	5242
LLLN01000037.1	NC_009656.1	100.000	2823035	2818043	4993	1	4993	0.0	9221	4993
LLLN01000037.1	NC_009656.1	99.063	52900	52581	320	4674	4993	1.97e-163	575	317
LLLN01000037.1	NC_009656.1	99.649	2810184	2809900	285	1	285	2.60e-147	521	284
LLLN01000037.1	NC_009656.1	98.456	2832861	2832603	259	2161	2417	2.67e-127	455	255
LLLN01000037.1	NC_009656.1	98.069	2815466	2815208	259	2161	2417	1.24e-125	449	254
LLLN01000038.1	NC_009656.1	100.000	2828220	2832782	4563	1	4563	0.0	8427	4563
LLLN01000038.1	NC_009656.1	98.807	2813012	2813597	587	2918	3504	0.0	1044	580
LLLN01000038.1	NC_009656.1	98.258	55486	56059	574	2922	3495	0.0	1005	564
LLLN01000038.1	NC_009656.1	98.142	2824636	2824958	323	1	323	3.89e-160	564	317
LLLN01000038.1	NC_009656.1	98.071	2811785	2812095	311	1	311	1.82e-153	542	305
LLLN01000038.1	NC_009656.1	100.000	56253	56286	34	1496	1529	1.73e-09	63.9	34
LLLN01000038.1	NC_009656.1	100.000	2834532	2834565	34	1496	1529	1.73e-09	63.9	34
LLLN01000038.1	NC_009656.1	100.000	2834562	2834531	32	2925	2956	2.24e-08	60.2	32
LLLN01000038.1	NC_009656.1	100.000	2813048	2813018	31	1496	1526	8.05e-08	58.4	31
LLLN01000038.1	NC_009656.1	100.000	2829745	2829715	31	2925	2955	8.05e-08	58.4	31
LLLN01000038.1	NC_009656.1	100.000	2831174	2831144	31	1496	1526	8.05e-08	58.4	31
LLLN01000039.1	NC_009656.1	99.932	812061	816498	4438	1	4438	0.0	8179	4435
LLLN01000039.1	NC_009656.1	99.411	831815	833003	1189	3250	4438	0.0	2158	1182
LLLN01000039.1	NC_009656.1	100.000	6353656	6353418	239	1	239	1.85e-123	442	239
LLLN01000039.1	NC_009656.1	99.585	5566420	5566180	241	1	241	6.65e-123	440	240
LLLN01000039.1	NC_009656.1	99.160	4983104	4982868	238	1	238	5.18e-119	427	236
LLLN01000040.1	NC_009656.1	100.000	3180061	3176282	3780	239	4018	0.0	6981	3780
LLLN01000040.1	NC_009656.1	100.000	6231153	6231391	239	3780	4018	1.67e-123	442	239
LLLN01000041.1	NC_009656.1	100.000	5027258	5031153	3896	1	3896	0.0	7195	3896
LLLN01000041.1	NC_009656.1	98.503	5031190	5031523	334	1	334	5.47e-168	590	329
LLLN01000043.1	NC_009656.1	100.000	52581	55782	3202	1	3202	0.0	5914	3202
LLLN01000043.1	NC_009656.1	99.063	2818043	2818362	320	1	320	1.26e-163	575	317
LLLN01000043.1	NC_009656.1	99.327	2813015	2813311	297	2906	3202	1.65e-152	538	295
LLLN01000043.1	NC_009656.1	98.653	2831141	2831437	297	2906	3202	3.57e-149	527	293
LLLN01000043.1	NC_009656.1	98.734	2833983	2834061	79	3124	3202	5.44e-33	141	78
LLLN01000044.1	NC_009656.1	99.207	51941	50430	1513	1	1513	0.0	2726	1501
LLLN01000044.1	NC_009656.1	99.054	2826712	2826396	317	2570	2886	5.27e-162	569	314
LLLN01000044.1	NC_009656.1	98.089	2812095	2811782	314	2573	2886	2.47e-155	547	308
LLLN01000044.1	NC_009656.1	100.000	2817403	2817313	91	1	91	2.25e-41	169	91
LLLN01000045.1	NC_009656.1	99.995	2078273	2411822	333559	103454	437007	0.0	6.159e+05	333543
LLLN01000045.1	NC_009656.1	99.998	1974629	2078170	103543	1	103543	0.0	1.912e+05	103541
LLLN01000045.1	NC_009656.1	99.981	2468823	2538618	69796	436997	506779	0.0	1.288e+05	69783
LLLN01000045.1	NC_009656.1	99.033	3038173	3038688	517	1	517	0.0	926	512
LLLN01000045.1	NC_009656.1	100.000	2430416	2430178	239	506541	506779	2.12e-121	442	239
LLLN01000045.1	NC_009656.1	100.000	2887230	2887468	239	506541	506779	2.12e-121	442	239
LLLN01000045.1	NC_009656.1	100.000	4369993	4369755	239	506541	506779	2.12e-121	442	239
LLLN01000045.1	NC_009656.1	99.583	4563264	4563025	240	506540	506779	2.75e-120	438	239
LLLN01000045.1	NC_009656.1	99.174	4925393	4925634	242	506538	506779	9.88e-120	436	240
LLLN01000045.1	NC_009656.1	99.005	1900204	1900404	201	103335	103535	6.12e-97	361	199
LLLN01000045.1	NC_009656.1	100.000	2635895	2635974	80	415933	416012	5.18e-33	148	80
LLLN01000045.1	NC_009656.1	98.795	5325918	5326000	83	54582	54664	5.18e-33	148	82
LLLN01000045.1	NC_009656.1	100.000	2635899	2635977	79	415777	415855	1.86e-32	147	79
LLLN01000045.1	NC_009656.1	100.000	2038208	2038284	77	415698	415774	2.41e-31	143	77
LLLN01000045.1	NC_009656.1	100.000	2390513	2390589	77	63580	63656	2.41e-31	143	77
LLLN01000045.1	NC_009656.1	100.000	2038500	2038575	76	415699	415774	8.67e-31	141	76
LLLN01000045.1	NC_009656.1	100.000	2390514	2390589	76	63872	63947	8.67e-31	141	76
LLLN01000045.1	NC_009656.1	100.000	2390592	2390667	76	415937	416012	8.67e-31	141	76
LLLN01000045.1	NC_009656.1	100.000	2390752	2390827	76	415777	415852	8.67e-31	141	76
LLLN01000045.1	NC_009656.1	98.148	6228621	6228674	54	506541	506594	6.85e-17	95.3	53
LLLN01000045.1	NC_009656.1	100.000	5089635	5089668	34	384919	384952	1.93e-07	63.9	34
LLLN01000045.1	NC_009656.1	100.000	2002682	2002653	30	28025	28054	3.23e-05	56.5	30
LLLN01000045.1	NC_009656.1	100.000	3583926	3583955	30	395534	395563	3.23e-05	56.5	30
LLLN01000045.1	NC_009656.1	100.000	3387642	3387614	29	346673	346701	1.16e-04	54.7	29
LLLN01000045.1	NC_009656.1	100.000	3043416	3043389	28	322045	322072	4.18e-04	52.8	28
LLLN01000045.1	NC_009656.1	100.000	5110450	5110423	28	395535	395562	4.18e-04	52.8	28
LLLN01000045.1	NC_009656.1	100.000	6397298	6397271	28	465863	465890	4.18e-04	52.8	28
LLLN01000046.1	NC_009656.1	100.000	5323271	5325798	2528	1	2528	0.0	4669	2528
LLLN01000046.1	NC_009656.1	100.000	4659312	4659359	48	2481	2528	1.69e-17	89.8	48
LLLN01000046.1	NC_009656.1	100.000	4573757	4573802	46	2480	2525	2.19e-16	86.1	46
LLLN01000047.1	NC_009656.1	100.000	2815202	2817551	2350	1	2350	0.0	4340	2350
LLLN01000047.1	NC_009656.1	99.298	2832597	2832881	285	1	285	5.66e-146	516	283
LLLN01000047.1	NC_009656.1	98.069	2820619	2820875	259	7	265	5.82e-126	449	254
LLLN01000047.1	NC_009656.1	99.582	51851	52089	239	2112	2350	4.53e-122	436	238
LLLN01000048.1	NC_009656.1	100.000	2815387	2813132	2256	1	2256	0.0	4167	2256
LLLN01000048.1	NC_009656.1	98.927	2831723	2831258	466	1791	2256	0.0	833	461
LLLN01000048.1	NC_009656.1	99.125	56059	55603	457	1800	2256	0.0	822	453
LLLN01000048.1	NC_009656.1	98.310	2834337	2833983	355	1801	2155	3.11e-178	623	349
LLLN01000049.1	NC_009656.1	100.000	2812020	2809946	2075	1	2075	0.0	3832	2075
LLLN01000049.1	NC_009656.1	99.952	2824871	2822797	2075	1	2075	0.0	3827	2074
LLLN01000049.1	NC_009656.1	98.849	2826634	2826027	608	1	608	0.0	1085	601
LLLN01000049.1	NC_009656.1	98.684	2828455	2827848	608	1	608	0.0	1079	600
LLLN01000051.1	NC_009656.1	100.000	5030915	5032857	1943	1	1943	0.0	3589	1943
LLLN01000051.1	NC_009656.1	98.522	5026983	5027591	609	1	609	0.0	1075	600
LLLN01000052.1	NC_009656.1	100.000	2826423	2828178	1756	1	1756	0.0	3243	1756
LLLN01000052.1	NC_009656.1	98.527	2825817	2826357	543	1214	1756	0.0	957	535
LLLN01000053.1	NC_009656.1	100.000	2826281	2824660	1622	1	1622	0.0	2996	1622
LLLN01000053.1	NC_009656.1	98.287	2828102	2827636	467	1	465	0.0	817	459
LLLN01000053.1	NC_009656.1	98.606	2812094	2811809	287	1337	1622	2.34e-143	507	283
LLLN01000053.1	NC_009656.1	98.431	2811667	2811413	255	1	255	4.00e-126	449	251
LLLN01000053.1	NC_009656.1	98.431	2824518	2824264	255	1	255	4.00e-126	449	251
LLLN01000054.1	NC_009656.1	100.000	2811782	2813311	1530	1	1530	0.0	2826	1530
LLLN01000054.1	NC_009656.1	98.726	2824633	2824945	314	1	313	2.16e-158	556	310
LLLN01000054.1	NC_009656.1	98.089	2828217	2828530	314	1	314	1.30e-155	547	308
LLLN01000054.1	NC_009656.1	99.327	55486	55782	297	1234	1530	7.82e-153	538	295
LLLN01000054.1	NC_009656.1	99.003	2831137	2831437	301	1231	1530	7.82e-153	538	298
LLLN01000054.1	NC_009656.1	98.734	2833983	2834061	79	1452	1530	2.58e-33	141	78
LLLN01000054.1	NC_009656.1	100.000	56283	56252	32	1237	1268	7.42e-09	60.2	32
LLLN01000054.1	NC_009656.1	100.000	2834562	2834531	32	1237	1268	7.42e-09	60.2	32
LLLN01000054.1	NC_009656.1	100.000	2829745	2829715	31	1237	1267	2.67e-08	58.4	31
LLLN01000055.1	NC_009656.1	100.000	3176520	3175192	1329	1	1329	0.0	2455	1329
LLLN01000055.1	NC_009656.1	100.000	6231153	6232481	1329	1	1329	0.0	2455	1329
LLLN01000056.1	NC_009656.1	100.000	2539360	2800276	260917	1	260917	0.0	4.818e+05	260916
LLLN01000056.1	NC_009656.1	100.000	2429436	2429181	256	1	256	3.88e-131	473	256
LLLN01000056.1	NC_009656.1	99.611	4369013	4368757	257	1	257	5.01e-130	470	256
LLLN01000056.1	NC_009656.1	99.219	4826266	4826521	256	1	256	8.39e-128	462	254
LLLN01000056.1	NC_009656.1	98.828	2888210	2888465	256	1	256	3.90e-126	457	253
LLLN01000056.1	NC_009656.1	98.833	4926376	4926632	257	1	256	3.90e-126	457	254
LLLN01000056.1	NC_009656.1	100.000	2390748	2390827	80	96536	96615	2.67e-33	148	80
LLLN01000056.1	NC_009656.1	100.000	2390592	2390670	79	96540	96618	9.60e-33	147	79
LLLN01000056.1	NC_009656.1	100.000	3019654	3019622	33	240433	240465	3.58e-07	62.1	33
LLLN01000056.1	NC_009656.1	100.000	5447511	5447481	31	72507	72537	4.63e-06	58.4	31
LLLN01000057.1	NC_009656.1	99.900	6120155	6119151	1005	1	1005	0.0	1851	1004
LLLN01000057.1	NC_009656.1	99.801	5104174	5103170	1005	1	1005	0.0	1845	1003
LLLN01000057.1	NC_009656.1	99.801	5284995	5285999	1005	1	1005	0.0	1845	1003
LLLN01000057.1	NC_009656.1	99.602	5411791	5412796	1006	1	1005	0.0	1834	1002
LLLN01000058.1	NC_009656.1	100.000	52819	51943	877	1	877	0.0	1620	877
LLLN01000058.1	NC_009656.1	100.000	2818281	2817405	877	1	877	0.0	1620	877
LLLN01000059.1	NC_009656.1	100.000	5429142	5428307	836	1	836	0.0	1544	836
LLLN01000060.1	NC_009656.1	98.609	5429862	5429144	719	1	719	0.0	1273	709
LLLN01000060.1	NC_009656.1	98.053	5428179	5427461	719	1	719	0.0	1251	705
LLLN01000061.1	NC_009656.1	100.000	5412491	5411791	701	1	701	0.0	1295	701
LLLN01000061.1	NC_009656.1	99.429	5103475	5104174	701	1	701	0.0	1271	697
LLLN01000061.1	NC_009656.1	99.429	5285694	5284995	701	1	701	0.0	1271	697
LLLN01000061.1	NC_009656.1	99.287	6119456	6120155	701	1	701	0.0	1266	696
LLLN01000062.1	NC_009656.1	100.000	5027179	5026584	596	1	596	0.0	1101	596
LLLN01000062.1	NC_009656.1	99.664	5033214	5032619	596	1	596	0.0	1090	594
LLLN01000062.1	NC_009656.1	98.387	4053953	4053892	62	13	74	2.77e-24	110	61
LLLN01000064.1	NC_009656.1	100.000	2888252	2887722	531	1	531	0.0	981	531
LLLN01000064.1	NC_009656.1	100.000	4926418	4925888	531	1	531	0.0	981	531
LLLN01000064.1	NC_009656.1	99.812	2429394	2429924	531	1	531	0.0	976	530
LLLN01000064.1	NC_009656.1	99.812	2539402	2538872	531	1	531	0.0	976	530
LLLN01000064.1	NC_009656.1	99.623	4368971	4369501	531	1	531	0.0	970	529
LLLN01000064.1	NC_009656.1	99.435	4826308	4825778	531	1	531	0.0	965	528
LLLN01000064.1	NC_009656.1	99.369	4562455	4562771	317	215	531	2.02e-164	575	315
LLLN01000065.1	NC_009656.1	100.000	2429821	2430341	521	1	521	0.0	963	521
LLLN01000065.1	NC_009656.1	100.000	2538975	2538455	521	1	521	0.0	963	521
LLLN01000065.1	NC_009656.1	99.424	2887825	2887305	521	1	521	0.0	946	518
LLLN01000065.1	NC_009656.1	99.424	4369398	4369918	521	1	521	0.0	946	518
LLLN01000065.1	NC_009656.1	99.232	4925991	4925471	521	1	521	0.0	941	517
LLLN01000065.1	NC_009656.1	98.656	4562668	4563188	521	1	521	0.0	924	514
LLLN01000065.1	NC_009656.1	98.273	4825881	4825361	521	1	521	0.0	913	512
LLLN01000066.1	NC_009656.1	100.000	2826123	2826637	515	1	515	0.0	952	515
LLLN01000066.1	NC_009656.1	99.612	2827944	2828458	515	1	515	0.0	941	513
LLLN01000066.1	NC_009656.1	99.417	2824360	2824874	515	1	515	0.0	935	512
LLLN01000066.1	NC_009656.1	99.223	2811509	2812023	515	1	515	0.0	929	511
LLLN01000067.1	NC_009656.1	99.998	6588339	6408381	179959	41111	221069	0.0	3.323e+05	179955
LLLN01000067.1	NC_009656.1	100.000	41110	1	41110	1	41110	0.0	75916	41110
LLLN01000067.1	NC_009656.1	100.000	5753123	5753091	33	112011	112043	3.03e-07	62.1	33
LLLN01000067.1	NC_009656.1	100.000	1384763	1384793	31	213060	213090	3.92e-06	58.4	31
LLLN01000067.1	NC_009656.1	100.000	1791580	1791551	30	109391	109420	1.41e-05	56.5	30
LLLN01000068.1	NC_009656.1	100.000	2887806	2887305	502	1	502	0.0	928	502
LLLN01000068.1	NC_009656.1	99.602	4369417	4369918	502	1	502	0.0	917	500
LLLN01000068.1	NC_009656.1	99.402	2429840	2430341	502	1	502	0.0	911	499
LLLN01000068.1	NC_009656.1	99.402	2538956	2538455	502	1	502	0.0	911	499
LLLN01000068.1	NC_009656.1	99.402	4925972	4925471	502	1	502	0.0	911	499
LLLN01000068.1	NC_009656.1	98.805	4562687	4563188	502	1	502	0.0	894	496
LLLN01000068.1	NC_009656.1	98.406	4825862	4825361	502	1	502	0.0	883	494
LLLN01000070.1	NC_009656.1	100.000	51703	52181	479	1	479	0.0	885	479
LLLN01000070.1	NC_009656.1	99.698	2817313	2817643	331	149	479	6.42e-174	606	330
LLLN01000071.1	NC_009656.1	99.770	2429198	2429632	435	1	435	0.0	798	434
LLLN01000071.1	NC_009656.1	99.770	2539598	2539164	435	1	435	0.0	798	434
LLLN01000071.1	NC_009656.1	99.770	4826504	4826070	435	1	435	0.0	798	434
LLLN01000071.1	NC_009656.1	99.540	2888448	2888014	435	1	435	0.0	793	433
LLLN01000071.1	NC_009656.1	99.540	4368775	4369209	435	1	435	0.0	793	433
LLLN01000071.1	NC_009656.1	99.541	4926615	4926180	436	1	435	0.0	793	434
LLLN01000072.1	NC_009656.1	100.000	5102987	5103408	422	1	422	0.0	780	422
LLLN01000072.1	NC_009656.1	100.000	5412979	5412558	422	1	422	0.0	780	422
LLLN01000072.1	NC_009656.1	100.000	6118968	6119389	422	1	422	0.0	780	422
LLLN01000072.1	NC_009656.1	99.289	5286182	5285761	422	1	422	0.0	763	419
LLLN01000072.1	NC_009656.1	98.621	5220945	5221089	145	1	145	6.52e-69	257	143
LLLN01000073.1	NC_009656.1	99.742	52089	51703	387	1	387	0.0	710	386
LLLN01000073.1	NC_009656.1	100.000	2817551	2817313	239	1	239	1.53e-124	442	239
LLLN01000074.1	NC_009656.1	100.000	2817313	2817643	331	1	331	9.32e-176	612	331
LLLN01000074.1	NC_009656.1	99.698	51851	52181	331	1	331	4.34e-174	606	330
LLLN01000075.1	NC_009656.1	100.000	2430103	2430416	314	1	314	2.48e-166	580	314
LLLN01000075.1	NC_009656.1	100.000	2538693	2538380	314	1	314	2.48e-166	580	314
LLLN01000075.1	NC_009656.1	100.000	2887543	2887230	314	1	314	2.48e-166	580	314
LLLN01000075.1	NC_009656.1	100.000	4369680	4369993	314	1	314	2.48e-166	580	314
LLLN01000075.1	NC_009656.1	99.682	4562950	4563263	314	1	314	1.16e-164	575	313
LLLN01000075.1	NC_009656.1	99.363	4925709	4925396	314	1	314	5.38e-163	569	312
LLLN01000075.1	NC_009656.1	98.089	4825599	4825286	314	1	314	2.52e-156	547	308
LLLN01000075.1	NC_009656.1	98.148	6228674	6228621	54	261	314	3.95e-20	95.3	53
LLLN01000076.1	NC_009656.1	100.000	5103936	5104238	303	1	303	3.12e-160	560	303
LLLN01000076.1	NC_009656.1	100.000	5412029	5411727	303	1	303	3.12e-160	560	303
LLLN01000076.1	NC_009656.1	100.000	6119917	6120219	303	1	303	3.12e-160	560	303
LLLN01000076.1	NC_009656.1	99.670	5285233	5284931	303	1	303	1.45e-158	555	302
LLLN01000077.1	NC_009656.1	100.000	55544	55841	298	1	298	1.84e-157	551	298
LLLN01000077.1	NC_009656.1	100.000	2813073	2813370	298	1	298	1.84e-157	551	298
LLLN01000077.1	NC_009656.1	99.664	2831199	2831496	298	1	298	8.57e-156	545	297
LLLN01000078.1	NC_009656.1	99.998	1085155	884156	201000	1	200999	0.0	3.712e+05	200996
LLLN01000078.1	NC_009656.1	99.234	3424200	3423940	261	1	261	1.07e-130	472	259
LLLN01000078.1	NC_009656.1	100.000	879041	879006	36	30380	30415	5.92e-09	67.6	36
LLLN01000078.1	NC_009656.1	100.000	4775712	4775742	31	30336	30366	3.56e-06	58.4	31
LLLN01000078.1	NC_009656.1	100.000	5753775	5753804	30	75670	75699	1.28e-05	56.5	30
LLLN01000078.1	NC_009656.1	100.000	2861141	2861113	29	191361	191389	4.61e-05	54.7	29
LLLN01000079.1	NC_009656.1	100.000	2815440	2815149	292	1	292	3.90e-154	540	292
LLLN01000079.1	NC_009656.1	100.000	2832835	2832544	292	1	292	3.90e-154	540	292
LLLN01000079.1	NC_009656.1	98.283	2820849	2820619	233	1	233	4.13e-114	407	229
LLLN01000080.1	NC_009656.1	100.000	2888055	2888334	280	1	280	1.75e-147	518	280
LLLN01000080.1	NC_009656.1	100.000	4826111	4826390	280	1	280	1.75e-147	518	280
LLLN01000080.1	NC_009656.1	99.643	2429591	2429312	280	1	280	8.15e-146	512	279
LLLN01000080.1	NC_009656.1	99.643	2539205	2539484	280	1	280	8.15e-146	512	279
LLLN01000080.1	NC_009656.1	99.644	4926221	4926501	281	1	280	8.15e-146	512	280
LLLN01000080.1	NC_009656.1	98.929	4369168	4368889	280	1	280	1.77e-142	501	277
LLLN01000081.1	NC_009656.1	100.000	2888014	2888293	280	1	280	1.75e-147	518	280
LLLN01000081.1	NC_009656.1	100.000	4826070	4826349	280	1	280	1.75e-147	518	280
LLLN01000081.1	NC_009656.1	100.000	4926180	4926459	280	1	280	1.75e-147	518	280
LLLN01000081.1	NC_009656.1	99.286	2429632	2429353	280	1	280	3.79e-144	507	278
LLLN01000081.1	NC_009656.1	99.286	2539164	2539443	280	1	280	3.79e-144	507	278
LLLN01000081.1	NC_009656.1	98.929	4369209	4368930	280	1	280	1.77e-142	501	277
LLLN01000083.1	NC_009656.1	100.000	2824636	2824898	263	1	263	4.62e-138	486	263
LLLN01000083.1	NC_009656.1	100.000	2826399	2826661	263	1	263	4.62e-138	486	263
LLLN01000083.1	NC_009656.1	99.620	2811785	2812047	263	1	263	2.15e-136	481	262
LLLN01000083.1	NC_009656.1	99.620	2828220	2828482	263	1	263	2.15e-136	481	262
LLLN01000084.1	NC_009656.1	100.000	812053	812299	247	1	247	3.38e-129	457	247
LLLN01000084.1	NC_009656.1	100.000	6353664	6353418	247	1	247	3.38e-129	457	247
LLLN01000084.1	NC_009656.1	99.595	5566428	5566182	247	1	247	1.57e-127	451	246
LLLN01000084.1	NC_009656.1	99.187	4983112	4982868	246	1	246	9.47e-125	442	244
LLLN01000085.1	NC_009656.1	100.000	5104000	5104244	245	1	245	4.34e-128	453	245
LLLN01000085.1	NC_009656.1	100.000	5411965	5411721	245	1	245	4.34e-128	453	245
LLLN01000085.1	NC_009656.1	99.592	5285169	5284925	245	1	245	2.02e-126	448	244
LLLN01000085.1	NC_009656.1	99.592	6119981	6120225	245	1	245	2.02e-126	448	244
LLLN01000086.1	NC_009656.1	100.000	2887468	2887229	240	1	240	2.55e-125	444	240
LLLN01000086.1	NC_009656.1	100.000	4369755	4369994	240	1	240	2.55e-125	444	240
LLLN01000086.1	NC_009656.1	100.000	2430178	2430416	239	1	239	9.18e-125	442	239
LLLN01000086.1	NC_009656.1	100.000	2538618	2538380	239	1	239	9.18e-125	442	239
LLLN01000086.1	NC_009656.1	99.582	4563025	4563263	239	1	239	4.27e-123	436	238
LLLN01000086.1	NC_009656.1	99.582	4925634	4925396	239	1	239	4.27e-123	436	238
LLLN01000086.1	NC_009656.1	98.182	6228674	6228620	55	186	240	8.23e-21	97.1	54
LLLN01000087.1	NC_009656.1	99.995	4562771	4369756	193016	1	193009	0.0	3.564e+05	193006
LLLN01000087.1	NC_009656.1	99.685	2429924	2429608	317	1	317	1.64e-163	580	316
LLLN01000087.1	NC_009656.1	99.685	2538872	2539188	317	1	317	1.64e-163	580	316
LLLN01000087.1	NC_009656.1	99.685	2887722	2888038	317	1	317	1.64e-163	580	316
LLLN01000087.1	NC_009656.1	99.685	4369501	4369185	317	1	317	1.64e-163	580	316
LLLN01000087.1	NC_009656.1	99.685	4925888	4926204	317	1	317	1.64e-163	580	316
LLLN01000087.1	NC_009656.1	99.369	4825778	4826094	317	1	317	7.64e-162	575	315
LLLN01000087.1	NC_009656.1	98.413	2887217	2887467	252	192759	193009	8.08e-122	442	248
LLLN01000087.1	NC_009656.1	100.000	2430416	2430179	238	192772	193009	2.91e-121	440	238
LLLN01000087.1	NC_009656.1	100.000	2538380	2538617	238	192772	193009	2.91e-121	440	238
LLLN01000087.1	NC_009656.1	98.780	4925389	4925633	246	192765	193009	3.76e-120	436	243
LLLN01000087.1	NC_009656.1	99.580	4563263	4563026	238	192772	193009	1.35e-119	435	237
LLLN01000087.1	NC_009656.1	98.182	6228620	6228674	55	192771	192825	7.25e-18	97.1	54
LLLN01000087.1	NC_009656.1	100.000	5186921	5186893	29	119591	119619	4.43e-05	54.7	29
