NZ_CAADMI010000001.1	NC_009656.1	100.000	1038095	1038123	29	17587	17615	4.80e-06	54.7	29
NZ_CAADMI010000012.1	NC_009656.1	100.000	509810	509837	28	14088	14115	1.48e-05	52.8	28
NZ_CAADMI010000015.1	NC_009656.1	100.000	103479	103451	29	4850	4878	4.29e-06	54.7	29
NZ_CAADMI010000017.1	NC_009656.1	100.000	4367247	4367277	31	320	350	3.33e-07	58.4	31
NZ_CAADMI010000020.1	NC_009656.1	98.118	644296	637391	6906	1	6906	0.0	12033	6776
NZ_CAADMI010000026.1	NC_009656.1	100.000	6397298	6397271	28	2470	2497	9.59e-06	52.8	28
NZ_CAADMI010000027.1	NC_009656.1	100.000	2635979	2635945	35	13948	13982	1.48e-09	65.8	35
NZ_CAADMI010000027.1	NC_009656.1	100.000	2390670	2390638	33	13950	13982	1.91e-08	62.1	33
NZ_CAADMI010000039.1	NC_009656.1	100.000	1985076	2000444	15369	1	15369	0.0	28382	15369
NZ_CAADMI010000040.1	NC_009656.1	100.000	1203622	1203654	33	10730	10762	1.94e-08	62.1	33
NZ_CAADMI010000045.1	NC_009656.1	100.000	2370383	2370356	28	1865	1892	1.54e-06	52.8	28
NZ_CAADMI010000047.1	NC_009656.1	98.073	314200	319078	4879	5596	10474	0.0	8490	4785
NZ_CAADMI010000050.1	NC_009656.1	100.000	2038208	2038237	30	16161	16190	1.03e-06	56.5	30
NZ_CAADMI010000050.1	NC_009656.1	100.000	2038500	2038528	29	16162	16190	3.71e-06	54.7	29
NZ_CAADMI010000055.1	NC_009656.1	98.072	3014122	3009666	4461	7414	11873	0.0	7757	4375
NZ_CAADMI010000057.1	NC_009656.1	98.485	4150354	4150289	66	6125	6190	9.91e-25	117	65
NZ_CAADMI010000058.1	NC_009656.1	100.000	4728105	4728076	30	4826	4855	3.08e-07	56.5	30
NZ_CAADMI010000059.1	NC_009656.1	100.000	4728212	4728240	29	15150	15178	3.48e-06	54.7	29
NZ_CAADMI010000061.1	NC_009656.1	100.000	6298926	6298955	30	1	30	7.13e-07	56.5	30
NZ_CAADMI010000066.1	NC_009656.1	98.369	3001889	2993121	8770	1	8770	0.0	15402	8627
NZ_CAADMI010000069.1	NC_009656.1	100.000	1204650	1204622	29	9247	9275	2.12e-06	54.7	29
NZ_CAADMI010000069.1	NC_009656.1	100.000	1204770	1204742	29	9247	9275	2.12e-06	54.7	29
NZ_CAADMI010000069.1	NC_009656.1	100.000	1204589	1204562	28	9248	9275	7.63e-06	52.8	28
NZ_CAADMI010000073.1	NC_009656.1	100.000	1262302	1262272	31	11670	11700	2.07e-07	58.4	31
NZ_CAADMI010000075.1	NC_009656.1	100.000	3725269	3725240	30	1	30	7.89e-07	56.5	30
NZ_CAADMI010000078.1	NC_009656.1	100.000	4883962	4883991	30	18407	18436	1.17e-06	56.5	30
NZ_CAADMI010000083.1	NC_009656.1	100.000	5325827	5325799	29	34411	34439	7.89e-06	54.7	29
NZ_CAADMI010000094.1	NC_009656.1	100.000	1254839	1254873	35	4878	4912	5.18e-10	65.8	35
NZ_CAADMI010000094.1	NC_009656.1	100.000	2768330	2768302	29	1	29	1.12e-06	54.7	29
NZ_CAADMI010000102.1	NC_009656.1	100.000	1181161	1181196	36	3207	3242	2.08e-10	67.6	36
NZ_CAADMI010000103.1	NC_009656.1	100.000	2888465	2888436	30	21967	21996	1.40e-06	56.5	30
NZ_CAADMI010000103.1	NC_009656.1	100.000	4368758	4368787	30	21967	21996	1.40e-06	56.5	30
NZ_CAADMI010000103.1	NC_009656.1	100.000	4826521	4826492	30	21967	21996	1.40e-06	56.5	30
NZ_CAADMI010000103.1	NC_009656.1	100.000	4926632	4926603	30	21967	21996	1.40e-06	56.5	30
NZ_CAADMI010000105.1	NC_009656.1	100.000	3631481	3631511	31	1	31	9.59e-07	58.4	31
NZ_CAADMI010000106.1	NC_009656.1	100.000	5587599	5587627	29	5694	5722	1.31e-06	54.7	29
NZ_CAADMI010000108.1	NC_009656.1	100.000	454850	454882	33	483	515	1.44e-08	62.1	33
NZ_CAADMI010000120.1	NC_009656.1	100.000	1730800	1730772	29	9301	9329	2.13e-06	54.7	29
NZ_CAADMI010000123.1	NC_009656.1	98.441	495143	492579	2565	2	2566	0.0	4516	2525
NZ_CAADMI010000133.1	NC_009656.1	98.224	2541430	2549873	8446	1	8444	0.0	14763	8296
NZ_CAADMI010000134.1	NC_009656.1	100.000	6056765	6056792	28	2	29	1.49e-06	52.8	28
NZ_CAADMI010000134.1	NC_009656.1	100.000	6498287	6498314	28	2	29	1.49e-06	52.8	28
NZ_CAADMI010000158.1	NC_009656.1	100.000	2029239	2015910	13330	1	13330	0.0	24616	13330
NZ_CAADMI010000162.1	NC_009656.1	100.000	6520030	6520058	29	23363	23391	5.36e-06	54.7	29
NZ_CAADMI010000168.1	NC_009656.1	100.000	2321525	2321497	29	4224	4252	1.77e-06	54.7	29
NZ_CAADMI010000170.1	NC_009656.1	100.000	5270194	5270166	29	2	30	3.91e-06	54.7	29
NZ_CAADMI010000170.1	NC_009656.1	100.000	1763507	1763480	28	4	31	1.41e-05	52.8	28
NZ_CAADMI010000172.1	NC_009656.1	100.000	1254852	1254881	30	1	30	4.17e-07	56.5	30
NZ_CAADMI010000184.1	NC_009656.1	100.000	1890531	1890503	29	2	30	7.20e-07	54.7	29
NZ_CAADMI010000188.1	NC_009656.1	100.000	1567269	1567298	30	4826	4855	3.08e-07	56.5	30
NZ_CAADMI010000195.1	NC_009656.1	98.164	4835927	4829830	6099	9432	15528	0.0	10639	5987
NZ_CAADMI010000198.1	NC_009656.1	100.000	5305947	5306029	83	6501	6583	4.86e-36	154	83
NZ_CAADMI010000198.1	NC_009656.1	100.000	5110422	5110450	29	6467	6495	5.07e-06	54.7	29
NZ_CAADMI010000198.1	NC_009656.1	100.000	3583954	3583927	28	6468	6495	1.82e-05	52.8	28
NZ_CAADMI010000200.1	NC_009656.1	100.000	1054770	1054733	38	1	38	1.36e-11	71.3	38
NZ_CAADMI010000210.1	NC_009656.1	100.000	3226355	3226384	30	21809	21838	2.80e-06	56.5	30
NZ_CAADMI010000221.1	NC_009656.1	98.153	539129	540805	1678	3	1679	0.0	2926	1647
NZ_CAADMI010000229.1	NC_009656.1	100.000	6526479	6526508	30	1728	1757	1.11e-07	56.5	30
NZ_CAADMI010000237.1	NC_009656.1	100.000	2888466	2888436	31	8272	8302	1.47e-07	58.4	31
NZ_CAADMI010000237.1	NC_009656.1	100.000	352232	352261	30	1	30	5.28e-07	56.5	30
NZ_CAADMI010000237.1	NC_009656.1	100.000	4926632	4926603	30	8273	8302	5.28e-07	56.5	30
NZ_CAADMI010000239.1	NC_009656.1	100.000	5831055	5831026	30	1	30	1.43e-06	56.5	30
NZ_CAADMI010000243.1	NC_009656.1	100.000	3892265	3892237	29	4163	4191	2.47e-06	54.7	29
NZ_CAADMI010000265.1	NC_009656.1	100.000	5270177	5270206	30	1	30	3.82e-07	56.5	30
NZ_CAADMI010000266.1	NC_009656.1	100.000	2359776	2359743	34	10390	10423	3.96e-09	63.9	34
NZ_CAADMI010000280.1	NC_009656.1	100.000	1613978	1613945	34	14	47	2.23e-09	63.9	34
NZ_CAADMI010000303.1	NC_009656.1	98.059	822161	830250	8090	1	8090	0.0	14070	7933
NZ_CAADMI010000307.1	NC_009656.1	100.000	1706201	1706230	30	5422	5451	3.46e-07	56.5	30
NZ_CAADMI010000315.1	NC_009656.1	100.000	1934681	1934652	30	746	775	4.80e-08	56.5	30
NZ_CAADMI010000319.1	NC_009656.1	100.000	2370349	2370378	30	1	30	1.17e-06	56.5	30
NZ_CAADMI010000319.1	NC_009656.1	100.000	3583926	3583955	30	1	30	1.17e-06	56.5	30
NZ_CAADMI010000319.1	NC_009656.1	100.000	5326191	5326162	30	1	30	1.17e-06	56.5	30
NZ_CAADMI010000319.1	NC_009656.1	100.000	5110450	5110423	28	2	29	1.51e-05	52.8	28
NZ_CAADMI010000319.1	NC_009656.1	100.000	5295054	5295027	28	2	29	1.51e-05	52.8	28
NZ_CAADMI010000321.1	NC_009656.1	98.485	431430	431957	528	1	528	0.0	931	520
NZ_CAADMI010000323.1	NC_009656.1	98.319	1593483	1593601	119	2342	2460	1.27e-53	209	117
NZ_CAADMI010000324.1	NC_009656.1	100.000	2078354	2078326	29	11449	11477	2.63e-06	54.7	29
NZ_CAADMI010000326.1	NC_009656.1	98.053	848771	834701	14075	1	14072	0.0	24467	13801
NZ_CAADMI010000327.1	NC_009656.1	100.000	377668	377639	30	7676	7705	6.64e-07	56.5	30
NZ_CAADMI010000332.1	NC_009656.1	100.000	1934655	1934683	29	4	32	1.59e-06	54.7	29
NZ_CAADMI010000343.1	NC_009656.1	100.000	2370383	2370356	28	3790	3817	3.13e-06	52.8	28
NZ_CAADMI010000344.1	NC_009656.1	100.000	2390591	2390620	30	6938	6967	4.43e-07	56.5	30
NZ_CAADMI010000344.1	NC_009656.1	100.000	2390752	2390780	29	6939	6967	1.59e-06	54.7	29
NZ_CAADMI010000349.1	NC_009656.1	100.000	857764	857792	29	6000	6028	1.71e-06	54.7	29
NZ_CAADMI010000350.1	NC_009656.1	98.192	4858303	4852059	6250	4191	10440	0.0	10911	6137
NZ_CAADMI010000352.1	NC_009656.1	98.188	1728478	1727872	607	1	607	0.0	1061	596
NZ_CAADMI010000374.1	NC_009656.1	100.000	207193	207158	36	2681	2716	1.92e-10	67.6	36
NZ_CAADMI010000374.1	NC_009656.1	100.000	4275878	4275848	31	2683	2713	1.16e-07	58.4	31
NZ_CAADMI010000375.1	NC_009656.1	99.110	6231110	6230776	337	15491	15827	7.98e-172	604	334
NZ_CAADMI010000381.1	NC_009656.1	99.898	811076	812056	981	1	981	0.0	1807	980
NZ_CAADMI010000381.1	NC_009656.1	99.898	4984089	4983109	981	1	981	0.0	1807	980
NZ_CAADMI010000381.1	NC_009656.1	99.898	5567405	5566425	981	1	981	0.0	1807	980
NZ_CAADMI010000381.1	NC_009656.1	99.796	6354641	6353661	981	1	981	0.0	1801	979
NZ_CAADMI010000402.1	NC_009656.1	98.037	5753094	5756303	3210	1	3210	0.0	5579	3147
NZ_CAADMI010000402.1	NC_009656.1	100.000	1009486	1009457	30	682	711	2.03e-07	56.5	30
NZ_CAADMI010000402.1	NC_009656.1	100.000	6517410	6517439	30	1	30	2.03e-07	56.5	30
NZ_CAADMI010000405.1	NC_009656.1	98.224	1975112	1985074	9967	1	9965	0.0	17420	9790
NZ_CAADMI010000405.1	NC_009656.1	100.000	3038656	3038685	30	1	30	6.34e-07	56.5	30
NZ_CAADMI010000406.1	NC_009656.1	100.000	5089633	5089662	30	9091	9120	5.80e-07	56.5	30
NZ_CAADMI010000406.1	NC_009656.1	100.000	2359743	2359770	28	9093	9120	7.50e-06	52.8	28
NZ_CAADMI010000415.1	NC_009656.1	100.000	533621	533592	30	1	30	5.44e-07	56.5	30
NZ_CAADMI010000421.1	NC_009656.1	98.091	481626	478431	3196	993	4188	0.0	5565	3135
NZ_CAADMI010000421.1	NC_009656.1	100.000	1791580	1791551	30	4159	4188	2.65e-07	56.5	30
NZ_CAADMI010000422.1	NC_009656.1	100.000	3927006	3926978	29	1554	1582	1.11e-06	54.7	29
NZ_CAADMI010000430.1	NC_009656.1	100.000	5838963	5838935	29	848	876	6.42e-07	54.7	29
NZ_CAADMI010000435.1	NC_009656.1	98.246	2520330	2520274	57	1	57	1.49e-20	100	56
NZ_CAADMI010000436.1	NC_009656.1	100.000	5753094	5753123	30	1	30	2.69e-07	56.5	30
NZ_CAADMI010000444.1	NC_009656.1	100.000	566112	566141	30	6126	6155	3.91e-07	56.5	30
NZ_CAADMI010000453.1	NC_009656.1	100.000	3189883	3189912	30	1	30	4.89e-07	56.5	30
NZ_CAADMI010000457.1	NC_009656.1	100.000	352256	352228	29	1	29	3.04e-06	54.7	29
NZ_CAADMI010000457.1	NC_009656.1	100.000	2430416	2430388	29	13260	13288	3.04e-06	54.7	29
NZ_CAADMI010000457.1	NC_009656.1	100.000	2538380	2538408	29	13260	13288	3.04e-06	54.7	29
NZ_CAADMI010000457.1	NC_009656.1	100.000	4369993	4369965	29	13260	13288	3.04e-06	54.7	29
NZ_CAADMI010000457.1	NC_009656.1	100.000	4563263	4563235	29	13260	13288	3.04e-06	54.7	29
NZ_CAADMI010000457.1	NC_009656.1	100.000	6228621	6228649	29	13260	13288	3.04e-06	54.7	29
NZ_CAADMI010000464.1	NC_009656.1	98.073	397222	400179	2958	1	2958	0.0	5147	2901
NZ_CAADMI010000465.1	NC_009656.1	98.572	400151	401901	1751	1	1751	0.0	3096	1726
NZ_CAADMI010000468.1	NC_009656.1	100.000	5587627	5587600	28	3	30	8.45e-06	52.8	28
NZ_CAADMI010000469.1	NC_009656.1	100.000	4223434	4223463	30	1	30	4.94e-07	56.5	30
NZ_CAADMI010000470.1	NC_009656.1	99.861	6267452	6260273	7181	4522	11702	0.0	13204	7171
NZ_CAADMI010000480.1	NC_009656.1	100.000	2015886	2002653	13234	1	13234	0.0	24439	13234
NZ_CAADMI010000480.1	NC_009656.1	100.000	2002653	2002682	30	13205	13234	8.42e-07	56.5	30
NZ_CAADMI010000483.1	NC_009656.1	98.860	477320	478459	1140	1	1140	0.0	2034	1127
NZ_CAADMI010000485.1	NC_009656.1	100.000	1255211	1255182	30	1	30	9.85e-08	56.5	30
NZ_CAADMI010000487.1	NC_009656.1	100.000	1193342	1193369	28	3	30	5.10e-06	52.8	28
NZ_CAADMI010000492.1	NC_009656.1	98.351	2319691	2321994	2304	1	2304	0.0	4045	2266
NZ_CAADMI010000492.1	NC_009656.1	100.000	3387642	3387614	29	1807	1835	1.56e-06	54.7	29
NZ_CAADMI010000494.1	NC_009656.1	98.189	3967687	3966418	1270	1	1269	0.0	2217	1247
NZ_CAADMI010000495.1	NC_009656.1	100.000	394000	393971	30	9087	9116	5.80e-07	56.5	30
NZ_CAADMI010000496.1	NC_009656.1	98.361	218124	216112	2013	1	2013	0.0	3535	1980
NZ_CAADMI010000507.1	NC_009656.1	100.000	4659312	4659340	29	2737	2765	6.29e-07	54.7	29
NZ_CAADMI010000511.1	NC_009656.1	98.128	3008777	3009684	908	6	913	0.0	1583	891
NZ_CAADMI010000512.1	NC_009656.1	98.046	4182620	4180114	2508	1	2508	0.0	4359	2459
NZ_CAADMI010000515.1	NC_009656.1	98.021	1746578	1745922	657	1	657	0.0	1142	644
NZ_CAADMI010000520.1	NC_009656.1	100.000	3583958	3583926	33	7760	7792	1.06e-08	62.1	33
NZ_CAADMI010000520.1	NC_009656.1	100.000	2370378	2370349	30	7763	7792	4.95e-07	56.5	30
NZ_CAADMI010000520.1	NC_009656.1	100.000	5326162	5326191	30	7763	7792	4.95e-07	56.5	30
NZ_CAADMI010000520.1	NC_009656.1	100.000	5110423	5110450	28	7764	7791	6.41e-06	52.8	28
NZ_CAADMI010000520.1	NC_009656.1	100.000	5295027	5295054	28	7764	7791	6.41e-06	52.8	28
NZ_CAADMI010000539.1	NC_009656.1	100.000	2993115	2993144	30	1	30	7.74e-07	56.5	30
NZ_CAADMI010000539.1	NC_009656.1	100.000	6056768	6056797	30	1	30	7.74e-07	56.5	30
NZ_CAADMI010000540.1	NC_009656.1	100.000	5674245	5674214	32	1378	1409	1.77e-08	60.2	32
NZ_CAADMI010000548.1	NC_009656.1	99.063	810252	806748	3522	1	3522	0.0	6305	3489
NZ_CAADMI010000548.1	NC_009656.1	99.063	5568229	5571733	3522	1	3522	0.0	6305	3489
NZ_CAADMI010000548.1	NC_009656.1	99.035	4984913	4988417	3522	1	3522	0.0	6300	3488
NZ_CAADMI010000548.1	NC_009656.1	99.035	6355465	6358969	3522	1	3522	0.0	6300	3488
NZ_CAADMI010000562.1	NC_009656.1	100.000	5325779	5325750	30	1	30	1.08e-07	56.5	30
NZ_CAADMI010000570.1	NC_009656.1	100.000	3136043	3136014	30	3662	3691	2.34e-07	56.5	30
NZ_CAADMI010000579.1	NC_009656.1	98.847	2991308	2990702	607	1	607	0.0	1083	600
NZ_CAADMI010000580.1	NC_009656.1	98.542	2988467	2990730	2264	1	2264	0.0	3999	2231
NZ_CAADMI010000586.1	NC_009656.1	100.000	251390	251363	28	5552	5579	4.58e-06	52.8	28
NZ_CAADMI010000591.1	NC_009656.1	98.251	583543	584571	1029	1	1029	0.0	1801	1011
NZ_CAADMI010000592.1	NC_009656.1	100.000	2299145	2299173	29	6025	6053	1.38e-06	54.7	29
NZ_CAADMI010000596.1	NC_009656.1	100.000	630150	630183	34	4571	4604	1.88e-09	63.9	34
NZ_CAADMI010000600.1	NC_009656.1	100.000	879007	879036	30	1	30	1.33e-07	56.5	30
NZ_CAADMI010000600.1	NC_009656.1	100.000	1054742	1054771	30	1	30	1.33e-07	56.5	30
NZ_CAADMI010000605.1	NC_009656.1	98.138	822080	816442	5639	1	5639	0.0	9832	5534
NZ_CAADMI010000606.1	NC_009656.1	98.047	2520269	2511941	8345	533	8872	0.0	14488	8182
NZ_CAADMI010000610.1	NC_009656.1	100.000	2002682	2000415	2268	1	2268	0.0	4189	2268
NZ_CAADMI010000610.1	NC_009656.1	100.000	2002653	2002682	30	1	30	1.43e-07	56.5	30
NZ_CAADMI010000612.1	NC_009656.1	100.000	21361	21334	28	7766	7793	1.39e-05	52.8	28
NZ_CAADMI010000613.1	NC_009656.1	100.000	2359743	2359772	30	1	30	8.57e-07	56.5	30
NZ_CAADMI010000613.1	NC_009656.1	100.000	5089635	5089664	30	1	30	8.57e-07	56.5	30
NZ_CAADMI010000627.1	NC_009656.1	100.000	2176467	2176434	34	13	46	8.61e-10	63.9	34
NZ_CAADMI010000630.1	NC_009656.1	98.059	497788	495163	2628	2	2628	0.0	4567	2577
NZ_CAADMI010000635.1	NC_009656.1	100.000	5782615	5782646	32	2269	2300	2.65e-08	60.2	32
NZ_CAADMI010000639.1	NC_009656.1	99.759	3172451	3162507	9945	1	9944	0.0	18231	9921
NZ_CAADMI010000640.1	NC_009656.1	100.000	3794381	3794409	29	6736	6764	2.33e-06	54.7	29
NZ_CAADMI010000641.1	NC_009656.1	98.785	2766603	2768331	1729	1	1729	0.0	3077	1708
NZ_CAADMI010000641.1	NC_009656.1	100.000	540816	540787	30	1700	1729	1.09e-07	56.5	30
NZ_CAADMI010000649.1	NC_009656.1	98.173	831053	831873	821	2	822	0.0	1434	806
NZ_CAADMI010000650.1	NC_009656.1	100.000	4826522	4826495	28	13911	13938	1.15e-05	52.8	28
NZ_CAADMI010000650.1	NC_009656.1	100.000	4926633	4926606	28	13911	13938	1.15e-05	52.8	28
NZ_CAADMI010000651.1	NC_009656.1	99.867	116354	111843	4512	3695	8206	0.0	8299	4506
NZ_CAADMI010000655.1	NC_009656.1	100.000	3934817	3934846	30	1021	1050	6.55e-08	56.5	30
NZ_CAADMI010000655.1	NC_009656.1	100.000	3934893	3934922	30	1	30	6.55e-08	56.5	30
NZ_CAADMI010000658.1	NC_009656.1	98.968	292178	294406	2229	2	2230	0.0	3989	2206
NZ_CAADMI010000675.1	NC_009656.1	100.000	3009658	3009687	30	1381	1410	8.85e-08	56.5	30
NZ_CAADMI010000679.1	NC_009656.1	98.787	292182	291441	742	1	741	0.0	1319	733
NZ_CAADMI010000680.1	NC_009656.1	98.727	2318777	2319719	943	1	943	0.0	1676	931
NZ_CAADMI010000682.1	NC_009656.1	100.000	2917918	2917956	39	1601	1639	1.63e-12	73.1	39
NZ_CAADMI010000683.1	NC_009656.1	100.000	2813014	2813043	30	1105	1134	7.08e-08	56.5	30
NZ_CAADMI010000683.1	NC_009656.1	100.000	2831141	2831169	29	1106	1134	2.55e-07	54.7	29
NZ_CAADMI010000684.1	NC_009656.1	98.478	489610	492100	2497	1	2496	0.0	4394	2459
NZ_CAADMI010000685.1	NC_009656.1	99.245	492079	492608	530	1	530	0.0	957	526
NZ_CAADMI010000691.1	NC_009656.1	100.000	3737626	3737655	30	1	30	6.06e-08	56.5	30
NZ_CAADMI010000697.1	NC_009656.1	100.000	1073829	1073856	28	728	755	1.47e-06	52.8	28
NZ_CAADMI010000699.1	NC_009656.1	100.000	3400305	3400277	29	866	894	2.00e-07	54.7	29
NZ_CAADMI010000704.1	NC_009656.1	100.000	5325971	5326000	30	1	30	5.63e-07	56.5	30
NZ_CAADMI010000710.1	NC_009656.1	100.000	1730768	1730799	32	1453	1484	7.20e-09	60.2	32
NZ_CAADMI010000713.1	NC_009656.1	98.655	2991281	2993064	1785	1	1785	0.0	3162	1761
NZ_CAADMI010000717.1	NC_009656.1	100.000	2572799	2572828	30	917	946	5.89e-08	56.5	30
NZ_CAADMI010000719.1	NC_009656.1	100.000	878961	878990	30	1	30	4.58e-07	56.5	30
NZ_CAADMI010000719.1	NC_009656.1	100.000	1593803	1593776	28	1	28	5.92e-06	52.8	28
NZ_CAADMI010000719.1	NC_009656.1	100.000	2717945	2717918	28	1	28	5.92e-06	52.8	28
NZ_CAADMI010000719.1	NC_009656.1	100.000	2889340	2889313	28	1	28	5.92e-06	52.8	28
NZ_CAADMI010000738.1	NC_009656.1	100.000	2343610	2343639	30	1	30	1.13e-07	56.5	30
NZ_CAADMI010000739.1	NC_009656.1	100.000	5270197	5270168	30	1	30	3.79e-08	56.5	30
NZ_CAADMI010000740.1	NC_009656.1	100.000	5089631	5089660	30	3440	3469	2.20e-07	56.5	30
NZ_CAADMI010000744.1	NC_009656.1	100.000	1558048	1558077	30	1	30	8.79e-08	56.5	30
NZ_CAADMI010000744.1	NC_009656.1	100.000	5798839	5798868	30	1186	1215	8.79e-08	56.5	30
NZ_CAADMI010000756.1	NC_009656.1	100.000	381421	381450	30	1	30	2.23e-07	56.5	30
NZ_CAADMI010000758.1	NC_009656.1	100.000	537623	537655	33	1337	1369	3.14e-09	62.1	33
NZ_CAADMI010000765.1	NC_009656.1	100.000	2038287	2038258	30	2148	2177	1.37e-07	56.5	30
NZ_CAADMI010000768.1	NC_009656.1	100.000	5397323	5397294	30	1	30	1.45e-07	56.5	30
NZ_CAADMI010000769.1	NC_009656.1	100.000	941385	941358	28	1012	1039	8.39e-07	52.8	28
NZ_CAADMI010000769.1	NC_009656.1	100.000	1088056	1088029	28	1012	1039	8.39e-07	52.8	28
NZ_CAADMI010000769.1	NC_009656.1	100.000	5609813	5609786	28	1012	1039	8.39e-07	52.8	28
NZ_CAADMI010000769.1	NC_009656.1	100.000	6056792	6056765	28	1012	1039	8.39e-07	52.8	28
NZ_CAADMI010000769.1	NC_009656.1	100.000	6498314	6498287	28	1012	1039	8.39e-07	52.8	28
NZ_CAADMI010000772.1	NC_009656.1	100.000	879012	879041	30	1	30	2.74e-07	56.5	30
NZ_CAADMI010000782.1	NC_009656.1	98.321	938678	938024	655	1	655	0.0	1149	644
NZ_CAADMI010000788.1	NC_009656.1	100.000	352256	352228	29	1	29	2.39e-07	54.7	29
NZ_CAADMI010000795.1	NC_009656.1	100.000	4925423	4925395	29	1	29	5.75e-07	54.7	29
NZ_CAADMI010000795.1	NC_009656.1	100.000	2430389	2430416	28	1	28	2.07e-06	52.8	28
NZ_CAADMI010000795.1	NC_009656.1	100.000	2887257	2887230	28	1	28	2.07e-06	52.8	28
NZ_CAADMI010000795.1	NC_009656.1	100.000	4369966	4369993	28	1	28	2.07e-06	52.8	28
NZ_CAADMI010000795.1	NC_009656.1	100.000	4563236	4563263	28	1	28	2.07e-06	52.8	28
NZ_CAADMI010000795.1	NC_009656.1	100.000	4825313	4825286	28	1	28	2.07e-06	52.8	28
NZ_CAADMI010000795.1	NC_009656.1	100.000	6228648	6228621	28	1	28	2.07e-06	52.8	28
NZ_CAADMI010000796.1	NC_009656.1	98.048	1358933	1361032	2100	1	2100	0.0	3651	2059
NZ_CAADMI010000812.1	NC_009656.1	100.000	810802	810254	549	1	549	0.0	1014	549
NZ_CAADMI010000812.1	NC_009656.1	100.000	4984363	4984911	549	1	549	0.0	1014	549
NZ_CAADMI010000812.1	NC_009656.1	100.000	5567679	5568227	549	1	549	0.0	1014	549
NZ_CAADMI010000812.1	NC_009656.1	100.000	6354915	6355463	549	1	549	0.0	1014	549
NZ_CAADMI010000820.1	NC_009656.1	100.000	5054936	5054908	29	573	601	1.33e-07	54.7	29
NZ_CAADMI010000825.1	NC_009656.1	100.000	4278405	4278434	30	1	30	9.92e-07	56.5	30
NZ_CAADMI010000844.1	NC_009656.1	98.740	2884042	2883408	635	1423	2057	0.0	1129	627
NZ_CAADMI010000844.1	NC_009656.1	100.000	1204650	1204621	30	1	30	1.30e-07	56.5	30
NZ_CAADMI010000844.1	NC_009656.1	100.000	1204770	1204741	30	1	30	1.30e-07	56.5	30
NZ_CAADMI010000844.1	NC_009656.1	100.000	2887144	2887115	30	1	30	1.30e-07	56.5	30
NZ_CAADMI010000844.1	NC_009656.1	100.000	1204589	1204561	29	2	30	4.66e-07	54.7	29
NZ_CAADMI010000844.1	NC_009656.1	100.000	2887022	2886994	29	3	31	4.66e-07	54.7	29
NZ_CAADMI010000844.1	NC_009656.1	100.000	2887082	2887054	29	3	31	4.66e-07	54.7	29
NZ_CAADMI010000844.1	NC_009656.1	100.000	1204828	1204801	28	3	30	1.68e-06	52.8	28
NZ_CAADMI010000844.1	NC_009656.1	100.000	2887202	2887175	28	3	30	1.68e-06	52.8	28
NZ_CAADMI010000853.1	NC_009656.1	100.000	2497689	2497716	28	751	778	3.01e-06	52.8	28
NZ_CAADMI010000857.1	NC_009656.1	100.000	4563265	4563234	32	23077	23108	1.14e-07	60.2	32
NZ_CAADMI010000857.1	NC_009656.1	100.000	2538379	2538409	31	23078	23108	4.09e-07	58.4	31
NZ_CAADMI010000857.1	NC_009656.1	100.000	2430416	2430387	30	23079	23108	1.47e-06	56.5	30
NZ_CAADMI010000857.1	NC_009656.1	100.000	2887230	2887259	30	23079	23108	1.47e-06	56.5	30
NZ_CAADMI010000857.1	NC_009656.1	100.000	4369993	4369964	30	23079	23108	1.47e-06	56.5	30
NZ_CAADMI010000857.1	NC_009656.1	100.000	4825286	4825315	30	23079	23108	1.47e-06	56.5	30
NZ_CAADMI010000857.1	NC_009656.1	100.000	4925396	4925425	30	23079	23108	1.47e-06	56.5	30
NZ_CAADMI010000857.1	NC_009656.1	100.000	6228621	6228650	30	23079	23108	1.47e-06	56.5	30
NZ_CAADMI010000860.1	NC_009656.1	99.088	662855	663951	1097	1	1096	0.0	1969	1087
NZ_CAADMI010000860.1	NC_009656.1	100.000	3583955	3583926	30	1	30	6.84e-08	56.5	30
NZ_CAADMI010000860.1	NC_009656.1	100.000	5110423	5110450	28	2	29	8.85e-07	52.8	28
NZ_CAADMI010000864.1	NC_009656.1	98.787	3023262	3021944	1319	1	1319	0.0	2348	1303
NZ_CAADMI010000873.1	NC_009656.1	100.000	3793894	3793865	30	1851	1880	1.18e-07	56.5	30
NZ_CAADMI010000873.1	NC_009656.1	100.000	1730800	1730772	29	2	30	4.26e-07	54.7	29
NZ_CAADMI010000876.1	NC_009656.1	100.000	879035	879006	30	1	30	2.61e-07	56.5	30
NZ_CAADMI010000879.1	NC_009656.1	98.821	2978944	2973430	5515	2	5516	0.0	9825	5450
NZ_CAADMI010000889.1	NC_009656.1	98.265	5756274	5758867	2594	1	2588	0.0	4536	2549
NZ_CAADMI010000890.1	NC_009656.1	100.000	1791929	1791957	29	4921	4949	1.13e-06	54.7	29
NZ_CAADMI010000891.1	NC_009656.1	98.261	2882608	2883412	805	1	805	0.0	1410	791
NZ_CAADMI010000897.1	NC_009656.1	100.000	6228622	6228287	336	919	1254	6.17e-178	621	336
NZ_CAADMI010000912.1	NC_009656.1	100.000	1900375	1900404	30	1	30	2.44e-07	56.5	30
NZ_CAADMI010000912.1	NC_009656.1	100.000	6411405	6411434	30	3830	3859	2.44e-07	56.5	30
NZ_CAADMI010000915.1	NC_009656.1	98.776	1242136	1249485	7350	1	7350	0.0	13075	7260
NZ_CAADMI010000916.1	NC_009656.1	100.000	168582	168553	30	1333	1362	8.54e-08	56.5	30
NZ_CAADMI010000916.1	NC_009656.1	100.000	168588	168559	30	1333	1362	8.54e-08	56.5	30
NZ_CAADMI010000916.1	NC_009656.1	100.000	168594	168565	30	1333	1362	8.54e-08	56.5	30
NZ_CAADMI010000916.1	NC_009656.1	100.000	168600	168571	30	1333	1362	8.54e-08	56.5	30
NZ_CAADMI010000916.1	NC_009656.1	100.000	168606	168577	30	1333	1362	8.54e-08	56.5	30
NZ_CAADMI010000921.1	NC_009656.1	98.269	1745673	1745154	520	1	520	0.0	911	511
NZ_CAADMI010000924.1	NC_009656.1	100.000	3471854	3471885	32	1208	1239	6.00e-09	60.2	32
NZ_CAADMI010000924.1	NC_009656.1	100.000	5031135	5031107	29	1211	1239	2.79e-07	54.7	29
NZ_CAADMI010000930.1	NC_009656.1	100.000	2269243	2269271	29	2547	2575	5.85e-07	54.7	29
NZ_CAADMI010000940.1	NC_009656.1	98.884	3913506	3914848	1344	1	1344	0.0	2398	1329
NZ_CAADMI010000944.1	NC_009656.1	100.000	2768302	2768330	29	1834	1862	4.22e-07	54.7	29
NZ_CAADMI010000945.1	NC_009656.1	98.614	76101	75525	577	499	1075	0.0	1022	569
NZ_CAADMI010000951.1	NC_009656.1	100.000	3966418	3966447	30	1	30	5.97e-08	56.5	30
NZ_CAADMI010000957.1	NC_009656.1	100.000	3874022	3873989	34	690	723	2.67e-10	63.9	34
NZ_CAADMI010000958.1	NC_009656.1	99.805	3174290	3173267	1024	1	1024	0.0	1881	1022
NZ_CAADMI010000960.1	NC_009656.1	98.918	6229954	6230784	832	1	832	0.0	1485	823
NZ_CAADMI010000968.1	NC_009656.1	98.022	2809405	2810314	910	1	910	0.0	1581	892
NZ_CAADMI010000968.1	NC_009656.1	99.277	2822751	2823165	415	496	910	0.0	750	412
NZ_CAADMI010000968.1	NC_009656.1	98.095	2822667	2822771	105	1	105	2.49e-46	183	103
NZ_CAADMI010000983.1	NC_009656.1	100.000	540782	540811	30	1	30	4.00e-08	56.5	30
NZ_CAADMI010000989.1	NC_009656.1	98.138	5752369	5753120	752	1	752	0.0	1312	738
NZ_CAADMI010000989.1	NC_009656.1	100.000	5800091	5800062	30	723	752	4.65e-08	56.5	30
NZ_CAADMI010000989.1	NC_009656.1	100.000	6517407	6517436	30	723	752	4.65e-08	56.5	30
NZ_CAADMI010000994.1	NC_009656.1	98.479	218213	218738	526	1	526	0.0	928	518
NZ_CAADMI010000995.1	NC_009656.1	100.000	1593779	1593807	29	1	29	1.64e-07	54.7	29
NZ_CAADMI010000995.1	NC_009656.1	100.000	2889316	2889344	29	1	29	1.64e-07	54.7	29
NZ_CAADMI010000997.1	NC_009656.1	100.000	1890504	1890531	28	1	28	2.13e-06	52.8	28
NZ_CAADMI010001014.1	NC_009656.1	99.915	4598200	4597027	1174	1	1174	0.0	2163	1173
NZ_CAADMI010001015.1	NC_009656.1	100.000	4826495	4826522	28	1	28	3.46e-06	52.8	28
NZ_CAADMI010001015.1	NC_009656.1	100.000	4926606	4926633	28	1	28	3.46e-06	52.8	28
NZ_CAADMI010001025.1	NC_009656.1	99.096	5763036	5762373	664	1	664	0.0	1194	658
NZ_CAADMI010001028.1	NC_009656.1	100.000	2746739	2746768	30	1	30	6.24e-08	56.5	30
NZ_CAADMI010001029.1	NC_009656.1	99.510	833727	834542	816	1	816	0.0	1485	812
NZ_CAADMI010001045.1	NC_009656.1	100.000	2370381	2370352	30	1	30	5.00e-08	56.5	30
NZ_CAADMI010001046.1	NC_009656.1	99.618	833732	832947	786	3	786	0.0	1434	783
NZ_CAADMI010001046.1	NC_009656.1	98.387	816503	816442	62	725	786	3.68e-24	110	61
NZ_CAADMI010001050.1	NC_009656.1	100.000	2819329	2819293	37	678	714	6.32e-12	69.4	37
NZ_CAADMI010001052.1	NC_009656.1	99.861	3173141	3172424	718	1	718	0.0	1321	717
NZ_CAADMI010001056.1	NC_009656.1	100.000	2829749	2829716	34	623	656	2.41e-10	63.9	34
NZ_CAADMI010001056.1	NC_009656.1	100.000	56286	56254	33	624	656	8.68e-10	62.1	33
NZ_CAADMI010001056.1	NC_009656.1	100.000	2834565	2834533	33	624	656	8.68e-10	62.1	33
NZ_CAADMI010001056.1	NC_009656.1	100.000	2813018	2813047	30	627	656	4.04e-08	56.5	30
NZ_CAADMI010001056.1	NC_009656.1	100.000	2831144	2831173	30	627	656	4.04e-08	56.5	30
NZ_CAADMI010001066.1	NC_009656.1	98.332	4633130	4632172	959	23	981	0.0	1683	943
NZ_CAADMI010001068.1	NC_009656.1	100.000	4825315	4825284	32	1	32	6.25e-09	60.2	32
NZ_CAADMI010001068.1	NC_009656.1	100.000	2430387	2430417	31	1	31	2.25e-08	58.4	31
NZ_CAADMI010001068.1	NC_009656.1	100.000	2538409	2538380	30	1	30	8.09e-08	56.5	30
NZ_CAADMI010001068.1	NC_009656.1	100.000	4369964	4369993	30	1	30	8.09e-08	56.5	30
NZ_CAADMI010001068.1	NC_009656.1	100.000	4563234	4563263	30	1	30	8.09e-08	56.5	30
NZ_CAADMI010001068.1	NC_009656.1	100.000	4925425	4925396	30	1	30	8.09e-08	56.5	30
NZ_CAADMI010001068.1	NC_009656.1	100.000	6228650	6228621	30	1	30	8.09e-08	56.5	30
NZ_CAADMI010001070.1	NC_009656.1	100.000	2831170	2831141	30	1	30	4.75e-08	56.5	30
NZ_CAADMI010001071.1	NC_009656.1	100.000	1934654	1934683	30	1	30	4.80e-08	56.5	30
NZ_CAADMI010001071.1	NC_009656.1	100.000	5270194	5270165	30	2	31	4.80e-08	56.5	30
NZ_CAADMI010001072.1	NC_009656.1	100.000	6580599	6580569	31	604	634	1.56e-08	58.4	31
NZ_CAADMI010001077.1	NC_009656.1	99.118	2825775	2824869	907	256	1162	0.0	1631	899
NZ_CAADMI010001078.1	NC_009656.1	98.662	2811748	2810852	897	1	897	0.0	1591	885
NZ_CAADMI010001078.1	NC_009656.1	98.662	2824599	2823703	897	1	897	0.0	1591	885
NZ_CAADMI010001078.1	NC_009656.1	98.214	2826362	2826027	336	1	336	7.02e-168	588	330
NZ_CAADMI010001081.1	NC_009656.1	98.551	4635573	4635229	345	1	344	3.90e-174	608	340
NZ_CAADMI010001091.1	NC_009656.1	100.000	2813043	2813012	32	1	32	3.29e-09	60.2	32
NZ_CAADMI010001101.1	NC_009656.1	98.010	4582951	4583553	603	1	603	0.0	1048	591
NZ_CAADMI010001102.1	NC_009656.1	99.785	3175191	3174263	929	128	1056	0.0	1705	927
NZ_CAADMI010001102.1	NC_009656.1	100.000	3176557	3176518	40	98	137	1.82e-13	75.0	40
NZ_CAADMI010001102.1	NC_009656.1	100.000	3138631	3138595	37	64	100	8.46e-12	69.4	37
NZ_CAADMI010001106.1	NC_009656.1	99.703	4656350	4654665	1686	1	1686	0.0	3086	1681
NZ_CAADMI010001108.1	NC_009656.1	98.406	4582866	4582114	753	1	753	0.0	1325	741
NZ_CAADMI010001115.1	NC_009656.1	100.000	4595987	4595462	526	1	526	0.0	972	526
NZ_CAADMI010001119.1	NC_009656.1	99.602	4592951	4592450	502	1	502	0.0	917	500
NZ_CAADMI010001121.1	NC_009656.1	98.473	4644502	4643717	786	4	789	0.0	1386	774
NZ_CAADMI010001123.1	NC_009656.1	99.888	4598786	4600573	1788	1	1788	0.0	3291	1786
